1.000000e-06 5.834332e-03 1.166766e-02 3.307666e-05
1.166766e-02 1.750099e-02 2.333433e-02 2.827309e-04
2.333433e-02 2.916766e-02 3.500099e-02 7.478469e-04
3.500099e-02 4.083432e-02 4.666765e-02 1.397636e-03
4.666765e-02 5.250099e-02 5.833432e-02 2.204984e-03
5.833432e-02 6.416765e-02 7.000098e-02 3.145785e-03
7.000098e-02 7.583431e-02 8.166764e-02 4.198510e-03
8.166764e-02 8.750097e-02 9.333431e-02 5.343889e-03
9.333431e-02 9.916764e-02 1.050010e-01 6.564656e-03
1.050010e-01 1.108343e-01 1.166676e-01 7.845336e-03
1.166676e-01 1.225010e-01 1.283343e-01 9.172067e-03
1.283343e-01 1.341676e-01 1.400010e-01 1.053244e-02
1.400010e-01 1.458343e-01 1.516676e-01 1.191536e-02
1.516676e-01 1.575010e-01 1.633343e-01 1.331093e-02
1.633343e-01 1.691676e-01 1.750009e-01 1.471033e-02
1.750009e-01 1.808343e-01 1.866676e-01 1.610575e-02
1.866676e-01 1.925009e-01 1.983343e-01 1.749023e-02
1.983343e-01 2.041676e-01 2.100009e-01 1.885768e-02
2.100009e-01 2.158343e-01 2.216676e-01 2.020272e-02
2.216676e-01 2.275009e-01 2.333343e-01 2.152066e-02
2.333343e-01 2.391676e-01 2.450009e-01 2.280741e-02
2.450009e-01 2.508343e-01 2.566676e-01 2.405947e-02
2.566676e-01 2.625009e-01 2.683343e-01 2.527382e-02
2.683343e-01 2.741676e-01 2.800009e-01 2.644793e-02
2.800009e-01 2.858343e-01 2.916676e-01 2.757967e-02
2.916676e-01 2.975009e-01 3.033342e-01 2.866731e-02
3.033342e-01 3.091676e-01 3.150009e-01 2.970945e-02
3.150009e-01 3.208342e-01 3.266676e-01 3.070501e-02
3.266676e-01 3.325009e-01 3.383342e-01 3.165320e-02
3.383342e-01 3.441676e-01 3.500009e-01 3.255347e-02
3.500009e-01 3.558342e-01 3.616676e-01 3.340553e-02
3.616676e-01 3.675009e-01 3.733342e-01 3.420926e-02
3.733342e-01 3.791676e-01 3.850009e-01 3.496474e-02
3.850009e-01 3.908342e-01 3.966676e-01 3.567223e-02
3.966676e-01 4.025009e-01 4.083342e-01 3.633213e-02
4.083342e-01 4.141675e-01 4.200009e-01 3.694495e-02
4.200009e-01 4.258342e-01 4.316675e-01 3.751134e-02
4.316675e-01 4.375009e-01 4.433342e-01 3.803204e-02
4.433342e-01 4.491675e-01 4.550009e-01 3.850789e-02
4.550009e-01 4.608342e-01 4.666675e-01 3.893980e-02
4.666675e-01 4.725009e-01 4.783342e-01 3.932874e-02
4.783342e-01 4.841675e-01 4.900009e-01 3.967575e-02
4.900009e-01 4.958342e-01 5.016675e-01 3.998190e-02
5.016675e-01 5.075009e-01 5.133342e-01 4.024832e-02
5.133342e-01 5.191675e-01 5.250008e-01 4.047617e-02
5.250008e-01 5.308342e-01 5.366675e-01 4.066661e-02
5.366675e-01 5.425008e-01 5.483342e-01 4.082085e-02
5.483342e-01 5.541675e-01 5.600008e-01 4.094010e-02
5.600008e-01 5.658342e-01 5.716675e-01 4.102557e-02
5.716675e-01 5.775008e-01 5.833342e-01 4.107850e-02
5.833342e-01 5.891675e-01 5.950008e-01 4.110011e-02
5.950008e-01 6.008342e-01 6.066675e-01 4.109161e-02
6.066675e-01 6.125008e-01 6.183342e-01 4.105423e-02
6.183342e-01 6.241675e-01 6.300008e-01 4.098915e-02
6.300008e-01 6.358342e-01 6.416675e-01 4.089758e-02
6.416675e-01 6.475008e-01 6.533341e-01 4.078069e-02
6.533341e-01 6.591675e-01 6.650008e-01 4.063964e-02
6.650008e-01 6.708341e-01 6.766675e-01 4.047557e-02
6.766675e-01 6.825008e-01 6.883341e-01 4.028960e-02
6.883341e-01 6.941675e-01 7.000008e-01 4.008282e-02
7.000008e-01 7.058341e-01 7.116675e-01 3.985631e-02
7.116675e-01 7.175008e-01 7.233341e-01 3.961112e-02
7.233341e-01 7.291675e-01 7.350008e-01 3.934827e-02
7.350008e-01 7.408341e-01 7.466675e-01 3.906878e-02
7.466675e-01 7.525008e-01 7.583341e-01 3.877360e-02
7.583341e-01 7.641674e-01 7.700008e-01 3.846369e-02
7.700008e-01 7.758341e-01 7.816674e-01 3.813997e-02
7.816674e-01 7.875008e-01 7.933341e-01 3.780333e-02
7.933341e-01 7.991674e-01 8.050008e-01 3.745464e-02
8.050008e-01 8.108341e-01 8.166674e-01 3.709474e-02
8.166674e-01 8.225008e-01 8.283341e-01 3.672444e-02
8.283341e-01 8.341674e-01 8.400008e-01 3.634453e-02
8.400008e-01 8.458341e-01 8.516674e-01 3.595576e-02
8.516674e-01 8.575008e-01 8.633341e-01 3.555887e-02
8.633341e-01 8.691674e-01 8.750007e-01 3.515457e-02
8.750007e-01 8.808341e-01 8.866674e-01 3.474353e-02
8.866674e-01 8.925007e-01 8.983341e-01 3.432640e-02
8.983341e-01 9.041674e-01 9.100007e-01 3.390382e-02
9.100007e-01 9.158341e-01 9.216674e-01 3.347639e-02
9.216674e-01 9.275007e-01 9.333341e-01 3.304469e-02
9.333341e-01 9.391674e-01 9.450007e-01 3.260928e-02
9.450007e-01 9.508341e-01 9.566674e-01 3.217069e-02
9.566674e-01 9.625007e-01 9.683341e-01 3.172943e-02
9.683341e-01 9.741674e-01 9.800007e-01 3.128599e-02
9.800007e-01 9.858341e-01 9.916674e-01 3.084083e-02
9.916674e-01 9.975007e-01 1.003334e+00 3.039440e-02
1.003334e+00 1.009167e+00 1.015001e+00 2.994712e-02
1.015001e+00 1.020834e+00 1.026667e+00 2.949939e-02
1.026667e+00 1.032501e+00 1.038334e+00 2.905161e-02
1.038334e+00 1.044167e+00 1.050001e+00 2.860413e-02
1.050001e+00 1.055834e+00 1.061667e+00 2.815731e-02
1.061667e+00 1.067501e+00 1.073334e+00 2.771147e-02
1.073334e+00 1.079167e+00 1.085001e+00 2.726692e-02
1.085001e+00 1.090834e+00 1.096667e+00 2.682397e-02
1.096667e+00 1.102501e+00 1.108334e+00 2.638288e-02
1.108334e+00 1.114167e+00 1.120001e+00 2.594392e-02
1.120001e+00 1.125834e+00 1.131667e+00 2.550734e-02
1.131667e+00 1.137501e+00 1.143334e+00 2.507337e-02
1.143334e+00 1.149167e+00 1.155001e+00 2.464223e-02
1.155001e+00 1.160834e+00 1.166667e+00 2.421413e-02
1.166667e+00 1.172501e+00 1.178334e+00 2.378926e-02
1.178334e+00 1.184167e+00 1.190001e+00 2.336779e-02
1.190001e+00 1.195834e+00 1.201667e+00 2.294991e-02
1.201667e+00 1.207501e+00 1.213334e+00 2.253575e-02
1.213334e+00 1.219167e+00 1.225001e+00 2.212547e-02
1.225001e+00 1.230834e+00 1.236667e+00 2.171920e-02
1.236667e+00 1.242501e+00 1.248334e+00 2.131706e-02
1.248334e+00 1.254167e+00 1.260001e+00 2.091916e-02
1.260001e+00 1.265834e+00 1.271667e+00 2.052562e-02
1.271667e+00 1.277501e+00 1.283334e+00 2.013652e-02
1.283334e+00 1.289167e+00 1.295001e+00 1.975195e-02
1.295001e+00 1.300834e+00 1.306667e+00 1.937198e-02
1.306667e+00 1.312501e+00 1.318334e+00 1.899669e-02
1.318334e+00 1.324167e+00 1.330001e+00 1.862614e-02
1.330001e+00 1.335834e+00 1.341667e+00 1.826038e-02
1.341667e+00 1.347501e+00 1.353334e+00 1.789946e-02
1.353334e+00 1.359167e+00 1.365001e+00 1.754342e-02
1.365001e+00 1.370834e+00 1.376667e+00 1.719229e-02
1.376667e+00 1.382501e+00 1.388334e+00 1.684610e-02
1.388334e+00 1.394167e+00 1.400001e+00 1.650488e-02
1.400001e+00 1.405834e+00 1.411667e+00 1.616864e-02
1.411667e+00 1.417501e+00 1.423334e+00 1.583739e-02
1.423334e+00 1.429167e+00 1.435001e+00 1.551114e-02
1.435001e+00 1.440834e+00 1.446667e+00 1.518989e-02
1.446667e+00 1.452501e+00 1.458334e+00 1.487365e-02
1.458334e+00 1.464167e+00 1.470001e+00 1.456239e-02
1.470001e+00 1.475834e+00 1.481667e+00 1.425612e-02
1.481667e+00 1.487501e+00 1.493334e+00 1.395482e-02
1.493334e+00 1.499167e+00 1.505001e+00 1.365847e-02
1.505001e+00 1.510834e+00 1.516667e+00 1.336704e-02
1.516667e+00 1.522501e+00 1.528334e+00 1.308053e-02
1.528334e+00 1.534167e+00 1.540001e+00 1.279889e-02
1.540001e+00 1.545834e+00 1.551667e+00 1.252210e-02
1.551667e+00 1.557501e+00 1.563334e+00 1.225013e-02
1.563334e+00 1.569167e+00 1.575001e+00 1.198295e-02
1.575001e+00 1.580834e+00 1.586667e+00 1.172050e-02
1.586667e+00 1.592501e+00 1.598334e+00 1.146277e-02
1.598334e+00 1.604167e+00 1.610001e+00 1.120969e-02
1.610001e+00 1.615834e+00 1.621667e+00 1.096125e-02
1.621667e+00 1.627501e+00 1.633334e+00 1.071738e-02
1.633334e+00 1.639167e+00 1.645001e+00 1.047804e-02
1.645001e+00 1.650834e+00 1.656667e+00 1.024319e-02
1.656667e+00 1.662501e+00 1.668334e+00 1.001277e-02
1.668334e+00 1.674167e+00 1.680001e+00 9.786742e-03
1.680001e+00 1.685834e+00 1.691667e+00 9.565049e-03
1.691667e+00 1.697501e+00 1.703334e+00 9.347640e-03
1.703334e+00 1.709167e+00 1.715001e+00 9.134463e-03
1.715001e+00 1.720834e+00 1.726667e+00 8.925465e-03
1.726667e+00 1.732501e+00 1.738334e+00 8.720590e-03
1.738334e+00 1.744167e+00 1.750000e+00 8.519785e-03
1.750000e+00 1.755834e+00 1.761667e+00 8.322995e-03
1.761667e+00 1.767500e+00 1.773334e+00 8.130164e-03
1.773334e+00 1.779167e+00 1.785000e+00 7.941235e-03
1.785000e+00 1.790834e+00 1.796667e+00 7.756154e-03
1.796667e+00 1.802500e+00 1.808334e+00 7.574863e-03
1.808334e+00 1.814167e+00 1.820000e+00 7.397306e-03
1.820000e+00 1.825834e+00 1.831667e+00 7.223426e-03
1.831667e+00 1.837500e+00 1.843334e+00 7.053167e-03
1.843334e+00 1.849167e+00 1.855000e+00 6.886472e-03
1.855000e+00 1.860834e+00 1.866667e+00 6.723284e-03
1.866667e+00 1.872500e+00 1.878334e+00 6.563547e-03
1.878334e+00 1.884167e+00 1.890000e+00 6.407204e-03
1.890000e+00 1.895834e+00 1.901667e+00 6.254199e-03
1.901667e+00 1.907500e+00 1.913334e+00 6.104477e-03
1.913334e+00 1.919167e+00 1.925000e+00 5.957981e-03
1.925000e+00 1.930834e+00 1.936667e+00 5.814657e-03
1.936667e+00 1.942500e+00 1.948334e+00 5.674449e-03
1.948334e+00 1.954167e+00 1.960000e+00 5.537303e-03
1.960000e+00 1.965834e+00 1.971667e+00 5.403164e-03
1.971667e+00 1.977500e+00 1.983334e+00 5.271978e-03
1.983334e+00 1.989167e+00 1.995000e+00 5.143694e-03
1.995000e+00 2.000834e+00 2.006667e+00 5.018256e-03
2.006667e+00 2.012500e+00 2.018334e+00 4.895613e-03
2.018334e+00 2.024167e+00 2.030000e+00 4.775714e-03
2.030000e+00 2.035834e+00 2.041667e+00 4.658506e-03
2.041667e+00 2.047500e+00 2.053334e+00 4.543939e-03
2.053334e+00 2.059167e+00 2.065000e+00 4.431962e-03
2.065000e+00 2.070834e+00 2.076667e+00 4.322526e-03
2.076667e+00 2.082500e+00 2.088334e+00 4.215582e-03
2.088334e+00 2.094167e+00 2.100000e+00 4.111082e-03
2.100000e+00 2.105834e+00 2.111667e+00 4.008976e-03
2.111667e+00 2.117500e+00 2.123334e+00 3.909219e-03
2.123334e+00 2.129167e+00 2.135000e+00 3.811763e-03
2.135000e+00 2.140834e+00 2.146667e+00 3.716563e-03
2.146667e+00 2.152500e+00 2.158334e+00 3.623572e-03
2.158334e+00 2.164167e+00 2.170000e+00 3.532746e-03
2.170000e+00 2.175834e+00 2.181667e+00 3.444041e-03
2.181667e+00 2.187500e+00 2.193334e+00 3.357414e-03
2.193334e+00 2.199167e+00 2.205000e+00 3.272821e-03
2.205000e+00 2.210834e+00 2.216667e+00 3.190221e-03
2.216667e+00 2.222500e+00 2.228334e+00 3.109571e-03
2.228334e+00 2.234167e+00 2.240000e+00 3.030831e-03
2.240000e+00 2.245834e+00 2.251667e+00 2.953961e-03
2.251667e+00 2.257500e+00 2.263334e+00 2.878921e-03
2.263334e+00 2.269167e+00 2.275000e+00 2.805673e-03
2.275000e+00 2.280834e+00 2.286667e+00 2.734176e-03
2.286667e+00 2.292500e+00 2.298334e+00 2.664395e-03
2.298334e+00 2.304167e+00 2.310000e+00 2.596292e-03
2.310000e+00 2.315834e+00 2.321667e+00 2.529831e-03
2.321667e+00 2.327500e+00 2.333334e+00 2.464975e-03
2.333334e+00 2.339167e+00 2.345000e+00 2.401690e-03
2.345000e+00 2.350834e+00 2.356667e+00 2.339942e-03
2.356667e+00 2.362500e+00 2.368334e+00 2.279695e-03
2.368334e+00 2.374167e+00 2.380000e+00 2.220918e-03
2.380000e+00 2.385834e+00 2.391667e+00 2.163577e-03
2.391667e+00 2.397500e+00 2.403334e+00 2.107640e-03
2.403334e+00 2.409167e+00 2.415000e+00 2.053076e-03
2.415000e+00 2.420834e+00 2.426667e+00 1.999854e-03
2.426667e+00 2.432500e+00 2.438334e+00 1.947943e-03
2.438334e+00 2.444167e+00 2.450000e+00 1.897314e-03
2.450000e+00 2.455834e+00 2.461667e+00 1.847938e-03
2.461667e+00 2.467500e+00 2.473334e+00 1.799786e-03
2.473334e+00 2.479167e+00 2.485000e+00 1.752830e-03
2.485000e+00 2.490834e+00 2.496667e+00 1.707043e-03
2.496667e+00 2.502500e+00 2.508334e+00 1.662397e-03
2.508334e+00 2.514167e+00 2.520000e+00 1.618866e-03
2.520000e+00 2.525834e+00 2.531667e+00 1.576425e-03
2.531667e+00 2.537500e+00 2.543334e+00 1.535048e-03
2.543334e+00 2.549167e+00 2.555000e+00 1.494710e-03
2.555000e+00 2.560834e+00 2.566667e+00 1.455387e-03
2.566667e+00 2.572500e+00 2.578334e+00 1.417055e-03
2.578334e+00 2.584167e+00 2.590000e+00 1.379690e-03
2.590000e+00 2.595834e+00 2.601667e+00 1.343270e-03
2.601667e+00 2.607500e+00 2.613334e+00 1.307773e-03
2.613334e+00 2.619167e+00 2.625000e+00 1.273177e-03
2.625000e+00 2.630834e+00 2.636667e+00 1.239459e-03
2.636667e+00 2.642500e+00 2.648334e+00 1.206600e-03
2.648334e+00 2.654167e+00 2.660000e+00 1.174578e-03
2.660000e+00 2.665834e+00 2.671667e+00 1.143374e-03
2.671667e+00 2.677500e+00 2.683334e+00 1.112967e-03
2.683334e+00 2.689167e+00 2.695000e+00 1.083340e-03
2.695000e+00 2.700834e+00 2.706667e+00 1.054472e-03
2.706667e+00 2.712500e+00 2.718334e+00 1.026345e-03
2.718334e+00 2.724167e+00 2.730000e+00 9.989425e-04
2.730000e+00 2.735834e+00 2.741667e+00 9.722453e-04
2.741667e+00 2.747500e+00 2.753334e+00 9.462367e-04
2.753334e+00 2.759167e+00 2.765000e+00 9.208999e-04
2.765000e+00 2.770834e+00 2.776667e+00 8.962185e-04
2.776667e+00 2.782500e+00 2.788334e+00 8.721763e-04
2.788334e+00 2.794167e+00 2.800000e+00 8.487576e-04
2.800000e+00 2.805834e+00 2.811667e+00 8.259470e-04
2.811667e+00 2.817500e+00 2.823334e+00 8.037296e-04
2.823334e+00 2.829167e+00 2.835000e+00 7.820906e-04
2.835000e+00 2.840834e+00 2.846667e+00 7.610157e-04
2.846667e+00 2.852500e+00 2.858334e+00 7.404910e-04
2.858334e+00 2.864167e+00 2.870000e+00 7.205026e-04
2.870000e+00 2.875834e+00 2.881667e+00 7.010372e-04
2.881667e+00 2.887500e+00 2.893334e+00 6.820818e-04
2.893334e+00 2.899167e+00 2.905000e+00 6.636235e-04
2.905000e+00 2.910834e+00 2.916667e+00 6.456500e-04
2.916667e+00 2.922500e+00 2.928333e+00 6.281490e-04
2.928333e+00 2.934167e+00 2.940000e+00 6.111087e-04
2.940000e+00 2.945833e+00 2.951667e+00 5.945174e-04
2.951667e+00 2.957500e+00 2.963333e+00 5.783637e-04
2.963333e+00 2.969167e+00 2.975000e+00 5.626367e-04
2.975000e+00 2.980833e+00 2.986667e+00 5.473255e-04
2.986667e+00 2.992500e+00 2.998333e+00 5.324195e-04
2.998333e+00 3.004167e+00 3.010000e+00 5.179085e-04
3.010000e+00 3.015833e+00 3.021667e+00 5.037824e-04
3.021667e+00 3.027500e+00 3.033333e+00 4.900314e-04
3.033333e+00 3.039167e+00 3.045000e+00 4.766458e-04
3.045000e+00 3.050833e+00 3.056667e+00 4.636164e-04
3.056667e+00 3.062500e+00 3.068333e+00 4.509340e-04
3.068333e+00 3.074167e+00 3.080000e+00 4.385898e-04
3.080000e+00 3.085833e+00 3.091667e+00 4.265749e-04
3.091667e+00 3.097500e+00 3.103333e+00 4.148811e-04
3.103333e+00 3.109167e+00 3.115000e+00 4.034999e-04
3.115000e+00 3.120833e+00 3.126667e+00 3.924233e-04
3.126667e+00 3.132500e+00 3.138333e+00 3.816434e-04
3.138333e+00 3.144167e+00 3.150000e+00 3.711527e-04
3.150000e+00 3.155833e+00 3.161667e+00 3.609434e-04
3.161667e+00 3.167500e+00 3.173333e+00 3.510085e-04
3.173333e+00 3.179167e+00 3.185000e+00 3.413407e-04
3.185000e+00 3.190833e+00 3.196667e+00 3.319331e-04
3.196667e+00 3.202500e+00 3.208333e+00 3.227789e-04
3.208333e+00 3.214167e+00 3.220000e+00 3.138715e-04
3.220000e+00 3.225833e+00 3.231667e+00 3.052044e-04
3.231667e+00 3.237500e+00 3.243333e+00 2.967714e-04
3.243333e+00 3.249167e+00 3.255000e+00 2.885664e-04
3.255000e+00 3.260833e+00 3.266667e+00 2.805833e-04
3.266667e+00 3.272500e+00 3.278333e+00 2.728164e-04
3.278333e+00 3.284167e+00 3.290000e+00 2.652599e-04
3.290000e+00 3.295833e+00 3.301667e+00 2.579084e-04
3.301667e+00 3.307500e+00 3.313333e+00 2.507564e-04
3.313333e+00 3.319167e+00 3.325000e+00 2.437986e-04
3.325000e+00 3.330833e+00 3.336667e+00 2.370300e-04
3.336667e+00 3.342500e+00 3.348333e+00 2.304456e-04
3.348333e+00 3.354167e+00 3.360000e+00 2.240404e-04
3.360000e+00 3.365833e+00 3.371667e+00 2.178098e-04
3.371667e+00 3.377500e+00 3.383333e+00 2.117490e-04
3.383333e+00 3.389167e+00 3.395000e+00 2.058537e-04
3.395000e+00 3.400833e+00 3.406667e+00 2.001193e-04
3.406667e+00 3.412500e+00 3.418333e+00 1.945416e-04
3.418333e+00 3.424167e+00 3.430000e+00 1.891165e-04
3.430000e+00 3.435833e+00 3.441667e+00 1.838399e-04
3.441667e+00 3.447500e+00 3.453333e+00 1.787078e-04
3.453333e+00 3.459167e+00 3.465000e+00 1.737163e-04
3.465000e+00 3.470833e+00 3.476667e+00 1.688618e-04
3.476667e+00 3.482500e+00 3.488333e+00 1.641405e-04
3.488333e+00 3.494167e+00 3.500000e+00 1.595488e-04
