1.000000e-06 5.834332e-03 1.166766e-02 3.309171e-05
1.166766e-02 1.750099e-02 2.333433e-02 2.829625e-04
2.333433e-02 2.916766e-02 3.500099e-02 7.485805e-04
3.500099e-02 4.083432e-02 4.666765e-02 1.399085e-03
4.666765e-02 5.250099e-02 5.833432e-02 2.207235e-03
5.833432e-02 6.416765e-02 7.000098e-02 3.148778e-03
7.000098e-02 7.583431e-02 8.166764e-02 4.202036e-03
8.166764e-02 8.750097e-02 9.333431e-02 5.347594e-03
9.333431e-02 9.916764e-02 1.050010e-01 6.568049e-03
1.050010e-01 1.108343e-01 1.166676e-01 7.847805e-03
1.166676e-01 1.225010e-01 1.283343e-01 9.172889e-03
1.283343e-01 1.341676e-01 1.400010e-01 1.053080e-02
1.400010e-01 1.458343e-01 1.516676e-01 1.191036e-02
1.516676e-01 1.575010e-01 1.633343e-01 1.330162e-02
1.633343e-01 1.691676e-01 1.750009e-01 1.469570e-02
1.750009e-01 1.808343e-01 1.866676e-01 1.608475e-02
1.866676e-01 1.925009e-01 1.983343e-01 1.746179e-02
1.983343e-01 2.041676e-01 2.100009e-01 1.882072e-02
2.100009e-01 2.158343e-01 2.216676e-01 2.015614e-02
2.216676e-01 2.275009e-01 2.333343e-01 2.146338e-02
2.333343e-01 2.391676e-01 2.450009e-01 2.273836e-02
2.450009e-01 2.508343e-01 2.566676e-01 2.397760e-02
2.566676e-01 2.625009e-01 2.683343e-01 2.517811e-02
2.683343e-01 2.741676e-01 2.800009e-01 2.633740e-02
2.800009e-01 2.858343e-01 2.916676e-01 2.745336e-02
2.916676e-01 2.975009e-01 3.033342e-01 2.852432e-02
3.033342e-01 3.091676e-01 3.150009e-01 2.954893e-02
3.150009e-01 3.208342e-01 3.266676e-01 3.052615e-02
3.266676e-01 3.325009e-01 3.383342e-01 3.145525e-02
3.383342e-01 3.441676e-01 3.500009e-01 3.233574e-02
3.500009e-01 3.558342e-01 3.616676e-01 3.316736e-02
3.616676e-01 3.675009e-01 3.733342e-01 3.395008e-02
3.733342e-01 3.791676e-01 3.850009e-01 3.468402e-02
3.850009e-01 3.908342e-01 3.966676e-01 3.536951e-02
3.966676e-01 4.025009e-01 4.083342e-01 3.600698e-02
4.083342e-01 4.141675e-01 4.200009e-01 3.659703e-02
4.200009e-01 4.258342e-01 4.316675e-01 3.714035e-02
4.316675e-01 4.375009e-01 4.433342e-01 3.763775e-02
4.433342e-01 4.491675e-01 4.550009e-01 3.809011e-02
4.550009e-01 4.608342e-01 4.666675e-01 3.849839e-02
4.666675e-01 4.725009e-01 4.783342e-01 3.886364e-02
4.783342e-01 4.841675e-01 4.900009e-01 3.918692e-02
4.900009e-01 4.958342e-01 5.016675e-01 3.946937e-02
5.016675e-01 5.075009e-01 5.133342e-01 3.971216e-02
5.133342e-01 5.191675e-01 5.250008e-01 3.991648e-02
5.250008e-01 5.308342e-01 5.366675e-01 4.008356e-02
5.366675e-01 5.425008e-01 5.483342e-01 4.021464e-02
5.483342e-01 5.541675e-01 5.600008e-01 4.031097e-02
5.600008e-01 5.658342e-01 5.716675e-01 4.037380e-02
5.716675e-01 5.775008e-01 5.833342e-01 4.040439e-02
5.833342e-01 5.891675e-01 5.950008e-01 4.040401e-02
5.950008e-01 6.008342e-01 6.066675e-01 4.037390e-02
6.066675e-01 6.125008e-01 6.183342e-01 4.031531e-02
6.183342e-01 6.241675e-01 6.300008e-01 4.022947e-02
6.300008e-01 6.358342e-01 6.416675e-01 4.011759e-02
6.416675e-01 6.475008e-01 6.533341e-01 3.998087e-02
6.533341e-01 6.591675e-01 6.650008e-01 3.982049e-02
6.650008e-01 6.708341e-01 6.766675e-01 3.963762e-02
6.766675e-01 6.825008e-01 6.883341e-01 3.943338e-02
6.883341e-01 6.941675e-01 7.000008e-01 3.920890e-02
7.000008e-01 7.058341e-01 7.116675e-01 3.896525e-02
7.116675e-01 7.175008e-01 7.233341e-01 3.870352e-02
7.233341e-01 7.291675e-01 7.350008e-01 3.842472e-02
7.350008e-01 7.408341e-01 7.466675e-01 3.812987e-02
7.466675e-01 7.525008e-01 7.583341e-01 3.781996e-02
7.583341e-01 7.641674e-01 7.700008e-01 3.749593e-02
7.700008e-01 7.758341e-01 7.816674e-01 3.715871e-02
7.816674e-01 7.875008e-01 7.933341e-01 3.680921e-02
7.933341e-01 7.991674e-01 8.050008e-01 3.644828e-02
8.050008e-01 8.108341e-01 8.166674e-01 3.607678e-02
8.166674e-01 8.225008e-01 8.283341e-01 3.569551e-02
8.283341e-01 8.341674e-01 8.400008e-01 3.530525e-02
8.400008e-01 8.458341e-01 8.516674e-01 3.490678e-02
8.516674e-01 8.575008e-01 8.633341e-01 3.450080e-02
8.633341e-01 8.691674e-01 8.750007e-01 3.408803e-02
8.750007e-01 8.808341e-01 8.866674e-01 3.366915e-02
8.866674e-01 8.925007e-01 8.983341e-01 3.324479e-02
8.983341e-01 9.041674e-01 9.100007e-01 3.281559e-02
9.100007e-01 9.158341e-01 9.216674e-01 3.238213e-02
9.216674e-01 9.275007e-01 9.333341e-01 3.194500e-02
9.333341e-01 9.391674e-01 9.450007e-01 3.150474e-02
9.450007e-01 9.508341e-01 9.566674e-01 3.106188e-02
9.566674e-01 9.625007e-01 9.683341e-01 3.061691e-02
9.683341e-01 9.741674e-01 9.800007e-01 3.017032e-02
9.800007e-01 9.858341e-01 9.916674e-01 2.972256e-02
9.916674e-01 9.975007e-01 1.003334e+00 2.927406e-02
1.003334e+00 1.009167e+00 1.015001e+00 2.882524e-02
1.015001e+00 1.020834e+00 1.026667e+00 2.837649e-02
1.026667e+00 1.032501e+00 1.038334e+00 2.792818e-02
1.038334e+00 1.044167e+00 1.050001e+00 2.748067e-02
1.050001e+00 1.055834e+00 1.061667e+00 2.703429e-02
1.061667e+00 1.067501e+00 1.073334e+00 2.658937e-02
1.073334e+00 1.079167e+00 1.085001e+00 2.614619e-02
1.085001e+00 1.090834e+00 1.096667e+00 2.570504e-02
1.096667e+00 1.102501e+00 1.108334e+00 2.526619e-02
1.108334e+00 1.114167e+00 1.120001e+00 2.482989e-02
1.120001e+00 1.125834e+00 1.131667e+00 2.439638e-02
1.131667e+00 1.137501e+00 1.143334e+00 2.396586e-02
1.143334e+00 1.149167e+00 1.155001e+00 2.353856e-02
1.155001e+00 1.160834e+00 1.166667e+00 2.311466e-02
1.166667e+00 1.172501e+00 1.178334e+00 2.269435e-02
1.178334e+00 1.184167e+00 1.190001e+00 2.227779e-02
1.190001e+00 1.195834e+00 1.201667e+00 2.186513e-02
1.201667e+00 1.207501e+00 1.213334e+00 2.145652e-02
1.213334e+00 1.219167e+00 1.225001e+00 2.105209e-02
1.225001e+00 1.230834e+00 1.236667e+00 2.065196e-02
1.236667e+00 1.242501e+00 1.248334e+00 2.025625e-02
1.248334e+00 1.254167e+00 1.260001e+00 1.986505e-02
1.260001e+00 1.265834e+00 1.271667e+00 1.947845e-02
1.271667e+00 1.277501e+00 1.283334e+00 1.909655e-02
1.283334e+00 1.289167e+00 1.295001e+00 1.871941e-02
1.295001e+00 1.300834e+00 1.306667e+00 1.834710e-02
1.306667e+00 1.312501e+00 1.318334e+00 1.797968e-02
1.318334e+00 1.324167e+00 1.330001e+00 1.761719e-02
1.330001e+00 1.335834e+00 1.341667e+00 1.725969e-02
1.341667e+00 1.347501e+00 1.353334e+00 1.690720e-02
1.353334e+00 1.359167e+00 1.365001e+00 1.655977e-02
1.365001e+00 1.370834e+00 1.376667e+00 1.621740e-02
1.376667e+00 1.382501e+00 1.388334e+00 1.588013e-02
1.388334e+00 1.394167e+00 1.400001e+00 1.554796e-02
1.400001e+00 1.405834e+00 1.411667e+00 1.522091e-02
1.411667e+00 1.417501e+00 1.423334e+00 1.489896e-02
1.423334e+00 1.429167e+00 1.435001e+00 1.458213e-02
1.435001e+00 1.440834e+00 1.446667e+00 1.427041e-02
1.446667e+00 1.452501e+00 1.458334e+00 1.396377e-02
1.458334e+00 1.464167e+00 1.470001e+00 1.366222e-02
1.470001e+00 1.475834e+00 1.481667e+00 1.336573e-02
1.481667e+00 1.487501e+00 1.493334e+00 1.307428e-02
1.493334e+00 1.499167e+00 1.505001e+00 1.278784e-02
1.505001e+00 1.510834e+00 1.516667e+00 1.250638e-02
1.516667e+00 1.522501e+00 1.528334e+00 1.222988e-02
1.528334e+00 1.534167e+00 1.540001e+00 1.195830e-02
1.540001e+00 1.545834e+00 1.551667e+00 1.169161e-02
1.551667e+00 1.557501e+00 1.563334e+00 1.142976e-02
1.563334e+00 1.569167e+00 1.575001e+00 1.117271e-02
1.575001e+00 1.580834e+00 1.586667e+00 1.092042e-02
1.586667e+00 1.592501e+00 1.598334e+00 1.067285e-02
1.598334e+00 1.604167e+00 1.610001e+00 1.042994e-02
1.610001e+00 1.615834e+00 1.621667e+00 1.019166e-02
1.621667e+00 1.627501e+00 1.633334e+00 9.957944e-03
1.633334e+00 1.639167e+00 1.645001e+00 9.728750e-03
1.645001e+00 1.650834e+00 1.656667e+00 9.504024e-03
1.656667e+00 1.662501e+00 1.668334e+00 9.283712e-03
1.668334e+00 1.674167e+00 1.680001e+00 9.067760e-03
1.680001e+00 1.685834e+00 1.691667e+00 8.856113e-03
1.691667e+00 1.697501e+00 1.703334e+00 8.648714e-03
1.703334e+00 1.709167e+00 1.715001e+00 8.445507e-03
1.715001e+00 1.720834e+00 1.726667e+00 8.246435e-03
1.726667e+00 1.732501e+00 1.738334e+00 8.051441e-03
1.738334e+00 1.744167e+00 1.750000e+00 7.860465e-03
1.750000e+00 1.755834e+00 1.761667e+00 7.673449e-03
1.761667e+00 1.767500e+00 1.773334e+00 7.490336e-03
1.773334e+00 1.779167e+00 1.785000e+00 7.311065e-03
1.785000e+00 1.790834e+00 1.796667e+00 7.135578e-03
1.796667e+00 1.802500e+00 1.808334e+00 6.963816e-03
1.808334e+00 1.814167e+00 1.820000e+00 6.795719e-03
1.820000e+00 1.825834e+00 1.831667e+00 6.631229e-03
1.831667e+00 1.837500e+00 1.843334e+00 6.470286e-03
1.843334e+00 1.849167e+00 1.855000e+00 6.312832e-03
1.855000e+00 1.860834e+00 1.866667e+00 6.158807e-03
1.866667e+00 1.872500e+00 1.878334e+00 6.008154e-03
1.878334e+00 1.884167e+00 1.890000e+00 5.860814e-03
1.890000e+00 1.895834e+00 1.901667e+00 5.716730e-03
1.901667e+00 1.907500e+00 1.913334e+00 5.575843e-03
1.913334e+00 1.919167e+00 1.925000e+00 5.438097e-03
1.925000e+00 1.930834e+00 1.936667e+00 5.303436e-03
1.936667e+00 1.942500e+00 1.948334e+00 5.171802e-03
1.948334e+00 1.954167e+00 1.960000e+00 5.043141e-03
1.960000e+00 1.965834e+00 1.971667e+00 4.917397e-03
1.971667e+00 1.977500e+00 1.983334e+00 4.794514e-03
1.983334e+00 1.989167e+00 1.995000e+00 4.674440e-03
1.995000e+00 2.000834e+00 2.006667e+00 4.557120e-03
2.006667e+00 2.012500e+00 2.018334e+00 4.442501e-03
2.018334e+00 2.024167e+00 2.030000e+00 4.330530e-03
2.030000e+00 2.035834e+00 2.041667e+00 4.221157e-03
2.041667e+00 2.047500e+00 2.053334e+00 4.114329e-03
2.053334e+00 2.059167e+00 2.065000e+00 4.009996e-03
2.065000e+00 2.070834e+00 2.076667e+00 3.908107e-03
2.076667e+00 2.082500e+00 2.088334e+00 3.808615e-03
2.088334e+00 2.094167e+00 2.100000e+00 3.711469e-03
2.100000e+00 2.105834e+00 2.111667e+00 3.616623e-03
2.111667e+00 2.117500e+00 2.123334e+00 3.524028e-03
2.123334e+00 2.129167e+00 2.135000e+00 3.433637e-03
2.135000e+00 2.140834e+00 2.146667e+00 3.345406e-03
2.146667e+00 2.152500e+00 2.158334e+00 3.259289e-03
2.158334e+00 2.164167e+00 2.170000e+00 3.175241e-03
2.170000e+00 2.175834e+00 2.181667e+00 3.093218e-03
2.181667e+00 2.187500e+00 2.193334e+00 3.013176e-03
2.193334e+00 2.199167e+00 2.205000e+00 2.935075e-03
2.205000e+00 2.210834e+00 2.216667e+00 2.858871e-03
2.216667e+00 2.222500e+00 2.228334e+00 2.784524e-03
2.228334e+00 2.234167e+00 2.240000e+00 2.711992e-03
2.240000e+00 2.245834e+00 2.251667e+00 2.641237e-03
2.251667e+00 2.257500e+00 2.263334e+00 2.572220e-03
2.263334e+00 2.269167e+00 2.275000e+00 2.504901e-03
2.275000e+00 2.280834e+00 2.286667e+00 2.439243e-03
2.286667e+00 2.292500e+00 2.298334e+00 2.375209e-03
2.298334e+00 2.304167e+00 2.310000e+00 2.312763e-03
2.310000e+00 2.315834e+00 2.321667e+00 2.251869e-03
2.321667e+00 2.327500e+00 2.333334e+00 2.192491e-03
2.333334e+00 2.339167e+00 2.345000e+00 2.134596e-03
2.345000e+00 2.350834e+00 2.356667e+00 2.078150e-03
2.356667e+00 2.362500e+00 2.368334e+00 2.023119e-03
2.368334e+00 2.374167e+00 2.380000e+00 1.969472e-03
2.380000e+00 2.385834e+00 2.391667e+00 1.917175e-03
2.391667e+00 2.397500e+00 2.403334e+00 1.866198e-03
2.403334e+00 2.409167e+00 2.415000e+00 1.816511e-03
2.415000e+00 2.420834e+00 2.426667e+00 1.768083e-03
2.426667e+00 2.432500e+00 2.438334e+00 1.720884e-03
2.438334e+00 2.444167e+00 2.450000e+00 1.674886e-03
2.450000e+00 2.455834e+00 2.461667e+00 1.630061e-03
2.461667e+00 2.467500e+00 2.473334e+00 1.586381e-03
2.473334e+00 2.479167e+00 2.485000e+00 1.543819e-03
2.485000e+00 2.490834e+00 2.496667e+00 1.502348e-03
2.496667e+00 2.502500e+00 2.508334e+00 1.461942e-03
2.508334e+00 2.514167e+00 2.520000e+00 1.422576e-03
2.520000e+00 2.525834e+00 2.531667e+00 1.384225e-03
2.531667e+00 2.537500e+00 2.543334e+00 1.346863e-03
2.543334e+00 2.549167e+00 2.555000e+00 1.310469e-03
2.555000e+00 2.560834e+00 2.566667e+00 1.275017e-03
2.566667e+00 2.572500e+00 2.578334e+00 1.240486e-03
2.578334e+00 2.584167e+00 2.590000e+00 1.206853e-03
2.590000e+00 2.595834e+00 2.601667e+00 1.174095e-03
2.601667e+00 2.607500e+00 2.613334e+00 1.142192e-03
2.613334e+00 2.619167e+00 2.625000e+00 1.111122e-03
2.625000e+00 2.630834e+00 2.636667e+00 1.080865e-03
2.636667e+00 2.642500e+00 2.648334e+00 1.051402e-03
2.648334e+00 2.654167e+00 2.660000e+00 1.022711e-03
2.660000e+00 2.665834e+00 2.671667e+00 9.947750e-04
2.671667e+00 2.677500e+00 2.683334e+00 9.675743e-04
2.683334e+00 2.689167e+00 2.695000e+00 9.410907e-04
2.695000e+00 2.700834e+00 2.706667e+00 9.153065e-04
2.706667e+00 2.712500e+00 2.718334e+00 8.902040e-04
2.718334e+00 2.724167e+00 2.730000e+00 8.657662e-04
2.730000e+00 2.735834e+00 2.741667e+00 8.419764e-04
2.741667e+00 2.747500e+00 2.753334e+00 8.188183e-04
2.753334e+00 2.759167e+00 2.765000e+00 7.962759e-04
2.765000e+00 2.770834e+00 2.776667e+00 7.743337e-04
2.776667e+00 2.782500e+00 2.788334e+00 7.529766e-04
2.788334e+00 2.794167e+00 2.800000e+00 7.321895e-04
2.800000e+00 2.805834e+00 2.811667e+00 7.119581e-04
2.811667e+00 2.817500e+00 2.823334e+00 6.922682e-04
2.823334e+00 2.829167e+00 2.835000e+00 6.731059e-04
2.835000e+00 2.840834e+00 2.846667e+00 6.544578e-04
2.846667e+00 2.852500e+00 2.858334e+00 6.363107e-04
2.858334e+00 2.864167e+00 2.870000e+00 6.186516e-04
2.870000e+00 2.875834e+00 2.881667e+00 6.014681e-04
2.881667e+00 2.887500e+00 2.893334e+00 5.847480e-04
2.893334e+00 2.899167e+00 2.905000e+00 5.684791e-04
2.905000e+00 2.910834e+00 2.916667e+00 5.526499e-04
2.916667e+00 2.922500e+00 2.928333e+00 5.372490e-04
2.928333e+00 2.934167e+00 2.940000e+00 5.222652e-04
2.940000e+00 2.945833e+00 2.951667e+00 5.076878e-04
2.951667e+00 2.957500e+00 2.963333e+00 4.935061e-04
2.963333e+00 2.969167e+00 2.975000e+00 4.797098e-04
2.975000e+00 2.980833e+00 2.986667e+00 4.662888e-04
2.986667e+00 2.992500e+00 2.998333e+00 4.532334e-04
2.998333e+00 3.004167e+00 3.010000e+00 4.405339e-04
3.010000e+00 3.015833e+00 3.021667e+00 4.281810e-04
3.021667e+00 3.027500e+00 3.033333e+00 4.161656e-04
3.033333e+00 3.039167e+00 3.045000e+00 4.044788e-04
3.045000e+00 3.050833e+00 3.056667e+00 3.931119e-04
3.056667e+00 3.062500e+00 3.068333e+00 3.820565e-04
3.068333e+00 3.074167e+00 3.080000e+00 3.713044e-04
3.080000e+00 3.085833e+00 3.091667e+00 3.608475e-04
3.091667e+00 3.097500e+00 3.103333e+00 3.506780e-04
3.103333e+00 3.109167e+00 3.115000e+00 3.407883e-04
3.115000e+00 3.120833e+00 3.126667e+00 3.311709e-04
3.126667e+00 3.132500e+00 3.138333e+00 3.218185e-04
3.138333e+00 3.144167e+00 3.150000e+00 3.127242e-04
3.150000e+00 3.155833e+00 3.161667e+00 3.038810e-04
3.161667e+00 3.167500e+00 3.173333e+00 2.952822e-04
3.173333e+00 3.179167e+00 3.185000e+00 2.869212e-04
3.185000e+00 3.190833e+00 3.196667e+00 2.787918e-04
3.196667e+00 3.202500e+00 3.208333e+00 2.708876e-04
3.208333e+00 3.214167e+00 3.220000e+00 2.632026e-04
3.220000e+00 3.225833e+00 3.231667e+00 2.557310e-04
3.231667e+00 3.237500e+00 3.243333e+00 2.484669e-04
3.243333e+00 3.249167e+00 3.255000e+00 2.414048e-04
3.255000e+00 3.260833e+00 3.266667e+00 2.345393e-04
3.266667e+00 3.272500e+00 3.278333e+00 2.278650e-04
3.278333e+00 3.284167e+00 3.290000e+00 2.213767e-04
3.290000e+00 3.295833e+00 3.301667e+00 2.150694e-04
3.301667e+00 3.307500e+00 3.313333e+00 2.089382e-04
3.313333e+00 3.319167e+00 3.325000e+00 2.029783e-04
3.325000e+00 3.330833e+00 3.336667e+00 1.971851e-04
3.336667e+00 3.342500e+00 3.348333e+00 1.915540e-04
3.348333e+00 3.354167e+00 3.360000e+00 1.860806e-04
3.360000e+00 3.365833e+00 3.371667e+00 1.807606e-04
3.371667e+00 3.377500e+00 3.383333e+00 1.755898e-04
3.383333e+00 3.389167e+00 3.395000e+00 1.705641e-04
3.395000e+00 3.400833e+00 3.406667e+00 1.656796e-04
3.406667e+00 3.412500e+00 3.418333e+00 1.609325e-04
3.418333e+00 3.424167e+00 3.430000e+00 1.563188e-04
3.430000e+00 3.435833e+00 3.441667e+00 1.518351e-04
3.441667e+00 3.447500e+00 3.453333e+00 1.474776e-04
3.453333e+00 3.459167e+00 3.465000e+00 1.432430e-04
3.465000e+00 3.470833e+00 3.476667e+00 1.391278e-04
3.476667e+00 3.482500e+00 3.488333e+00 1.351288e-04
3.488333e+00 3.494167e+00 3.500000e+00 1.312428e-04
