1.000000e-06 5.834332e-03 1.166766e-02 3.302770e-05
1.166766e-02 1.750099e-02 2.333433e-02 2.824876e-04
2.333433e-02 2.916766e-02 3.500099e-02 7.485900e-04
3.500099e-02 4.083432e-02 4.666765e-02 1.402499e-03
4.666765e-02 5.250099e-02 5.833432e-02 2.219068e-03
5.833432e-02 6.416765e-02 7.000098e-02 3.176022e-03
7.000098e-02 7.583431e-02 8.166764e-02 4.253465e-03
8.166764e-02 8.750097e-02 9.333431e-02 5.433548e-03
9.333431e-02 9.916764e-02 1.050010e-01 6.700207e-03
1.050010e-01 1.108343e-01 1.166676e-01 8.038958e-03
1.166676e-01 1.225010e-01 1.283343e-01 9.436728e-03
1.283343e-01 1.341676e-01 1.400010e-01 1.088171e-02
1.400010e-01 1.458343e-01 1.516676e-01 1.236324e-02
1.516676e-01 1.575010e-01 1.633343e-01 1.387170e-02
1.633343e-01 1.691676e-01 1.750009e-01 1.539838e-02
1.750009e-01 1.808343e-01 1.866676e-01 1.693548e-02
1.866676e-01 1.925009e-01 1.983343e-01 1.847593e-02
1.983343e-01 2.041676e-01 2.100009e-01 2.001341e-02
2.100009e-01 2.158343e-01 2.216676e-01 2.154224e-02
2.216676e-01 2.275009e-01 2.333343e-01 2.305732e-02
2.333343e-01 2.391676e-01 2.450009e-01 2.455413e-02
2.450009e-01 2.508343e-01 2.566676e-01 2.602863e-02
2.566676e-01 2.625009e-01 2.683343e-01 2.747725e-02
2.683343e-01 2.741676e-01 2.800009e-01 2.889683e-02
2.800009e-01 2.858343e-01 2.916676e-01 3.028462e-02
2.916676e-01 2.975009e-01 3.033342e-01 3.163820e-02
3.033342e-01 3.091676e-01 3.150009e-01 3.295550e-02
3.150009e-01 3.208342e-01 3.266676e-01 3.423472e-02
3.266676e-01 3.325009e-01 3.383342e-01 3.547435e-02
3.383342e-01 3.441676e-01 3.500009e-01 3.667312e-02
3.500009e-01 3.558342e-01 3.616676e-01 3.783002e-02
3.616676e-01 3.675009e-01 3.733342e-01 3.894420e-02
3.733342e-01 3.791676e-01 3.850009e-01 4.001505e-02
3.850009e-01 3.908342e-01 3.966676e-01 4.104209e-02
3.966676e-01 4.025009e-01 4.083342e-01 4.202502e-02
4.083342e-01 4.141675e-01 4.200009e-01 4.296370e-02
4.200009e-01 4.258342e-01 4.316675e-01 4.385810e-02
4.316675e-01 4.375009e-01 4.433342e-01 4.470831e-02
4.433342e-01 4.491675e-01 4.550009e-01 4.551453e-02
4.550009e-01 4.608342e-01 4.666675e-01 4.627706e-02
4.666675e-01 4.725009e-01 4.783342e-01 4.699630e-02
4.783342e-01 4.841675e-01 4.900009e-01 4.767269e-02
4.900009e-01 4.958342e-01 5.016675e-01 4.830679e-02
5.016675e-01 5.075009e-01 5.133342e-01 4.889918e-02
5.133342e-01 5.191675e-01 5.250008e-01 4.945053e-02
5.250008e-01 5.308342e-01 5.366675e-01 4.996153e-02
5.366675e-01 5.425008e-01 5.483342e-01 5.043293e-02
5.483342e-01 5.541675e-01 5.600008e-01 5.086552e-02
5.600008e-01 5.658342e-01 5.716675e-01 5.126010e-02
5.716675e-01 5.775008e-01 5.833342e-01 5.161753e-02
5.833342e-01 5.891675e-01 5.950008e-01 5.193867e-02
5.950008e-01 6.008342e-01 6.066675e-01 5.222440e-02
6.066675e-01 6.125008e-01 6.183342e-01 5.247563e-02
6.183342e-01 6.241675e-01 6.300008e-01 5.269327e-02
6.300008e-01 6.358342e-01 6.416675e-01 5.287825e-02
6.416675e-01 6.475008e-01 6.533341e-01 5.303149e-02
6.533341e-01 6.591675e-01 6.650008e-01 5.315392e-02
6.650008e-01 6.708341e-01 6.766675e-01 5.324649e-02
6.766675e-01 6.825008e-01 6.883341e-01 5.331011e-02
6.883341e-01 6.941675e-01 7.000008e-01 5.334574e-02
7.000008e-01 7.058341e-01 7.116675e-01 5.335428e-02
7.116675e-01 7.175008e-01 7.233341e-01 5.333666e-02
7.233341e-01 7.291675e-01 7.350008e-01 5.329379e-02
7.350008e-01 7.408341e-01 7.466675e-01 5.322657e-02
7.466675e-01 7.525008e-01 7.583341e-01 5.313590e-02
7.583341e-01 7.641674e-01 7.700008e-01 5.302267e-02
7.700008e-01 7.758341e-01 7.816674e-01 5.288772e-02
7.816674e-01 7.875008e-01 7.933341e-01 5.273193e-02
7.933341e-01 7.991674e-01 8.050008e-01 5.255614e-02
8.050008e-01 8.108341e-01 8.166674e-01 5.236117e-02
8.166674e-01 8.225008e-01 8.283341e-01 5.214783e-02
8.283341e-01 8.341674e-01 8.400008e-01 5.191693e-02
8.400008e-01 8.458341e-01 8.516674e-01 5.166924e-02
8.516674e-01 8.575008e-01 8.633341e-01 5.140554e-02
8.633341e-01 8.691674e-01 8.750007e-01 5.112656e-02
8.750007e-01 8.808341e-01 8.866674e-01 5.083304e-02
8.866674e-01 8.925007e-01 8.983341e-01 5.052569e-02
8.983341e-01 9.041674e-01 9.100007e-01 5.020521e-02
9.100007e-01 9.158341e-01 9.216674e-01 4.987229e-02
9.216674e-01 9.275007e-01 9.333341e-01 4.952758e-02
9.333341e-01 9.391674e-01 9.450007e-01 4.917173e-02
9.450007e-01 9.508341e-01 9.566674e-01 4.880537e-02
9.566674e-01 9.625007e-01 9.683341e-01 4.842911e-02
9.683341e-01 9.741674e-01 9.800007e-01 4.804355e-02
9.800007e-01 9.858341e-01 9.916674e-01 4.764926e-02
9.916674e-01 9.975007e-01 1.003334e+00 4.724680e-02
1.003334e+00 1.009167e+00 1.015001e+00 4.683672e-02
1.015001e+00 1.020834e+00 1.026667e+00 4.641955e-02
1.026667e+00 1.032501e+00 1.038334e+00 4.599579e-02
1.038334e+00 1.044167e+00 1.050001e+00 4.556594e-02
1.050001e+00 1.055834e+00 1.061667e+00 4.513049e-02
1.061667e+00 1.067501e+00 1.073334e+00 4.468989e-02
1.073334e+00 1.079167e+00 1.085001e+00 4.424459e-02
1.085001e+00 1.090834e+00 1.096667e+00 4.379503e-02
1.096667e+00 1.102501e+00 1.108334e+00 4.334163e-02
1.108334e+00 1.114167e+00 1.120001e+00 4.288478e-02
1.120001e+00 1.125834e+00 1.131667e+00 4.242489e-02
1.131667e+00 1.137501e+00 1.143334e+00 4.196232e-02
1.143334e+00 1.149167e+00 1.155001e+00 4.149743e-02
1.155001e+00 1.160834e+00 1.166667e+00 4.103059e-02
1.166667e+00 1.172501e+00 1.178334e+00 4.056211e-02
1.178334e+00 1.184167e+00 1.190001e+00 4.009233e-02
1.190001e+00 1.195834e+00 1.201667e+00 3.962156e-02
1.201667e+00 1.207501e+00 1.213334e+00 3.915008e-02
1.213334e+00 1.219167e+00 1.225001e+00 3.867820e-02
1.225001e+00 1.230834e+00 1.236667e+00 3.820618e-02
1.236667e+00 1.242501e+00 1.248334e+00 3.773428e-02
1.248334e+00 1.254167e+00 1.260001e+00 3.726276e-02
1.260001e+00 1.265834e+00 1.271667e+00 3.679186e-02
1.271667e+00 1.277501e+00 1.283334e+00 3.632182e-02
1.283334e+00 1.289167e+00 1.295001e+00 3.585284e-02
1.295001e+00 1.300834e+00 1.306667e+00 3.538514e-02
1.306667e+00 1.312501e+00 1.318334e+00 3.491892e-02
1.318334e+00 1.324167e+00 1.330001e+00 3.445438e-02
1.330001e+00 1.335834e+00 1.341667e+00 3.399169e-02
1.341667e+00 1.347501e+00 1.353334e+00 3.353103e-02
1.353334e+00 1.359167e+00 1.365001e+00 3.307256e-02
1.365001e+00 1.370834e+00 1.376667e+00 3.261644e-02
1.376667e+00 1.382501e+00 1.388334e+00 3.216282e-02
1.388334e+00 1.394167e+00 1.400001e+00 3.171185e-02
1.400001e+00 1.405834e+00 1.411667e+00 3.126364e-02
1.411667e+00 1.417501e+00 1.423334e+00 3.081833e-02
1.423334e+00 1.429167e+00 1.435001e+00 3.037604e-02
1.435001e+00 1.440834e+00 1.446667e+00 2.993688e-02
1.446667e+00 1.452501e+00 1.458334e+00 2.950096e-02
1.458334e+00 1.464167e+00 1.470001e+00 2.906836e-02
1.470001e+00 1.475834e+00 1.481667e+00 2.863919e-02
1.481667e+00 1.487501e+00 1.493334e+00 2.821353e-02
1.493334e+00 1.499167e+00 1.505001e+00 2.779147e-02
1.505001e+00 1.510834e+00 1.516667e+00 2.737307e-02
1.516667e+00 1.522501e+00 1.528334e+00 2.695841e-02
1.528334e+00 1.534167e+00 1.540001e+00 2.654755e-02
1.540001e+00 1.545834e+00 1.551667e+00 2.614056e-02
1.551667e+00 1.557501e+00 1.563334e+00 2.573747e-02
1.563334e+00 1.569167e+00 1.575001e+00 2.533836e-02
1.575001e+00 1.580834e+00 1.586667e+00 2.494325e-02
1.586667e+00 1.592501e+00 1.598334e+00 2.455220e-02
1.598334e+00 1.604167e+00 1.610001e+00 2.416524e-02
1.610001e+00 1.615834e+00 1.621667e+00 2.378240e-02
1.621667e+00 1.627501e+00 1.633334e+00 2.340371e-02
1.633334e+00 1.639167e+00 1.645001e+00 2.302920e-02
1.645001e+00 1.650834e+00 1.656667e+00 2.265889e-02
1.656667e+00 1.662501e+00 1.668334e+00 2.229279e-02
1.668334e+00 1.674167e+00 1.680001e+00 2.193093e-02
1.680001e+00 1.685834e+00 1.691667e+00 2.157332e-02
1.691667e+00 1.697501e+00 1.703334e+00 2.121995e-02
1.703334e+00 1.709167e+00 1.715001e+00 2.087085e-02
1.715001e+00 1.720834e+00 1.726667e+00 2.052602e-02
1.726667e+00 1.732501e+00 1.738334e+00 2.018545e-02
1.738334e+00 1.744167e+00 1.750000e+00 1.984914e-02
1.750000e+00 1.755834e+00 1.761667e+00 1.951710e-02
1.761667e+00 1.767500e+00 1.773334e+00 1.918931e-02
1.773334e+00 1.779167e+00 1.785000e+00 1.886576e-02
1.785000e+00 1.790834e+00 1.796667e+00 1.854646e-02
1.796667e+00 1.802500e+00 1.808334e+00 1.823137e-02
1.808334e+00 1.814167e+00 1.820000e+00 1.792049e-02
1.820000e+00 1.825834e+00 1.831667e+00 1.761381e-02
1.831667e+00 1.837500e+00 1.843334e+00 1.731130e-02
1.843334e+00 1.849167e+00 1.855000e+00 1.701295e-02
1.855000e+00 1.860834e+00 1.866667e+00 1.671873e-02
1.866667e+00 1.872500e+00 1.878334e+00 1.642863e-02
1.878334e+00 1.884167e+00 1.890000e+00 1.614261e-02
1.890000e+00 1.895834e+00 1.901667e+00 1.586066e-02
1.901667e+00 1.907500e+00 1.913334e+00 1.558275e-02
1.913334e+00 1.919167e+00 1.925000e+00 1.530885e-02
1.925000e+00 1.930834e+00 1.936667e+00 1.503893e-02
1.936667e+00 1.942500e+00 1.948334e+00 1.477297e-02
1.948334e+00 1.954167e+00 1.960000e+00 1.451093e-02
1.960000e+00 1.965834e+00 1.971667e+00 1.425278e-02
1.971667e+00 1.977500e+00 1.983334e+00 1.399849e-02
1.983334e+00 1.989167e+00 1.995000e+00 1.374803e-02
1.995000e+00 2.000834e+00 2.006667e+00 1.350136e-02
2.006667e+00 2.012500e+00 2.018334e+00 1.325846e-02
2.018334e+00 2.024167e+00 2.030000e+00 1.301928e-02
2.030000e+00 2.035834e+00 2.041667e+00 1.278378e-02
2.041667e+00 2.047500e+00 2.053334e+00 1.255195e-02
2.053334e+00 2.059167e+00 2.065000e+00 1.232373e-02
2.065000e+00 2.070834e+00 2.076667e+00 1.209909e-02
2.076667e+00 2.082500e+00 2.088334e+00 1.187799e-02
2.088334e+00 2.094167e+00 2.100000e+00 1.166040e-02
2.100000e+00 2.105834e+00 2.111667e+00 1.144629e-02
2.111667e+00 2.117500e+00 2.123334e+00 1.123560e-02
2.123334e+00 2.129167e+00 2.135000e+00 1.102830e-02
2.135000e+00 2.140834e+00 2.146667e+00 1.082436e-02
2.146667e+00 2.152500e+00 2.158334e+00 1.062374e-02
2.158334e+00 2.164167e+00 2.170000e+00 1.042639e-02
2.170000e+00 2.175834e+00 2.181667e+00 1.023228e-02
2.181667e+00 2.187500e+00 2.193334e+00 1.004137e-02
2.193334e+00 2.199167e+00 2.205000e+00 9.853618e-03
2.205000e+00 2.210834e+00 2.216667e+00 9.668988e-03
2.216667e+00 2.222500e+00 2.228334e+00 9.487441e-03
2.228334e+00 2.234167e+00 2.240000e+00 9.308937e-03
2.240000e+00 2.245834e+00 2.251667e+00 9.133437e-03
2.251667e+00 2.257500e+00 2.263334e+00 8.960903e-03
2.263334e+00 2.269167e+00 2.275000e+00 8.791295e-03
2.275000e+00 2.280834e+00 2.286667e+00 8.624575e-03
2.286667e+00 2.292500e+00 2.298334e+00 8.460704e-03
2.298334e+00 2.304167e+00 2.310000e+00 8.299644e-03
2.310000e+00 2.315834e+00 2.321667e+00 8.141356e-03
2.321667e+00 2.327500e+00 2.333334e+00 7.985803e-03
2.333334e+00 2.339167e+00 2.345000e+00 7.832946e-03
2.345000e+00 2.350834e+00 2.356667e+00 7.682748e-03
2.356667e+00 2.362500e+00 2.368334e+00 7.535171e-03
2.368334e+00 2.374167e+00 2.380000e+00 7.390177e-03
2.380000e+00 2.385834e+00 2.391667e+00 7.247731e-03
2.391667e+00 2.397500e+00 2.403334e+00 7.107794e-03
2.403334e+00 2.409167e+00 2.415000e+00 6.970330e-03
2.415000e+00 2.420834e+00 2.426667e+00 6.835304e-03
2.426667e+00 2.432500e+00 2.438334e+00 6.702678e-03
2.438334e+00 2.444167e+00 2.450000e+00 6.572418e-03
2.450000e+00 2.455834e+00 2.461667e+00 6.444487e-03
2.461667e+00 2.467500e+00 2.473334e+00 6.318851e-03
2.473334e+00 2.479167e+00 2.485000e+00 6.195475e-03
2.485000e+00 2.490834e+00 2.496667e+00 6.074324e-03
2.496667e+00 2.502500e+00 2.508334e+00 5.955364e-03
2.508334e+00 2.514167e+00 2.520000e+00 5.838561e-03
2.520000e+00 2.525834e+00 2.531667e+00 5.723881e-03
2.531667e+00 2.537500e+00 2.543334e+00 5.611292e-03
2.543334e+00 2.549167e+00 2.555000e+00 5.500760e-03
2.555000e+00 2.560834e+00 2.566667e+00 5.392253e-03
2.566667e+00 2.572500e+00 2.578334e+00 5.285738e-03
2.578334e+00 2.584167e+00 2.590000e+00 5.181184e-03
2.590000e+00 2.595834e+00 2.601667e+00 5.078560e-03
2.601667e+00 2.607500e+00 2.613334e+00 4.977833e-03
2.613334e+00 2.619167e+00 2.625000e+00 4.878974e-03
2.625000e+00 2.630834e+00 2.636667e+00 4.781951e-03
2.636667e+00 2.642500e+00 2.648334e+00 4.686736e-03
2.648334e+00 2.654167e+00 2.660000e+00 4.593297e-03
2.660000e+00 2.665834e+00 2.671667e+00 4.501605e-03
2.671667e+00 2.677500e+00 2.683334e+00 4.411633e-03
2.683334e+00 2.689167e+00 2.695000e+00 4.323350e-03
2.695000e+00 2.700834e+00 2.706667e+00 4.236728e-03
2.706667e+00 2.712500e+00 2.718334e+00 4.151740e-03
2.718334e+00 2.724167e+00 2.730000e+00 4.068359e-03
2.730000e+00 2.735834e+00 2.741667e+00 3.986556e-03
2.741667e+00 2.747500e+00 2.753334e+00 3.906305e-03
2.753334e+00 2.759167e+00 2.765000e+00 3.827579e-03
2.765000e+00 2.770834e+00 2.776667e+00 3.750353e-03
2.776667e+00 2.782500e+00 2.788334e+00 3.674601e-03
2.788334e+00 2.794167e+00 2.800000e+00 3.600296e-03
2.800000e+00 2.805834e+00 2.811667e+00 3.527414e-03
2.811667e+00 2.817500e+00 2.823334e+00 3.455931e-03
2.823334e+00 2.829167e+00 2.835000e+00 3.385821e-03
2.835000e+00 2.840834e+00 2.846667e+00 3.317061e-03
2.846667e+00 2.852500e+00 2.858334e+00 3.249627e-03
2.858334e+00 2.864167e+00 2.870000e+00 3.183496e-03
2.870000e+00 2.875834e+00 2.881667e+00 3.118644e-03
2.881667e+00 2.887500e+00 2.893334e+00 3.055050e-03
2.893334e+00 2.899167e+00 2.905000e+00 2.992690e-03
2.905000e+00 2.910834e+00 2.916667e+00 2.931542e-03
2.916667e+00 2.922500e+00 2.928333e+00 2.871586e-03
2.928333e+00 2.934167e+00 2.940000e+00 2.812799e-03
2.940000e+00 2.945833e+00 2.951667e+00 2.755160e-03
2.951667e+00 2.957500e+00 2.963333e+00 2.698650e-03
2.963333e+00 2.969167e+00 2.975000e+00 2.643246e-03
2.975000e+00 2.980833e+00 2.986667e+00 2.588930e-03
2.986667e+00 2.992500e+00 2.998333e+00 2.535682e-03
2.998333e+00 3.004167e+00 3.010000e+00 2.483481e-03
3.010000e+00 3.015833e+00 3.021667e+00 2.432310e-03
3.021667e+00 3.027500e+00 3.033333e+00 2.382148e-03
3.033333e+00 3.039167e+00 3.045000e+00 2.332978e-03
3.045000e+00 3.050833e+00 3.056667e+00 2.284781e-03
3.056667e+00 3.062500e+00 3.068333e+00 2.237540e-03
3.068333e+00 3.074167e+00 3.080000e+00 2.191236e-03
3.080000e+00 3.085833e+00 3.091667e+00 2.145852e-03
3.091667e+00 3.097500e+00 3.103333e+00 2.101371e-03
3.103333e+00 3.109167e+00 3.115000e+00 2.057777e-03
3.115000e+00 3.120833e+00 3.126667e+00 2.015052e-03
3.126667e+00 3.132500e+00 3.138333e+00 1.973180e-03
3.138333e+00 3.144167e+00 3.150000e+00 1.932146e-03
3.150000e+00 3.155833e+00 3.161667e+00 1.891934e-03
3.161667e+00 3.167500e+00 3.173333e+00 1.852528e-03
3.173333e+00 3.179167e+00 3.185000e+00 1.813913e-03
3.185000e+00 3.190833e+00 3.196667e+00 1.776074e-03
3.196667e+00 3.202500e+00 3.208333e+00 1.738996e-03
3.208333e+00 3.214167e+00 3.220000e+00 1.702665e-03
3.220000e+00 3.225833e+00 3.231667e+00 1.667067e-03
3.231667e+00 3.237500e+00 3.243333e+00 1.632188e-03
3.243333e+00 3.249167e+00 3.255000e+00 1.598013e-03
3.255000e+00 3.260833e+00 3.266667e+00 1.564530e-03
3.266667e+00 3.272500e+00 3.278333e+00 1.531726e-03
3.278333e+00 3.284167e+00 3.290000e+00 1.499586e-03
3.290000e+00 3.295833e+00 3.301667e+00 1.468099e-03
3.301667e+00 3.307500e+00 3.313333e+00 1.437252e-03
3.313333e+00 3.319167e+00 3.325000e+00 1.407032e-03
3.325000e+00 3.330833e+00 3.336667e+00 1.377428e-03
3.336667e+00 3.342500e+00 3.348333e+00 1.348427e-03
3.348333e+00 3.354167e+00 3.360000e+00 1.320018e-03
3.360000e+00 3.365833e+00 3.371667e+00 1.292189e-03
3.371667e+00 3.377500e+00 3.383333e+00 1.264929e-03
3.383333e+00 3.389167e+00 3.395000e+00 1.238228e-03
3.395000e+00 3.400833e+00 3.406667e+00 1.212073e-03
3.406667e+00 3.412500e+00 3.418333e+00 1.186454e-03
3.418333e+00 3.424167e+00 3.430000e+00 1.161361e-03
3.430000e+00 3.435833e+00 3.441667e+00 1.136784e-03
3.441667e+00 3.447500e+00 3.453333e+00 1.112712e-03
3.453333e+00 3.459167e+00 3.465000e+00 1.089135e-03
3.465000e+00 3.470833e+00 3.476667e+00 1.066044e-03
3.476667e+00 3.482500e+00 3.488333e+00 1.043430e-03
3.488333e+00 3.494167e+00 3.500000e+00 1.021281e-03
