1.000000e-06 5.834332e-03 1.166766e-02 3.304803e-05
1.166766e-02 1.750099e-02 2.333433e-02 2.823187e-04
2.333433e-02 2.916766e-02 3.500099e-02 7.466212e-04
3.500099e-02 4.083432e-02 4.666765e-02 1.395390e-03
4.666765e-02 5.250099e-02 5.833432e-02 2.201825e-03
5.833432e-02 6.416765e-02 7.000098e-02 3.142160e-03
7.000098e-02 7.583431e-02 8.166764e-02 4.195204e-03
8.166764e-02 8.750097e-02 9.333431e-02 5.342003e-03
9.333431e-02 9.916764e-02 1.050010e-01 6.565578e-03
1.050010e-01 1.108343e-01 1.166676e-01 7.850710e-03
1.166676e-01 1.225010e-01 1.283343e-01 9.183758e-03
1.283343e-01 1.341676e-01 1.400010e-01 1.055250e-02
1.400010e-01 1.458343e-01 1.516676e-01 1.194599e-02
1.516676e-01 1.575010e-01 1.633343e-01 1.335446e-02
1.633343e-01 1.691676e-01 1.750009e-01 1.476918e-02
1.750009e-01 1.808343e-01 1.866676e-01 1.618238e-02
1.866676e-01 1.925009e-01 1.983343e-01 1.758717e-02
1.983343e-01 2.041676e-01 2.100009e-01 1.897745e-02
2.100009e-01 2.158343e-01 2.216676e-01 2.034783e-02
2.216676e-01 2.275009e-01 2.333343e-01 2.169359e-02
2.333343e-01 2.391676e-01 2.450009e-01 2.301061e-02
2.450009e-01 2.508343e-01 2.566676e-01 2.429530e-02
2.566676e-01 2.625009e-01 2.683343e-01 2.554459e-02
2.683343e-01 2.741676e-01 2.800009e-01 2.675584e-02
2.800009e-01 2.858343e-01 2.916676e-01 2.792684e-02
2.916676e-01 2.975009e-01 3.033342e-01 2.905573e-02
3.033342e-01 3.091676e-01 3.150009e-01 3.014102e-02
3.150009e-01 3.208342e-01 3.266676e-01 3.118150e-02
3.266676e-01 3.325009e-01 3.383342e-01 3.217625e-02
3.383342e-01 3.441676e-01 3.500009e-01 3.312461e-02
3.500009e-01 3.558342e-01 3.616676e-01 3.402613e-02
3.616676e-01 3.675009e-01 3.733342e-01 3.488058e-02
3.733342e-01 3.791676e-01 3.850009e-01 3.568791e-02
3.850009e-01 3.908342e-01 3.966676e-01 3.644824e-02
3.966676e-01 4.025009e-01 4.083342e-01 3.716182e-02
4.083342e-01 4.141675e-01 4.200009e-01 3.782906e-02
4.200009e-01 4.258342e-01 4.316675e-01 3.845046e-02
4.316675e-01 4.375009e-01 4.433342e-01 3.902665e-02
4.433342e-01 4.491675e-01 4.550009e-01 3.955834e-02
4.550009e-01 4.608342e-01 4.666675e-01 4.004631e-02
4.666675e-01 4.725009e-01 4.783342e-01 4.049142e-02
4.783342e-01 4.841675e-01 4.900009e-01 4.089460e-02
4.900009e-01 4.958342e-01 5.016675e-01 4.125681e-02
5.016675e-01 5.075009e-01 5.133342e-01 4.157907e-02
5.133342e-01 5.191675e-01 5.250008e-01 4.186244e-02
5.250008e-01 5.308342e-01 5.366675e-01 4.210800e-02
5.366675e-01 5.425008e-01 5.483342e-01 4.231684e-02
5.483342e-01 5.541675e-01 5.600008e-01 4.249010e-02
5.600008e-01 5.658342e-01 5.716675e-01 4.262892e-02
5.716675e-01 5.775008e-01 5.833342e-01 4.273443e-02
5.833342e-01 5.891675e-01 5.950008e-01 4.280779e-02
5.950008e-01 6.008342e-01 6.066675e-01 4.285015e-02
6.066675e-01 6.125008e-01 6.183342e-01 4.286266e-02
6.183342e-01 6.241675e-01 6.300008e-01 4.284647e-02
6.300008e-01 6.358342e-01 6.416675e-01 4.280270e-02
6.416675e-01 6.475008e-01 6.533341e-01 4.273248e-02
6.533341e-01 6.591675e-01 6.650008e-01 4.263693e-02
6.650008e-01 6.708341e-01 6.766675e-01 4.251714e-02
6.766675e-01 6.825008e-01 6.883341e-01 4.237418e-02
6.883341e-01 6.941675e-01 7.000008e-01 4.220913e-02
7.000008e-01 7.058341e-01 7.116675e-01 4.202303e-02
7.116675e-01 7.175008e-01 7.233341e-01 4.181690e-02
7.233341e-01 7.291675e-01 7.350008e-01 4.159173e-02
7.350008e-01 7.408341e-01 7.466675e-01 4.134852e-02
7.466675e-01 7.525008e-01 7.583341e-01 4.108821e-02
7.583341e-01 7.641674e-01 7.700008e-01 4.081174e-02
7.700008e-01 7.758341e-01 7.816674e-01 4.052002e-02
7.816674e-01 7.875008e-01 7.933341e-01 4.021394e-02
7.933341e-01 7.991674e-01 8.050008e-01 3.989435e-02
8.050008e-01 8.108341e-01 8.166674e-01 3.956210e-02
8.166674e-01 8.225008e-01 8.283341e-01 3.921799e-02
8.283341e-01 8.341674e-01 8.400008e-01 3.886281e-02
8.400008e-01 8.458341e-01 8.516674e-01 3.849732e-02
8.516674e-01 8.575008e-01 8.633341e-01 3.812227e-02
8.633341e-01 8.691674e-01 8.750007e-01 3.773837e-02
8.750007e-01 8.808341e-01 8.866674e-01 3.734630e-02
8.866674e-01 8.925007e-01 8.983341e-01 3.694674e-02
8.983341e-01 9.041674e-01 9.100007e-01 3.654032e-02
9.100007e-01 9.158341e-01 9.216674e-01 3.612767e-02
9.216674e-01 9.275007e-01 9.333341e-01 3.570938e-02
9.333341e-01 9.391674e-01 9.450007e-01 3.528602e-02
9.450007e-01 9.508341e-01 9.566674e-01 3.485816e-02
9.566674e-01 9.625007e-01 9.683341e-01 3.442631e-02
9.683341e-01 9.741674e-01 9.800007e-01 3.399099e-02
9.800007e-01 9.858341e-01 9.916674e-01 3.355268e-02
9.916674e-01 9.975007e-01 1.003334e+00 3.311186e-02
1.003334e+00 1.009167e+00 1.015001e+00 3.266897e-02
1.015001e+00 1.020834e+00 1.026667e+00 3.222444e-02
1.026667e+00 1.032501e+00 1.038334e+00 3.177869e-02
1.038334e+00 1.044167e+00 1.050001e+00 3.133209e-02
1.050001e+00 1.055834e+00 1.061667e+00 3.088503e-02
1.061667e+00 1.067501e+00 1.073334e+00 3.043786e-02
1.073334e+00 1.079167e+00 1.085001e+00 2.999092e-02
1.085001e+00 1.090834e+00 1.096667e+00 2.954453e-02
1.096667e+00 1.102501e+00 1.108334e+00 2.909901e-02
1.108334e+00 1.114167e+00 1.120001e+00 2.865463e-02
1.120001e+00 1.125834e+00 1.131667e+00 2.821168e-02
1.131667e+00 1.137501e+00 1.143334e+00 2.777042e-02
1.143334e+00 1.149167e+00 1.155001e+00 2.733109e-02
1.155001e+00 1.160834e+00 1.166667e+00 2.689393e-02
1.166667e+00 1.172501e+00 1.178334e+00 2.645916e-02
1.178334e+00 1.184167e+00 1.190001e+00 2.602699e-02
1.190001e+00 1.195834e+00 1.201667e+00 2.559761e-02
1.201667e+00 1.207501e+00 1.213334e+00 2.517121e-02
1.213334e+00 1.219167e+00 1.225001e+00 2.474795e-02
1.225001e+00 1.230834e+00 1.236667e+00 2.432800e-02
1.236667e+00 1.242501e+00 1.248334e+00 2.391151e-02
1.248334e+00 1.254167e+00 1.260001e+00 2.349862e-02
1.260001e+00 1.265834e+00 1.271667e+00 2.308946e-02
1.271667e+00 1.277501e+00 1.283334e+00 2.268415e-02
1.283334e+00 1.289167e+00 1.295001e+00 2.228281e-02
1.295001e+00 1.300834e+00 1.306667e+00 2.188552e-02
1.306667e+00 1.312501e+00 1.318334e+00 2.149240e-02
1.318334e+00 1.324167e+00 1.330001e+00 2.110352e-02
1.330001e+00 1.335834e+00 1.341667e+00 2.071897e-02
1.341667e+00 1.347501e+00 1.353334e+00 2.033881e-02
1.353334e+00 1.359167e+00 1.365001e+00 1.996311e-02
1.365001e+00 1.370834e+00 1.376667e+00 1.959192e-02
1.376667e+00 1.382501e+00 1.388334e+00 1.922531e-02
1.388334e+00 1.394167e+00 1.400001e+00 1.886330e-02
1.400001e+00 1.405834e+00 1.411667e+00 1.850595e-02
1.411667e+00 1.417501e+00 1.423334e+00 1.815328e-02
1.423334e+00 1.429167e+00 1.435001e+00 1.780532e-02
1.435001e+00 1.440834e+00 1.446667e+00 1.746210e-02
1.446667e+00 1.452501e+00 1.458334e+00 1.712363e-02
1.458334e+00 1.464167e+00 1.470001e+00 1.678992e-02
1.470001e+00 1.475834e+00 1.481667e+00 1.646098e-02
1.481667e+00 1.487501e+00 1.493334e+00 1.613682e-02
1.493334e+00 1.499167e+00 1.505001e+00 1.581744e-02
1.505001e+00 1.510834e+00 1.516667e+00 1.550284e-02
1.516667e+00 1.522501e+00 1.528334e+00 1.519299e-02
1.528334e+00 1.534167e+00 1.540001e+00 1.488791e-02
1.540001e+00 1.545834e+00 1.551667e+00 1.458757e-02
1.551667e+00 1.557501e+00 1.563334e+00 1.429195e-02
1.563334e+00 1.569167e+00 1.575001e+00 1.400104e-02
1.575001e+00 1.580834e+00 1.586667e+00 1.371481e-02
1.586667e+00 1.592501e+00 1.598334e+00 1.343324e-02
1.598334e+00 1.604167e+00 1.610001e+00 1.315630e-02
1.610001e+00 1.615834e+00 1.621667e+00 1.288397e-02
1.621667e+00 1.627501e+00 1.633334e+00 1.261620e-02
1.633334e+00 1.639167e+00 1.645001e+00 1.235297e-02
1.645001e+00 1.650834e+00 1.656667e+00 1.209424e-02
1.656667e+00 1.662501e+00 1.668334e+00 1.183998e-02
1.668334e+00 1.674167e+00 1.680001e+00 1.159013e-02
1.680001e+00 1.685834e+00 1.691667e+00 1.134468e-02
1.691667e+00 1.697501e+00 1.703334e+00 1.110357e-02
1.703334e+00 1.709167e+00 1.715001e+00 1.086675e-02
1.715001e+00 1.720834e+00 1.726667e+00 1.063420e-02
1.726667e+00 1.732501e+00 1.738334e+00 1.040585e-02
1.738334e+00 1.744167e+00 1.750000e+00 1.018167e-02
1.750000e+00 1.755834e+00 1.761667e+00 9.961613e-03
1.761667e+00 1.767500e+00 1.773334e+00 9.745623e-03
1.773334e+00 1.779167e+00 1.785000e+00 9.533656e-03
1.785000e+00 1.790834e+00 1.796667e+00 9.325662e-03
1.796667e+00 1.802500e+00 1.808334e+00 9.121593e-03
1.808334e+00 1.814167e+00 1.820000e+00 8.921397e-03
1.820000e+00 1.825834e+00 1.831667e+00 8.725024e-03
1.831667e+00 1.837500e+00 1.843334e+00 8.532425e-03
1.843334e+00 1.849167e+00 1.855000e+00 8.343547e-03
1.855000e+00 1.860834e+00 1.866667e+00 8.158339e-03
1.866667e+00 1.872500e+00 1.878334e+00 7.976750e-03
1.878334e+00 1.884167e+00 1.890000e+00 7.798729e-03
1.890000e+00 1.895834e+00 1.901667e+00 7.624222e-03
1.901667e+00 1.907500e+00 1.913334e+00 7.453179e-03
1.913334e+00 1.919167e+00 1.925000e+00 7.285549e-03
1.925000e+00 1.930834e+00 1.936667e+00 7.121278e-03
1.936667e+00 1.942500e+00 1.948334e+00 6.960316e-03
1.948334e+00 1.954167e+00 1.960000e+00 6.802611e-03
1.960000e+00 1.965834e+00 1.971667e+00 6.648112e-03
1.971667e+00 1.977500e+00 1.983334e+00 6.496767e-03
1.983334e+00 1.989167e+00 1.995000e+00 6.348527e-03
1.995000e+00 2.000834e+00 2.006667e+00 6.203339e-03
2.006667e+00 2.012500e+00 2.018334e+00 6.061154e-03
2.018334e+00 2.024167e+00 2.030000e+00 5.921923e-03
2.030000e+00 2.035834e+00 2.041667e+00 5.785594e-03
2.041667e+00 2.047500e+00 2.053334e+00 5.652119e-03
2.053334e+00 2.059167e+00 2.065000e+00 5.521449e-03
2.065000e+00 2.070834e+00 2.076667e+00 5.393536e-03
2.076667e+00 2.082500e+00 2.088334e+00 5.268330e-03
2.088334e+00 2.094167e+00 2.100000e+00 5.145785e-03
2.100000e+00 2.105834e+00 2.111667e+00 5.025853e-03
2.111667e+00 2.117500e+00 2.123334e+00 4.908488e-03
2.123334e+00 2.129167e+00 2.135000e+00 4.793643e-03
2.135000e+00 2.140834e+00 2.146667e+00 4.681272e-03
2.146667e+00 2.152500e+00 2.158334e+00 4.571330e-03
2.158334e+00 2.164167e+00 2.170000e+00 4.463773e-03
2.170000e+00 2.175834e+00 2.181667e+00 4.358555e-03
2.181667e+00 2.187500e+00 2.193334e+00 4.255633e-03
2.193334e+00 2.199167e+00 2.205000e+00 4.154965e-03
2.205000e+00 2.210834e+00 2.216667e+00 4.056506e-03
2.216667e+00 2.222500e+00 2.228334e+00 3.960216e-03
2.228334e+00 2.234167e+00 2.240000e+00 3.866052e-03
2.240000e+00 2.245834e+00 2.251667e+00 3.773974e-03
2.251667e+00 2.257500e+00 2.263334e+00 3.683941e-03
2.263334e+00 2.269167e+00 2.275000e+00 3.595913e-03
2.275000e+00 2.280834e+00 2.286667e+00 3.509850e-03
2.286667e+00 2.292500e+00 2.298334e+00 3.425715e-03
2.298334e+00 2.304167e+00 2.310000e+00 3.343468e-03
2.310000e+00 2.315834e+00 2.321667e+00 3.263072e-03
2.321667e+00 2.327500e+00 2.333334e+00 3.184491e-03
2.333334e+00 2.339167e+00 2.345000e+00 3.107687e-03
2.345000e+00 2.350834e+00 2.356667e+00 3.032624e-03
2.356667e+00 2.362500e+00 2.368334e+00 2.959267e-03
2.368334e+00 2.374167e+00 2.380000e+00 2.887582e-03
2.380000e+00 2.385834e+00 2.391667e+00 2.817534e-03
2.391667e+00 2.397500e+00 2.403334e+00 2.749089e-03
2.403334e+00 2.409167e+00 2.415000e+00 2.682215e-03
2.415000e+00 2.420834e+00 2.426667e+00 2.616877e-03
2.426667e+00 2.432500e+00 2.438334e+00 2.553046e-03
2.438334e+00 2.444167e+00 2.450000e+00 2.490688e-03
2.450000e+00 2.455834e+00 2.461667e+00 2.429773e-03
2.461667e+00 2.467500e+00 2.473334e+00 2.370271e-03
2.473334e+00 2.479167e+00 2.485000e+00 2.312151e-03
2.485000e+00 2.490834e+00 2.496667e+00 2.255384e-03
2.496667e+00 2.502500e+00 2.508334e+00 2.199942e-03
2.508334e+00 2.514167e+00 2.520000e+00 2.145796e-03
2.520000e+00 2.525834e+00 2.531667e+00 2.092917e-03
2.531667e+00 2.537500e+00 2.543334e+00 2.041280e-03
2.543334e+00 2.549167e+00 2.555000e+00 1.990856e-03
2.555000e+00 2.560834e+00 2.566667e+00 1.941620e-03
2.566667e+00 2.572500e+00 2.578334e+00 1.893546e-03
2.578334e+00 2.584167e+00 2.590000e+00 1.846608e-03
2.590000e+00 2.595834e+00 2.601667e+00 1.800782e-03
2.601667e+00 2.607500e+00 2.613334e+00 1.756042e-03
2.613334e+00 2.619167e+00 2.625000e+00 1.712366e-03
2.625000e+00 2.630834e+00 2.636667e+00 1.669729e-03
2.636667e+00 2.642500e+00 2.648334e+00 1.628109e-03
2.648334e+00 2.654167e+00 2.660000e+00 1.587483e-03
2.660000e+00 2.665834e+00 2.671667e+00 1.547828e-03
2.671667e+00 2.677500e+00 2.683334e+00 1.509124e-03
2.683334e+00 2.689167e+00 2.695000e+00 1.471348e-03
2.695000e+00 2.700834e+00 2.706667e+00 1.434480e-03
2.706667e+00 2.712500e+00 2.718334e+00 1.398500e-03
2.718334e+00 2.724167e+00 2.730000e+00 1.363387e-03
2.730000e+00 2.735834e+00 2.741667e+00 1.329121e-03
2.741667e+00 2.747500e+00 2.753334e+00 1.295685e-03
2.753334e+00 2.759167e+00 2.765000e+00 1.263057e-03
2.765000e+00 2.770834e+00 2.776667e+00 1.231221e-03
2.776667e+00 2.782500e+00 2.788334e+00 1.200158e-03
2.788334e+00 2.794167e+00 2.800000e+00 1.169851e-03
2.800000e+00 2.805834e+00 2.811667e+00 1.140281e-03
2.811667e+00 2.817500e+00 2.823334e+00 1.111433e-03
2.823334e+00 2.829167e+00 2.835000e+00 1.083289e-03
2.835000e+00 2.840834e+00 2.846667e+00 1.055833e-03
2.846667e+00 2.852500e+00 2.858334e+00 1.029049e-03
2.858334e+00 2.864167e+00 2.870000e+00 1.002922e-03
2.870000e+00 2.875834e+00 2.881667e+00 9.774360e-04
2.881667e+00 2.887500e+00 2.893334e+00 9.525765e-04
2.893334e+00 2.899167e+00 2.905000e+00 9.283286e-04
2.905000e+00 2.910834e+00 2.916667e+00 9.046782e-04
2.916667e+00 2.922500e+00 2.928333e+00 8.816112e-04
2.928333e+00 2.934167e+00 2.940000e+00 8.591138e-04
2.940000e+00 2.945833e+00 2.951667e+00 8.371728e-04
2.951667e+00 2.957500e+00 2.963333e+00 8.157749e-04
2.963333e+00 2.969167e+00 2.975000e+00 7.949073e-04
2.975000e+00 2.980833e+00 2.986667e+00 7.745576e-04
2.986667e+00 2.992500e+00 2.998333e+00 7.547133e-04
2.998333e+00 3.004167e+00 3.010000e+00 7.353625e-04
3.010000e+00 3.015833e+00 3.021667e+00 7.164935e-04
3.021667e+00 3.027500e+00 3.033333e+00 6.980948e-04
3.033333e+00 3.039167e+00 3.045000e+00 6.801551e-04
3.045000e+00 3.050833e+00 3.056667e+00 6.626636e-04
3.056667e+00 3.062500e+00 3.068333e+00 6.456093e-04
3.068333e+00 3.074167e+00 3.080000e+00 6.289820e-04
3.080000e+00 3.085833e+00 3.091667e+00 6.127712e-04
3.091667e+00 3.097500e+00 3.103333e+00 5.969670e-04
3.103333e+00 3.109167e+00 3.115000e+00 5.815596e-04
3.115000e+00 3.120833e+00 3.126667e+00 5.665394e-04
3.126667e+00 3.132500e+00 3.138333e+00 5.518971e-04
3.138333e+00 3.144167e+00 3.150000e+00 5.376234e-04
3.150000e+00 3.155833e+00 3.161667e+00 5.237095e-04
3.161667e+00 3.167500e+00 3.173333e+00 5.101467e-04
3.173333e+00 3.179167e+00 3.185000e+00 4.969263e-04
3.185000e+00 3.190833e+00 3.196667e+00 4.840401e-04
3.196667e+00 3.202500e+00 3.208333e+00 4.714799e-04
3.208333e+00 3.214167e+00 3.220000e+00 4.592378e-04
3.220000e+00 3.225833e+00 3.231667e+00 4.473059e-04
3.231667e+00 3.237500e+00 3.243333e+00 4.356768e-04
3.243333e+00 3.249167e+00 3.255000e+00 4.243429e-04
3.255000e+00 3.260833e+00 3.266667e+00 4.132970e-04
3.266667e+00 3.272500e+00 3.278333e+00 4.025320e-04
3.278333e+00 3.284167e+00 3.290000e+00 3.920411e-04
3.290000e+00 3.295833e+00 3.301667e+00 3.818174e-04
3.301667e+00 3.307500e+00 3.313333e+00 3.718545e-04
3.313333e+00 3.319167e+00 3.325000e+00 3.621458e-04
3.325000e+00 3.330833e+00 3.336667e+00 3.526850e-04
3.336667e+00 3.342500e+00 3.348333e+00 3.434661e-04
3.348333e+00 3.354167e+00 3.360000e+00 3.344830e-04
3.360000e+00 3.365833e+00 3.371667e+00 3.257299e-04
3.371667e+00 3.377500e+00 3.383333e+00 3.172010e-04
3.383333e+00 3.389167e+00 3.395000e+00 3.088909e-04
3.395000e+00 3.400833e+00 3.406667e+00 3.007940e-04
3.406667e+00 3.412500e+00 3.418333e+00 2.929050e-04
3.418333e+00 3.424167e+00 3.430000e+00 2.852188e-04
3.430000e+00 3.435833e+00 3.441667e+00 2.777302e-04
3.441667e+00 3.447500e+00 3.453333e+00 2.704344e-04
3.453333e+00 3.459167e+00 3.465000e+00 2.633265e-04
3.465000e+00 3.470833e+00 3.476667e+00 2.564018e-04
3.476667e+00 3.482500e+00 3.488333e+00 2.496558e-04
3.488333e+00 3.494167e+00 3.500000e+00 2.430838e-04
