1.000000e-06 5.834332e-03 1.166766e-02 3.301977e-05
1.166766e-02 1.750099e-02 2.333433e-02 2.820076e-04
2.333433e-02 2.916766e-02 3.500099e-02 7.459932e-04
3.500099e-02 4.083432e-02 4.666765e-02 1.394942e-03
4.666765e-02 5.250099e-02 5.833432e-02 2.202641e-03
5.833432e-02 6.416765e-02 7.000098e-02 3.145899e-03
7.000098e-02 7.583431e-02 8.166764e-02 4.204055e-03
8.166764e-02 8.750097e-02 9.333431e-02 5.358628e-03
9.333431e-02 9.916764e-02 1.050010e-01 6.593054e-03
1.050010e-01 1.108343e-01 1.166676e-01 7.892463e-03
1.166676e-01 1.225010e-01 1.283343e-01 9.243503e-03
1.283343e-01 1.341676e-01 1.400010e-01 1.063418e-02
1.400010e-01 1.458343e-01 1.516676e-01 1.205373e-02
1.516676e-01 1.575010e-01 1.633343e-01 1.349251e-02
1.633343e-01 1.691676e-01 1.750009e-01 1.494185e-02
1.750009e-01 1.808343e-01 1.866676e-01 1.639404e-02
1.866676e-01 1.925009e-01 1.983343e-01 1.784217e-02
1.983343e-01 2.041676e-01 2.100009e-01 1.928009e-02
2.100009e-01 2.158343e-01 2.216676e-01 2.070237e-02
2.216676e-01 2.275009e-01 2.333343e-01 2.210418e-02
2.333343e-01 2.391676e-01 2.450009e-01 2.348127e-02
2.450009e-01 2.508343e-01 2.566676e-01 2.482992e-02
2.566676e-01 2.625009e-01 2.683343e-01 2.614689e-02
2.683343e-01 2.741676e-01 2.800009e-01 2.742937e-02
2.800009e-01 2.858343e-01 2.916676e-01 2.867497e-02
2.916676e-01 2.975009e-01 3.033342e-01 2.988162e-02
3.033342e-01 3.091676e-01 3.150009e-01 3.104763e-02
3.150009e-01 3.208342e-01 3.266676e-01 3.217157e-02
3.266676e-01 3.325009e-01 3.383342e-01 3.325232e-02
3.383342e-01 3.441676e-01 3.500009e-01 3.428897e-02
3.500009e-01 3.558342e-01 3.616676e-01 3.528088e-02
3.616676e-01 3.675009e-01 3.733342e-01 3.622758e-02
3.733342e-01 3.791676e-01 3.850009e-01 3.712880e-02
3.850009e-01 3.908342e-01 3.966676e-01 3.798443e-02
3.966676e-01 4.025009e-01 4.083342e-01 3.879453e-02
4.083342e-01 4.141675e-01 4.200009e-01 3.955927e-02
4.200009e-01 4.258342e-01 4.316675e-01 4.027896e-02
4.316675e-01 4.375009e-01 4.433342e-01 4.095402e-02
4.433342e-01 4.491675e-01 4.550009e-01 4.158494e-02
4.550009e-01 4.608342e-01 4.666675e-01 4.217233e-02
4.666675e-01 4.725009e-01 4.783342e-01 4.271687e-02
4.783342e-01 4.841675e-01 4.900009e-01 4.321929e-02
4.900009e-01 4.958342e-01 5.016675e-01 4.368038e-02
5.016675e-01 5.075009e-01 5.133342e-01 4.410101e-02
5.133342e-01 5.191675e-01 5.250008e-01 4.448205e-02
5.250008e-01 5.308342e-01 5.366675e-01 4.482445e-02
5.366675e-01 5.425008e-01 5.483342e-01 4.512917e-02
5.483342e-01 5.541675e-01 5.600008e-01 4.539718e-02
5.600008e-01 5.658342e-01 5.716675e-01 4.562950e-02
5.716675e-01 5.775008e-01 5.833342e-01 4.582716e-02
5.833342e-01 5.891675e-01 5.950008e-01 4.599118e-02
5.950008e-01 6.008342e-01 6.066675e-01 4.612261e-02
6.066675e-01 6.125008e-01 6.183342e-01 4.622250e-02
6.183342e-01 6.241675e-01 6.300008e-01 4.629189e-02
6.300008e-01 6.358342e-01 6.416675e-01 4.633185e-02
6.416675e-01 6.475008e-01 6.533341e-01 4.634341e-02
6.533341e-01 6.591675e-01 6.650008e-01 4.632761e-02
6.650008e-01 6.708341e-01 6.766675e-01 4.628548e-02
6.766675e-01 6.825008e-01 6.883341e-01 4.621804e-02
6.883341e-01 6.941675e-01 7.000008e-01 4.612629e-02
7.000008e-01 7.058341e-01 7.116675e-01 4.601124e-02
7.116675e-01 7.175008e-01 7.233341e-01 4.587387e-02
7.233341e-01 7.291675e-01 7.350008e-01 4.571513e-02
7.350008e-01 7.408341e-01 7.466675e-01 4.553598e-02
7.466675e-01 7.525008e-01 7.583341e-01 4.533734e-02
7.583341e-01 7.641674e-01 7.700008e-01 4.512013e-02
7.700008e-01 7.758341e-01 7.816674e-01 4.488524e-02
7.816674e-01 7.875008e-01 7.933341e-01 4.463353e-02
7.933341e-01 7.991674e-01 8.050008e-01 4.436588e-02
8.050008e-01 8.108341e-01 8.166674e-01 4.408309e-02
8.166674e-01 8.225008e-01 8.283341e-01 4.378600e-02
8.283341e-01 8.341674e-01 8.400008e-01 4.347538e-02
8.400008e-01 8.458341e-01 8.516674e-01 4.315201e-02
8.516674e-01 8.575008e-01 8.633341e-01 4.281663e-02
8.633341e-01 8.691674e-01 8.750007e-01 4.246998e-02
8.750007e-01 8.808341e-01 8.866674e-01 4.211276e-02
8.866674e-01 8.925007e-01 8.983341e-01 4.174565e-02
8.983341e-01 9.041674e-01 9.100007e-01 4.136931e-02
9.100007e-01 9.158341e-01 9.216674e-01 4.098440e-02
9.216674e-01 9.275007e-01 9.333341e-01 4.059153e-02
9.333341e-01 9.391674e-01 9.450007e-01 4.019131e-02
9.450007e-01 9.508341e-01 9.566674e-01 3.978432e-02
9.566674e-01 9.625007e-01 9.683341e-01 3.937111e-02
9.683341e-01 9.741674e-01 9.800007e-01 3.895224e-02
9.800007e-01 9.858341e-01 9.916674e-01 3.852823e-02
9.916674e-01 9.975007e-01 1.003334e+00 3.809958e-02
1.003334e+00 1.009167e+00 1.015001e+00 3.766678e-02
1.015001e+00 1.020834e+00 1.026667e+00 3.723029e-02
1.026667e+00 1.032501e+00 1.038334e+00 3.679057e-02
1.038334e+00 1.044167e+00 1.050001e+00 3.634804e-02
1.050001e+00 1.055834e+00 1.061667e+00 3.590313e-02
1.061667e+00 1.067501e+00 1.073334e+00 3.545624e-02
1.073334e+00 1.079167e+00 1.085001e+00 3.500774e-02
1.085001e+00 1.090834e+00 1.096667e+00 3.455800e-02
1.096667e+00 1.102501e+00 1.108334e+00 3.410737e-02
1.108334e+00 1.114167e+00 1.120001e+00 3.365619e-02
1.120001e+00 1.125834e+00 1.131667e+00 3.320477e-02
1.131667e+00 1.137501e+00 1.143334e+00 3.275344e-02
1.143334e+00 1.149167e+00 1.155001e+00 3.230247e-02
1.155001e+00 1.160834e+00 1.166667e+00 3.185214e-02
1.166667e+00 1.172501e+00 1.178334e+00 3.140273e-02
1.178334e+00 1.184167e+00 1.190001e+00 3.095449e-02
1.190001e+00 1.195834e+00 1.201667e+00 3.050765e-02
1.201667e+00 1.207501e+00 1.213334e+00 3.006245e-02
1.213334e+00 1.219167e+00 1.225001e+00 2.961909e-02
1.225001e+00 1.230834e+00 1.236667e+00 2.917780e-02
1.236667e+00 1.242501e+00 1.248334e+00 2.873875e-02
1.248334e+00 1.254167e+00 1.260001e+00 2.830214e-02
1.260001e+00 1.265834e+00 1.271667e+00 2.786814e-02
1.271667e+00 1.277501e+00 1.283334e+00 2.743691e-02
1.283334e+00 1.289167e+00 1.295001e+00 2.700860e-02
1.295001e+00 1.300834e+00 1.306667e+00 2.658337e-02
1.306667e+00 1.312501e+00 1.318334e+00 2.616134e-02
1.318334e+00 1.324167e+00 1.330001e+00 2.574265e-02
1.330001e+00 1.335834e+00 1.341667e+00 2.532741e-02
1.341667e+00 1.347501e+00 1.353334e+00 2.491573e-02
1.353334e+00 1.359167e+00 1.365001e+00 2.450772e-02
1.365001e+00 1.370834e+00 1.376667e+00 2.410347e-02
1.376667e+00 1.382501e+00 1.388334e+00 2.370307e-02
1.388334e+00 1.394167e+00 1.400001e+00 2.330661e-02
1.400001e+00 1.405834e+00 1.411667e+00 2.291415e-02
1.411667e+00 1.417501e+00 1.423334e+00 2.252576e-02
1.423334e+00 1.429167e+00 1.435001e+00 2.214152e-02
1.435001e+00 1.440834e+00 1.446667e+00 2.176147e-02
1.446667e+00 1.452501e+00 1.458334e+00 2.138566e-02
1.458334e+00 1.464167e+00 1.470001e+00 2.101415e-02
1.470001e+00 1.475834e+00 1.481667e+00 2.064697e-02
1.481667e+00 1.487501e+00 1.493334e+00 2.028415e-02
1.493334e+00 1.499167e+00 1.505001e+00 1.992574e-02
1.505001e+00 1.510834e+00 1.516667e+00 1.957175e-02
1.516667e+00 1.522501e+00 1.528334e+00 1.922220e-02
1.528334e+00 1.534167e+00 1.540001e+00 1.887712e-02
1.540001e+00 1.545834e+00 1.551667e+00 1.853651e-02
1.551667e+00 1.557501e+00 1.563334e+00 1.820039e-02
1.563334e+00 1.569167e+00 1.575001e+00 1.786877e-02
1.575001e+00 1.580834e+00 1.586667e+00 1.754164e-02
1.586667e+00 1.592501e+00 1.598334e+00 1.721901e-02
1.598334e+00 1.604167e+00 1.610001e+00 1.690088e-02
1.610001e+00 1.615834e+00 1.621667e+00 1.658722e-02
1.621667e+00 1.627501e+00 1.633334e+00 1.627805e-02
1.633334e+00 1.639167e+00 1.645001e+00 1.597334e-02
1.645001e+00 1.650834e+00 1.656667e+00 1.567309e-02
1.656667e+00 1.662501e+00 1.668334e+00 1.537726e-02
1.668334e+00 1.674167e+00 1.680001e+00 1.508586e-02
1.680001e+00 1.685834e+00 1.691667e+00 1.479884e-02
1.691667e+00 1.697501e+00 1.703334e+00 1.451620e-02
1.703334e+00 1.709167e+00 1.715001e+00 1.423791e-02
1.715001e+00 1.720834e+00 1.726667e+00 1.396393e-02
1.726667e+00 1.732501e+00 1.738334e+00 1.369425e-02
1.738334e+00 1.744167e+00 1.750000e+00 1.342883e-02
1.750000e+00 1.755834e+00 1.761667e+00 1.316763e-02
1.761667e+00 1.767500e+00 1.773334e+00 1.291063e-02
1.773334e+00 1.779167e+00 1.785000e+00 1.265780e-02
1.785000e+00 1.790834e+00 1.796667e+00 1.240909e-02
1.796667e+00 1.802500e+00 1.808334e+00 1.216447e-02
1.808334e+00 1.814167e+00 1.820000e+00 1.192391e-02
1.820000e+00 1.825834e+00 1.831667e+00 1.168736e-02
1.831667e+00 1.837500e+00 1.843334e+00 1.145479e-02
1.843334e+00 1.849167e+00 1.855000e+00 1.122615e-02
1.855000e+00 1.860834e+00 1.866667e+00 1.100140e-02
1.866667e+00 1.872500e+00 1.878334e+00 1.078051e-02
1.878334e+00 1.884167e+00 1.890000e+00 1.056343e-02
1.890000e+00 1.895834e+00 1.901667e+00 1.035012e-02
1.901667e+00 1.907500e+00 1.913334e+00 1.014053e-02
1.913334e+00 1.919167e+00 1.925000e+00 9.934619e-03
1.925000e+00 1.930834e+00 1.936667e+00 9.732348e-03
1.936667e+00 1.942500e+00 1.948334e+00 9.533670e-03
1.948334e+00 1.954167e+00 1.960000e+00 9.338541e-03
1.960000e+00 1.965834e+00 1.971667e+00 9.146914e-03
1.971667e+00 1.977500e+00 1.983334e+00 8.958746e-03
1.983334e+00 1.989167e+00 1.995000e+00 8.773991e-03
1.995000e+00 2.000834e+00 2.006667e+00 8.592604e-03
2.006667e+00 2.012500e+00 2.018334e+00 8.414540e-03
2.018334e+00 2.024167e+00 2.030000e+00 8.239752e-03
2.030000e+00 2.035834e+00 2.041667e+00 8.068197e-03
2.041667e+00 2.047500e+00 2.053334e+00 7.899828e-03
2.053334e+00 2.059167e+00 2.065000e+00 7.734600e-03
2.065000e+00 2.070834e+00 2.076667e+00 7.572469e-03
2.076667e+00 2.082500e+00 2.088334e+00 7.413388e-03
2.088334e+00 2.094167e+00 2.100000e+00 7.257313e-03
2.100000e+00 2.105834e+00 2.111667e+00 7.104199e-03
2.111667e+00 2.117500e+00 2.123334e+00 6.954002e-03
2.123334e+00 2.129167e+00 2.135000e+00 6.806678e-03
2.135000e+00 2.140834e+00 2.146667e+00 6.662182e-03
2.146667e+00 2.152500e+00 2.158334e+00 6.520470e-03
2.158334e+00 2.164167e+00 2.170000e+00 6.381499e-03
2.170000e+00 2.175834e+00 2.181667e+00 6.245226e-03
2.181667e+00 2.187500e+00 2.193334e+00 6.111608e-03
2.193334e+00 2.199167e+00 2.205000e+00 5.980601e-03
2.205000e+00 2.210834e+00 2.216667e+00 5.852164e-03
2.216667e+00 2.222500e+00 2.228334e+00 5.726255e-03
2.228334e+00 2.234167e+00 2.240000e+00 5.602832e-03
2.240000e+00 2.245834e+00 2.251667e+00 5.481854e-03
2.251667e+00 2.257500e+00 2.263334e+00 5.363280e-03
2.263334e+00 2.269167e+00 2.275000e+00 5.247070e-03
2.275000e+00 2.280834e+00 2.286667e+00 5.133184e-03
2.286667e+00 2.292500e+00 2.298334e+00 5.021582e-03
2.298334e+00 2.304167e+00 2.310000e+00 4.912224e-03
2.310000e+00 2.315834e+00 2.321667e+00 4.805073e-03
2.321667e+00 2.327500e+00 2.333334e+00 4.700089e-03
2.333334e+00 2.339167e+00 2.345000e+00 4.597235e-03
2.345000e+00 2.350834e+00 2.356667e+00 4.496474e-03
2.356667e+00 2.362500e+00 2.368334e+00 4.397768e-03
2.368334e+00 2.374167e+00 2.380000e+00 4.301081e-03
2.380000e+00 2.385834e+00 2.391667e+00 4.206376e-03
2.391667e+00 2.397500e+00 2.403334e+00 4.113618e-03
2.403334e+00 2.409167e+00 2.415000e+00 4.022773e-03
2.415000e+00 2.420834e+00 2.426667e+00 3.933804e-03
2.426667e+00 2.432500e+00 2.438334e+00 3.846678e-03
2.438334e+00 2.444167e+00 2.450000e+00 3.761361e-03
2.450000e+00 2.455834e+00 2.461667e+00 3.677820e-03
2.461667e+00 2.467500e+00 2.473334e+00 3.596021e-03
2.473334e+00 2.479167e+00 2.485000e+00 3.515933e-03
2.485000e+00 2.490834e+00 2.496667e+00 3.437523e-03
2.496667e+00 2.502500e+00 2.508334e+00 3.360759e-03
2.508334e+00 2.514167e+00 2.520000e+00 3.285611e-03
2.520000e+00 2.525834e+00 2.531667e+00 3.212049e-03
2.531667e+00 2.537500e+00 2.543334e+00 3.140041e-03
2.543334e+00 2.549167e+00 2.555000e+00 3.069559e-03
2.555000e+00 2.560834e+00 2.566667e+00 3.000573e-03
2.566667e+00 2.572500e+00 2.578334e+00 2.933054e-03
2.578334e+00 2.584167e+00 2.590000e+00 2.866974e-03
2.590000e+00 2.595834e+00 2.601667e+00 2.802305e-03
2.601667e+00 2.607500e+00 2.613334e+00 2.739019e-03
2.613334e+00 2.619167e+00 2.625000e+00 2.677090e-03
2.625000e+00 2.630834e+00 2.636667e+00 2.616491e-03
2.636667e+00 2.642500e+00 2.648334e+00 2.557196e-03
2.648334e+00 2.654167e+00 2.660000e+00 2.499179e-03
2.660000e+00 2.665834e+00 2.671667e+00 2.442415e-03
2.671667e+00 2.677500e+00 2.683334e+00 2.386878e-03
2.683334e+00 2.689167e+00 2.695000e+00 2.332545e-03
2.695000e+00 2.700834e+00 2.706667e+00 2.279392e-03
2.706667e+00 2.712500e+00 2.718334e+00 2.227394e-03
2.718334e+00 2.724167e+00 2.730000e+00 2.176529e-03
2.730000e+00 2.735834e+00 2.741667e+00 2.126774e-03
2.741667e+00 2.747500e+00 2.753334e+00 2.078105e-03
2.753334e+00 2.759167e+00 2.765000e+00 2.030502e-03
2.765000e+00 2.770834e+00 2.776667e+00 1.983943e-03
2.776667e+00 2.782500e+00 2.788334e+00 1.938406e-03
2.788334e+00 2.794167e+00 2.800000e+00 1.893870e-03
2.800000e+00 2.805834e+00 2.811667e+00 1.850315e-03
2.811667e+00 2.817500e+00 2.823334e+00 1.807721e-03
2.823334e+00 2.829167e+00 2.835000e+00 1.766068e-03
2.835000e+00 2.840834e+00 2.846667e+00 1.725336e-03
2.846667e+00 2.852500e+00 2.858334e+00 1.685506e-03
2.858334e+00 2.864167e+00 2.870000e+00 1.646560e-03
2.870000e+00 2.875834e+00 2.881667e+00 1.608480e-03
2.881667e+00 2.887500e+00 2.893334e+00 1.571246e-03
2.893334e+00 2.899167e+00 2.905000e+00 1.534843e-03
2.905000e+00 2.910834e+00 2.916667e+00 1.499251e-03
2.916667e+00 2.922500e+00 2.928333e+00 1.464454e-03
2.928333e+00 2.934167e+00 2.940000e+00 1.430436e-03
2.940000e+00 2.945833e+00 2.951667e+00 1.397179e-03
2.951667e+00 2.957500e+00 2.963333e+00 1.364668e-03
2.963333e+00 2.969167e+00 2.975000e+00 1.332887e-03
2.975000e+00 2.980833e+00 2.986667e+00 1.301821e-03
2.986667e+00 2.992500e+00 2.998333e+00 1.271454e-03
2.998333e+00 3.004167e+00 3.010000e+00 1.241772e-03
3.010000e+00 3.015833e+00 3.021667e+00 1.212759e-03
3.021667e+00 3.027500e+00 3.033333e+00 1.184401e-03
3.033333e+00 3.039167e+00 3.045000e+00 1.156685e-03
3.045000e+00 3.050833e+00 3.056667e+00 1.129597e-03
3.056667e+00 3.062500e+00 3.068333e+00 1.103123e-03
3.068333e+00 3.074167e+00 3.080000e+00 1.077250e-03
3.080000e+00 3.085833e+00 3.091667e+00 1.051964e-03
3.091667e+00 3.097500e+00 3.103333e+00 1.027254e-03
3.103333e+00 3.109167e+00 3.115000e+00 1.003106e-03
3.115000e+00 3.120833e+00 3.126667e+00 9.795089e-04
3.126667e+00 3.132500e+00 3.138333e+00 9.564503e-04
3.138333e+00 3.144167e+00 3.150000e+00 9.339185e-04
3.150000e+00 3.155833e+00 3.161667e+00 9.119019e-04
3.161667e+00 3.167500e+00 3.173333e+00 8.903894e-04
3.173333e+00 3.179167e+00 3.185000e+00 8.693698e-04
3.185000e+00 3.190833e+00 3.196667e+00 8.488324e-04
3.196667e+00 3.202500e+00 3.208333e+00 8.287666e-04
3.208333e+00 3.214167e+00 3.220000e+00 8.091620e-04
3.220000e+00 3.225833e+00 3.231667e+00 7.900084e-04
3.231667e+00 3.237500e+00 3.243333e+00 7.712959e-04
3.243333e+00 3.249167e+00 3.255000e+00 7.530148e-04
3.255000e+00 3.260833e+00 3.266667e+00 7.351555e-04
3.266667e+00 3.272500e+00 3.278333e+00 7.177086e-04
3.278333e+00 3.284167e+00 3.290000e+00 7.006650e-04
3.290000e+00 3.295833e+00 3.301667e+00 6.840158e-04
3.301667e+00 3.307500e+00 3.313333e+00 6.677521e-04
3.313333e+00 3.319167e+00 3.325000e+00 6.518654e-04
3.325000e+00 3.330833e+00 3.336667e+00 6.363472e-04
3.336667e+00 3.342500e+00 3.348333e+00 6.211894e-04
3.348333e+00 3.354167e+00 3.360000e+00 6.063838e-04
3.360000e+00 3.365833e+00 3.371667e+00 5.919225e-04
3.371667e+00 3.377500e+00 3.383333e+00 5.777979e-04
3.383333e+00 3.389167e+00 3.395000e+00 5.640024e-04
3.395000e+00 3.400833e+00 3.406667e+00 5.505285e-04
3.406667e+00 3.412500e+00 3.418333e+00 5.373691e-04
3.418333e+00 3.424167e+00 3.430000e+00 5.245170e-04
3.430000e+00 3.435833e+00 3.441667e+00 5.119653e-04
3.441667e+00 3.447500e+00 3.453333e+00 4.997072e-04
3.453333e+00 3.459167e+00 3.465000e+00 4.877361e-04
3.465000e+00 3.470833e+00 3.476667e+00 4.760455e-04
3.476667e+00 3.482500e+00 3.488333e+00 4.646289e-04
3.488333e+00 3.494167e+00 3.500000e+00 4.534802e-04
