1.000000e-06 5.834332e-03 1.166766e-02 3.314677e-05
1.166766e-02 1.750099e-02 2.333433e-02 2.838609e-04
2.333433e-02 2.916766e-02 3.500099e-02 7.515680e-04
3.500099e-02 4.083432e-02 4.666765e-02 1.405292e-03
4.666765e-02 5.250099e-02 5.833432e-02 2.217456e-03
5.833432e-02 6.416765e-02 7.000098e-02 3.163373e-03
7.000098e-02 7.583431e-02 8.166764e-02 4.220896e-03
8.166764e-02 8.750097e-02 9.333431e-02 5.370138e-03
9.333431e-02 9.916764e-02 1.050010e-01 6.593246e-03
1.050010e-01 1.108343e-01 1.166676e-01 7.874204e-03
1.166676e-01 1.225010e-01 1.283343e-01 9.198660e-03
1.283343e-01 1.341676e-01 1.400010e-01 1.055378e-02
1.400010e-01 1.458343e-01 1.516676e-01 1.192809e-02
1.516676e-01 1.575010e-01 1.633343e-01 1.331139e-02
1.633343e-01 1.691676e-01 1.750009e-01 1.469461e-02
1.750009e-01 1.808343e-01 1.866676e-01 1.606973e-02
1.866676e-01 1.925009e-01 1.983343e-01 1.742967e-02
1.983343e-01 2.041676e-01 2.100009e-01 1.876822e-02
2.100009e-01 2.158343e-01 2.216676e-01 2.007995e-02
2.216676e-01 2.275009e-01 2.333343e-01 2.136018e-02
2.333343e-01 2.391676e-01 2.450009e-01 2.260484e-02
2.450009e-01 2.508343e-01 2.566676e-01 2.381049e-02
2.566676e-01 2.625009e-01 2.683343e-01 2.497421e-02
2.683343e-01 2.741676e-01 2.800009e-01 2.609358e-02
2.800009e-01 2.858343e-01 2.916676e-01 2.716661e-02
2.916676e-01 2.975009e-01 3.033342e-01 2.819175e-02
3.033342e-01 3.091676e-01 3.150009e-01 2.916777e-02
3.150009e-01 3.208342e-01 3.266676e-01 3.009379e-02
3.266676e-01 3.325009e-01 3.383342e-01 3.096923e-02
3.383342e-01 3.441676e-01 3.500009e-01 3.179377e-02
3.500009e-01 3.558342e-01 3.616676e-01 3.256731e-02
3.616676e-01 3.675009e-01 3.733342e-01 3.329000e-02
3.733342e-01 3.791676e-01 3.850009e-01 3.396214e-02
3.850009e-01 3.908342e-01 3.966676e-01 3.458423e-02
3.966676e-01 4.025009e-01 4.083342e-01 3.515689e-02
4.083342e-01 4.141675e-01 4.200009e-01 3.568090e-02
4.200009e-01 4.258342e-01 4.316675e-01 3.615712e-02
4.316675e-01 4.375009e-01 4.433342e-01 3.658654e-02
4.433342e-01 4.491675e-01 4.550009e-01 3.697023e-02
4.550009e-01 4.608342e-01 4.666675e-01 3.730930e-02
4.666675e-01 4.725009e-01 4.783342e-01 3.760497e-02
4.783342e-01 4.841675e-01 4.900009e-01 3.785847e-02
4.900009e-01 4.958342e-01 5.016675e-01 3.807109e-02
5.016675e-01 5.075009e-01 5.133342e-01 3.824415e-02
5.133342e-01 5.191675e-01 5.250008e-01 3.837900e-02
5.250008e-01 5.308342e-01 5.366675e-01 3.847700e-02
5.366675e-01 5.425008e-01 5.483342e-01 3.853952e-02
5.483342e-01 5.541675e-01 5.600008e-01 3.856793e-02
5.600008e-01 5.658342e-01 5.716675e-01 3.856363e-02
5.716675e-01 5.775008e-01 5.833342e-01 3.852797e-02
5.833342e-01 5.891675e-01 5.950008e-01 3.846233e-02
5.950008e-01 6.008342e-01 6.066675e-01 3.836806e-02
6.066675e-01 6.125008e-01 6.183342e-01 3.824649e-02
6.183342e-01 6.241675e-01 6.300008e-01 3.809896e-02
6.300008e-01 6.358342e-01 6.416675e-01 3.792674e-02
6.416675e-01 6.475008e-01 6.533341e-01 3.773113e-02
6.533341e-01 6.591675e-01 6.650008e-01 3.751336e-02
6.650008e-01 6.708341e-01 6.766675e-01 3.727467e-02
6.766675e-01 6.825008e-01 6.883341e-01 3.701624e-02
6.883341e-01 6.941675e-01 7.000008e-01 3.673924e-02
7.000008e-01 7.058341e-01 7.116675e-01 3.644481e-02
7.116675e-01 7.175008e-01 7.233341e-01 3.613406e-02
7.233341e-01 7.291675e-01 7.350008e-01 3.580805e-02
7.350008e-01 7.408341e-01 7.466675e-01 3.546782e-02
7.466675e-01 7.525008e-01 7.583341e-01 3.511438e-02
7.583341e-01 7.641674e-01 7.700008e-01 3.474872e-02
7.700008e-01 7.758341e-01 7.816674e-01 3.437176e-02
7.816674e-01 7.875008e-01 7.933341e-01 3.398443e-02
7.933341e-01 7.991674e-01 8.050008e-01 3.358759e-02
8.050008e-01 8.108341e-01 8.166674e-01 3.318210e-02
8.166674e-01 8.225008e-01 8.283341e-01 3.276877e-02
8.283341e-01 8.341674e-01 8.400008e-01 3.234837e-02
8.400008e-01 8.458341e-01 8.516674e-01 3.192167e-02
8.516674e-01 8.575008e-01 8.633341e-01 3.148938e-02
8.633341e-01 8.691674e-01 8.750007e-01 3.105219e-02
8.750007e-01 8.808341e-01 8.866674e-01 3.061076e-02
8.866674e-01 8.925007e-01 8.983341e-01 3.016573e-02
8.983341e-01 9.041674e-01 9.100007e-01 2.971769e-02
9.100007e-01 9.158341e-01 9.216674e-01 2.926722e-02
9.216674e-01 9.275007e-01 9.333341e-01 2.881488e-02
9.333341e-01 9.391674e-01 9.450007e-01 2.836118e-02
9.450007e-01 9.508341e-01 9.566674e-01 2.790661e-02
9.566674e-01 9.625007e-01 9.683341e-01 2.745166e-02
9.683341e-01 9.741674e-01 9.800007e-01 2.699677e-02
9.800007e-01 9.858341e-01 9.916674e-01 2.654235e-02
9.916674e-01 9.975007e-01 1.003334e+00 2.608882e-02
1.003334e+00 1.009167e+00 1.015001e+00 2.563655e-02
1.015001e+00 1.020834e+00 1.026667e+00 2.518589e-02
1.026667e+00 1.032501e+00 1.038334e+00 2.473719e-02
1.038334e+00 1.044167e+00 1.050001e+00 2.429076e-02
1.050001e+00 1.055834e+00 1.061667e+00 2.384690e-02
1.061667e+00 1.067501e+00 1.073334e+00 2.340589e-02
1.073334e+00 1.079167e+00 1.085001e+00 2.296798e-02
1.085001e+00 1.090834e+00 1.096667e+00 2.253343e-02
1.096667e+00 1.102501e+00 1.108334e+00 2.210245e-02
1.108334e+00 1.114167e+00 1.120001e+00 2.167526e-02
1.120001e+00 1.125834e+00 1.131667e+00 2.125205e-02
1.131667e+00 1.137501e+00 1.143334e+00 2.083301e-02
1.143334e+00 1.149167e+00 1.155001e+00 2.041830e-02
1.155001e+00 1.160834e+00 1.166667e+00 2.000808e-02
1.166667e+00 1.172501e+00 1.178334e+00 1.960248e-02
1.178334e+00 1.184167e+00 1.190001e+00 1.920163e-02
1.190001e+00 1.195834e+00 1.201667e+00 1.880565e-02
1.201667e+00 1.207501e+00 1.213334e+00 1.841465e-02
1.213334e+00 1.219167e+00 1.225001e+00 1.802871e-02
1.225001e+00 1.230834e+00 1.236667e+00 1.764792e-02
1.236667e+00 1.242501e+00 1.248334e+00 1.727235e-02
1.248334e+00 1.254167e+00 1.260001e+00 1.690207e-02
1.260001e+00 1.265834e+00 1.271667e+00 1.653714e-02
1.271667e+00 1.277501e+00 1.283334e+00 1.617759e-02
1.283334e+00 1.289167e+00 1.295001e+00 1.582347e-02
1.295001e+00 1.300834e+00 1.306667e+00 1.547481e-02
1.306667e+00 1.312501e+00 1.318334e+00 1.513164e-02
1.318334e+00 1.324167e+00 1.330001e+00 1.479396e-02
1.330001e+00 1.335834e+00 1.341667e+00 1.446180e-02
1.341667e+00 1.347501e+00 1.353334e+00 1.413515e-02
1.353334e+00 1.359167e+00 1.365001e+00 1.381402e-02
1.365001e+00 1.370834e+00 1.376667e+00 1.349839e-02
1.376667e+00 1.382501e+00 1.388334e+00 1.318825e-02
1.388334e+00 1.394167e+00 1.400001e+00 1.288360e-02
1.400001e+00 1.405834e+00 1.411667e+00 1.258440e-02
1.411667e+00 1.417501e+00 1.423334e+00 1.229064e-02
1.423334e+00 1.429167e+00 1.435001e+00 1.200227e-02
1.435001e+00 1.440834e+00 1.446667e+00 1.171928e-02
1.446667e+00 1.452501e+00 1.458334e+00 1.144162e-02
1.458334e+00 1.464167e+00 1.470001e+00 1.116925e-02
1.470001e+00 1.475834e+00 1.481667e+00 1.090213e-02
1.481667e+00 1.487501e+00 1.493334e+00 1.064021e-02
1.493334e+00 1.499167e+00 1.505001e+00 1.038345e-02
1.505001e+00 1.510834e+00 1.516667e+00 1.013179e-02
1.516667e+00 1.522501e+00 1.528334e+00 9.885184e-03
1.528334e+00 1.534167e+00 1.540001e+00 9.643575e-03
1.540001e+00 1.545834e+00 1.551667e+00 9.406907e-03
1.551667e+00 1.557501e+00 1.563334e+00 9.175121e-03
1.563334e+00 1.569167e+00 1.575001e+00 8.948157e-03
1.575001e+00 1.580834e+00 1.586667e+00 8.725955e-03
1.586667e+00 1.592501e+00 1.598334e+00 8.508451e-03
1.598334e+00 1.604167e+00 1.610001e+00 8.295583e-03
1.610001e+00 1.615834e+00 1.621667e+00 8.087286e-03
1.621667e+00 1.627501e+00 1.633334e+00 7.883495e-03
1.633334e+00 1.639167e+00 1.645001e+00 7.684145e-03
1.645001e+00 1.650834e+00 1.656667e+00 7.489168e-03
1.656667e+00 1.662501e+00 1.668334e+00 7.298497e-03
1.668334e+00 1.674167e+00 1.680001e+00 7.112067e-03
1.680001e+00 1.685834e+00 1.691667e+00 6.929808e-03
1.691667e+00 1.697501e+00 1.703334e+00 6.751653e-03
1.703334e+00 1.709167e+00 1.715001e+00 6.577535e-03
1.715001e+00 1.720834e+00 1.726667e+00 6.407384e-03
1.726667e+00 1.732501e+00 1.738334e+00 6.241134e-03
1.738334e+00 1.744167e+00 1.750000e+00 6.078716e-03
1.750000e+00 1.755834e+00 1.761667e+00 5.920064e-03
1.761667e+00 1.767500e+00 1.773334e+00 5.765108e-03
1.773334e+00 1.779167e+00 1.785000e+00 5.613783e-03
1.785000e+00 1.790834e+00 1.796667e+00 5.466020e-03
1.796667e+00 1.802500e+00 1.808334e+00 5.321755e-03
1.808334e+00 1.814167e+00 1.820000e+00 5.180921e-03
1.820000e+00 1.825834e+00 1.831667e+00 5.043452e-03
1.831667e+00 1.837500e+00 1.843334e+00 4.909283e-03
1.843334e+00 1.849167e+00 1.855000e+00 4.778350e-03
1.855000e+00 1.860834e+00 1.866667e+00 4.650589e-03
1.866667e+00 1.872500e+00 1.878334e+00 4.525936e-03
1.878334e+00 1.884167e+00 1.890000e+00 4.404330e-03
1.890000e+00 1.895834e+00 1.901667e+00 4.285708e-03
1.901667e+00 1.907500e+00 1.913334e+00 4.170008e-03
1.913334e+00 1.919167e+00 1.925000e+00 4.057171e-03
1.925000e+00 1.930834e+00 1.936667e+00 3.947136e-03
1.936667e+00 1.942500e+00 1.948334e+00 3.839845e-03
1.948334e+00 1.954167e+00 1.960000e+00 3.735239e-03
1.960000e+00 1.965834e+00 1.971667e+00 3.633260e-03
1.971667e+00 1.977500e+00 1.983334e+00 3.533853e-03
1.983334e+00 1.989167e+00 1.995000e+00 3.436960e-03
1.995000e+00 2.000834e+00 2.006667e+00 3.342528e-03
2.006667e+00 2.012500e+00 2.018334e+00 3.250501e-03
2.018334e+00 2.024167e+00 2.030000e+00 3.160827e-03
2.030000e+00 2.035834e+00 2.041667e+00 3.073453e-03
2.041667e+00 2.047500e+00 2.053334e+00 2.988327e-03
2.053334e+00 2.059167e+00 2.065000e+00 2.905398e-03
2.065000e+00 2.070834e+00 2.076667e+00 2.824616e-03
2.076667e+00 2.082500e+00 2.088334e+00 2.745933e-03
2.088334e+00 2.094167e+00 2.100000e+00 2.669299e-03
2.100000e+00 2.105834e+00 2.111667e+00 2.594667e-03
2.111667e+00 2.117500e+00 2.123334e+00 2.521991e-03
2.123334e+00 2.129167e+00 2.135000e+00 2.451224e-03
2.135000e+00 2.140834e+00 2.146667e+00 2.382323e-03
2.146667e+00 2.152500e+00 2.158334e+00 2.315242e-03
2.158334e+00 2.164167e+00 2.170000e+00 2.249938e-03
2.170000e+00 2.175834e+00 2.181667e+00 2.186370e-03
2.181667e+00 2.187500e+00 2.193334e+00 2.124494e-03
2.193334e+00 2.199167e+00 2.205000e+00 2.064271e-03
2.205000e+00 2.210834e+00 2.216667e+00 2.005660e-03
2.216667e+00 2.222500e+00 2.228334e+00 1.948622e-03
2.228334e+00 2.234167e+00 2.240000e+00 1.893119e-03
2.240000e+00 2.245834e+00 2.251667e+00 1.839113e-03
2.251667e+00 2.257500e+00 2.263334e+00 1.786566e-03
2.263334e+00 2.269167e+00 2.275000e+00 1.735444e-03
2.275000e+00 2.280834e+00 2.286667e+00 1.685709e-03
2.286667e+00 2.292500e+00 2.298334e+00 1.637329e-03
2.298334e+00 2.304167e+00 2.310000e+00 1.590269e-03
2.310000e+00 2.315834e+00 2.321667e+00 1.544495e-03
2.321667e+00 2.327500e+00 2.333334e+00 1.499975e-03
2.333334e+00 2.339167e+00 2.345000e+00 1.456678e-03
2.345000e+00 2.350834e+00 2.356667e+00 1.414572e-03
2.356667e+00 2.362500e+00 2.368334e+00 1.373627e-03
2.368334e+00 2.374167e+00 2.380000e+00 1.333813e-03
2.380000e+00 2.385834e+00 2.391667e+00 1.295102e-03
2.391667e+00 2.397500e+00 2.403334e+00 1.257464e-03
2.403334e+00 2.409167e+00 2.415000e+00 1.220872e-03
2.415000e+00 2.420834e+00 2.426667e+00 1.185300e-03
2.426667e+00 2.432500e+00 2.438334e+00 1.150719e-03
2.438334e+00 2.444167e+00 2.450000e+00 1.117105e-03
2.450000e+00 2.455834e+00 2.461667e+00 1.084433e-03
2.461667e+00 2.467500e+00 2.473334e+00 1.052677e-03
2.473334e+00 2.479167e+00 2.485000e+00 1.021813e-03
2.485000e+00 2.490834e+00 2.496667e+00 9.918179e-04
2.496667e+00 2.502500e+00 2.508334e+00 9.626688e-04
2.508334e+00 2.514167e+00 2.520000e+00 9.343432e-04
2.520000e+00 2.525834e+00 2.531667e+00 9.068191e-04
2.531667e+00 2.537500e+00 2.543334e+00 8.800750e-04
2.543334e+00 2.549167e+00 2.555000e+00 8.540903e-04
2.555000e+00 2.560834e+00 2.566667e+00 8.288444e-04
2.566667e+00 2.572500e+00 2.578334e+00 8.043175e-04
2.578334e+00 2.584167e+00 2.590000e+00 7.804903e-04
2.590000e+00 2.595834e+00 2.601667e+00 7.573438e-04
2.601667e+00 2.607500e+00 2.613334e+00 7.348597e-04
2.613334e+00 2.619167e+00 2.625000e+00 7.130198e-04
2.625000e+00 2.630834e+00 2.636667e+00 6.918068e-04
2.636667e+00 2.642500e+00 2.648334e+00 6.712035e-04
2.648334e+00 2.654167e+00 2.660000e+00 6.511933e-04
2.660000e+00 2.665834e+00 2.671667e+00 6.317598e-04
2.671667e+00 2.677500e+00 2.683334e+00 6.128874e-04
2.683334e+00 2.689167e+00 2.695000e+00 5.945605e-04
2.695000e+00 2.700834e+00 2.706667e+00 5.767641e-04
2.706667e+00 2.712500e+00 2.718334e+00 5.594836e-04
2.718334e+00 2.724167e+00 2.730000e+00 5.427046e-04
2.730000e+00 2.735834e+00 2.741667e+00 5.264134e-04
2.741667e+00 2.747500e+00 2.753334e+00 5.105963e-04
2.753334e+00 2.759167e+00 2.765000e+00 4.952401e-04
2.765000e+00 2.770834e+00 2.776667e+00 4.803319e-04
2.776667e+00 2.782500e+00 2.788334e+00 4.658594e-04
2.788334e+00 2.794167e+00 2.800000e+00 4.518101e-04
2.800000e+00 2.805834e+00 2.811667e+00 4.381724e-04
2.811667e+00 2.817500e+00 2.823334e+00 4.249346e-04
2.823334e+00 2.829167e+00 2.835000e+00 4.120855e-04
2.835000e+00 2.840834e+00 2.846667e+00 3.996140e-04
2.846667e+00 2.852500e+00 2.858334e+00 3.875096e-04
2.858334e+00 2.864167e+00 2.870000e+00 3.757619e-04
2.870000e+00 2.875834e+00 2.881667e+00 3.643607e-04
2.881667e+00 2.887500e+00 2.893334e+00 3.532961e-04
2.893334e+00 2.899167e+00 2.905000e+00 3.425588e-04
2.905000e+00 2.910834e+00 2.916667e+00 3.321392e-04
2.916667e+00 2.922500e+00 2.928333e+00 3.220284e-04
2.928333e+00 2.934167e+00 2.940000e+00 3.122175e-04
2.940000e+00 2.945833e+00 2.951667e+00 3.026979e-04
2.951667e+00 2.957500e+00 2.963333e+00 2.934614e-04
2.963333e+00 2.969167e+00 2.975000e+00 2.844997e-04
2.975000e+00 2.980833e+00 2.986667e+00 2.758050e-04
2.986667e+00 2.992500e+00 2.998333e+00 2.673695e-04
2.998333e+00 3.004167e+00 3.010000e+00 2.591859e-04
3.010000e+00 3.015833e+00 3.021667e+00 2.512468e-04
3.021667e+00 3.027500e+00 3.033333e+00 2.435452e-04
3.033333e+00 3.039167e+00 3.045000e+00 2.360742e-04
3.045000e+00 3.050833e+00 3.056667e+00 2.288271e-04
3.056667e+00 3.062500e+00 3.068333e+00 2.217973e-04
3.068333e+00 3.074167e+00 3.080000e+00 2.149787e-04
3.080000e+00 3.085833e+00 3.091667e+00 2.083650e-04
3.091667e+00 3.097500e+00 3.103333e+00 2.019503e-04
3.103333e+00 3.109167e+00 3.115000e+00 1.957288e-04
3.115000e+00 3.120833e+00 3.126667e+00 1.896947e-04
3.126667e+00 3.132500e+00 3.138333e+00 1.838427e-04
3.138333e+00 3.144167e+00 3.150000e+00 1.781674e-04
3.150000e+00 3.155833e+00 3.161667e+00 1.726636e-04
3.161667e+00 3.167500e+00 3.173333e+00 1.673263e-04
3.173333e+00 3.179167e+00 3.185000e+00 1.621505e-04
3.185000e+00 3.190833e+00 3.196667e+00 1.571316e-04
3.196667e+00 3.202500e+00 3.208333e+00 1.522649e-04
3.208333e+00 3.214167e+00 3.220000e+00 1.475459e-04
3.220000e+00 3.225833e+00 3.231667e+00 1.429703e-04
3.231667e+00 3.237500e+00 3.243333e+00 1.385338e-04
3.243333e+00 3.249167e+00 3.255000e+00 1.342322e-04
3.255000e+00 3.260833e+00 3.266667e+00 1.300617e-04
3.266667e+00 3.272500e+00 3.278333e+00 1.260182e-04
3.278333e+00 3.284167e+00 3.290000e+00 1.220981e-04
3.290000e+00 3.295833e+00 3.301667e+00 1.182976e-04
3.301667e+00 3.307500e+00 3.313333e+00 1.146133e-04
3.313333e+00 3.319167e+00 3.325000e+00 1.110415e-04
3.325000e+00 3.330833e+00 3.336667e+00 1.075791e-04
3.336667e+00 3.342500e+00 3.348333e+00 1.042227e-04
3.348333e+00 3.354167e+00 3.360000e+00 1.009691e-04
3.360000e+00 3.365833e+00 3.371667e+00 9.781527e-05
3.371667e+00 3.377500e+00 3.383333e+00 9.475823e-05
3.383333e+00 3.389167e+00 3.395000e+00 9.179507e-05
3.395000e+00 3.400833e+00 3.406667e+00 8.892298e-05
3.406667e+00 3.412500e+00 3.418333e+00 8.613921e-05
3.418333e+00 3.424167e+00 3.430000e+00 8.344112e-05
3.430000e+00 3.435833e+00 3.441667e+00 8.082611e-05
3.441667e+00 3.447500e+00 3.453333e+00 7.829170e-05
3.453333e+00 3.459167e+00 3.465000e+00 7.583545e-05
3.465000e+00 3.470833e+00 3.476667e+00 7.345499e-05
3.476667e+00 3.482500e+00 3.488333e+00 7.114805e-05
3.488333e+00 3.494167e+00 3.500000e+00 6.891240e-05
