1.000000e-06 5.834332e-03 1.166766e-02 3.310901e-05
1.166766e-02 1.750099e-02 2.333433e-02 2.832371e-04
2.333433e-02 2.916766e-02 3.500099e-02 7.494739e-04
3.500099e-02 4.083432e-02 4.666765e-02 1.400901e-03
4.666765e-02 5.250099e-02 5.833432e-02 2.210153e-03
5.833432e-02 6.416765e-02 7.000098e-02 3.152829e-03
7.000098e-02 7.583431e-02 8.166764e-02 4.207089e-03
8.166764e-02 8.750097e-02 9.333431e-02 5.353364e-03
9.333431e-02 9.916764e-02 1.050010e-01 6.574103e-03
1.050010e-01 1.108343e-01 1.166676e-01 7.853574e-03
1.166676e-01 1.225010e-01 1.283343e-01 9.177685e-03
1.283343e-01 1.341676e-01 1.400010e-01 1.053383e-02
1.400010e-01 1.458343e-01 1.516676e-01 1.191073e-02
1.516676e-01 1.575010e-01 1.633343e-01 1.329837e-02
1.633343e-01 1.691676e-01 1.750009e-01 1.468782e-02
1.750009e-01 1.808343e-01 1.866676e-01 1.607115e-02
1.866676e-01 1.925009e-01 1.983343e-01 1.744139e-02
1.983343e-01 2.041676e-01 2.100009e-01 1.879238e-02
2.100009e-01 2.158343e-01 2.216676e-01 2.011873e-02
2.216676e-01 2.275009e-01 2.333343e-01 2.141577e-02
2.333343e-01 2.391676e-01 2.450009e-01 2.267943e-02
2.450009e-01 2.508343e-01 2.566676e-01 2.390624e-02
2.566676e-01 2.625009e-01 2.683343e-01 2.509326e-02
2.683343e-01 2.741676e-01 2.800009e-01 2.623799e-02
2.800009e-01 2.858343e-01 2.916676e-01 2.733840e-02
2.916676e-01 2.975009e-01 3.033342e-01 2.839284e-02
3.033342e-01 3.091676e-01 3.150009e-01 2.940001e-02
3.150009e-01 3.208342e-01 3.266676e-01 3.035894e-02
3.266676e-01 3.325009e-01 3.383342e-01 3.126892e-02
3.383342e-01 3.441676e-01 3.500009e-01 3.212955e-02
3.500009e-01 3.558342e-01 3.616676e-01 3.294061e-02
3.616676e-01 3.675009e-01 3.733342e-01 3.370213e-02
3.733342e-01 3.791676e-01 3.850009e-01 3.441430e-02
3.850009e-01 3.908342e-01 3.966676e-01 3.507749e-02
3.966676e-01 4.025009e-01 4.083342e-01 3.569223e-02
4.083342e-01 4.141675e-01 4.200009e-01 3.625914e-02
4.200009e-01 4.258342e-01 4.316675e-01 3.677900e-02
4.316675e-01 4.375009e-01 4.433342e-01 3.725265e-02
4.433342e-01 4.491675e-01 4.550009e-01 3.768106e-02
4.550009e-01 4.608342e-01 4.666675e-01 3.806523e-02
4.666675e-01 4.725009e-01 4.783342e-01 3.840626e-02
4.783342e-01 4.841675e-01 4.900009e-01 3.870528e-02
4.900009e-01 4.958342e-01 5.016675e-01 3.896347e-02
5.016675e-01 5.075009e-01 5.133342e-01 3.918205e-02
5.133342e-01 5.191675e-01 5.250008e-01 3.936227e-02
5.250008e-01 5.308342e-01 5.366675e-01 3.950540e-02
5.366675e-01 5.425008e-01 5.483342e-01 3.961272e-02
5.483342e-01 5.541675e-01 5.600008e-01 3.968553e-02
5.600008e-01 5.658342e-01 5.716675e-01 3.972511e-02
5.716675e-01 5.775008e-01 5.833342e-01 3.973278e-02
5.833342e-01 5.891675e-01 5.950008e-01 3.970982e-02
5.950008e-01 6.008342e-01 6.066675e-01 3.965751e-02
6.066675e-01 6.125008e-01 6.183342e-01 3.957714e-02
6.183342e-01 6.241675e-01 6.300008e-01 3.946996e-02
6.300008e-01 6.358342e-01 6.416675e-01 3.933721e-02
6.416675e-01 6.475008e-01 6.533341e-01 3.918012e-02
6.533341e-01 6.591675e-01 6.650008e-01 3.899990e-02
6.650008e-01 6.708341e-01 6.766675e-01 3.879771e-02
6.766675e-01 6.825008e-01 6.883341e-01 3.857473e-02
6.883341e-01 6.941675e-01 7.000008e-01 3.833207e-02
7.000008e-01 7.058341e-01 7.116675e-01 3.807085e-02
7.116675e-01 7.175008e-01 7.233341e-01 3.779214e-02
7.233341e-01 7.291675e-01 7.350008e-01 3.749698e-02
7.350008e-01 7.408341e-01 7.466675e-01 3.718641e-02
7.466675e-01 7.525008e-01 7.583341e-01 3.686140e-02
7.583341e-01 7.641674e-01 7.700008e-01 3.652292e-02
7.700008e-01 7.758341e-01 7.816674e-01 3.617191e-02
7.816674e-01 7.875008e-01 7.933341e-01 3.580926e-02
7.933341e-01 7.991674e-01 8.050008e-01 3.543584e-02
8.050008e-01 8.108341e-01 8.166674e-01 3.505250e-02
8.166674e-01 8.225008e-01 8.283341e-01 3.466006e-02
8.283341e-01 8.341674e-01 8.400008e-01 3.425929e-02
8.400008e-01 8.458341e-01 8.516674e-01 3.385094e-02
8.516674e-01 8.575008e-01 8.633341e-01 3.343576e-02
8.633341e-01 8.691674e-01 8.750007e-01 3.301442e-02
8.750007e-01 8.808341e-01 8.866674e-01 3.258762e-02
8.866674e-01 8.925007e-01 8.983341e-01 3.215597e-02
8.983341e-01 9.041674e-01 9.100007e-01 3.172012e-02
9.100007e-01 9.158341e-01 9.216674e-01 3.128063e-02
9.216674e-01 9.275007e-01 9.333341e-01 3.083809e-02
9.333341e-01 9.391674e-01 9.450007e-01 3.039302e-02
9.450007e-01 9.508341e-01 9.566674e-01 2.994595e-02
9.566674e-01 9.625007e-01 9.683341e-01 2.949736e-02
9.683341e-01 9.741674e-01 9.800007e-01 2.904772e-02
9.800007e-01 9.858341e-01 9.916674e-01 2.859747e-02
9.916674e-01 9.975007e-01 1.003334e+00 2.814705e-02
1.003334e+00 1.009167e+00 1.015001e+00 2.769685e-02
1.015001e+00 1.020834e+00 1.026667e+00 2.724725e-02
1.026667e+00 1.032501e+00 1.038334e+00 2.679861e-02
1.038334e+00 1.044167e+00 1.050001e+00 2.635128e-02
1.050001e+00 1.055834e+00 1.061667e+00 2.590558e-02
1.061667e+00 1.067501e+00 1.073334e+00 2.546180e-02
1.073334e+00 1.079167e+00 1.085001e+00 2.502025e-02
1.085001e+00 1.090834e+00 1.096667e+00 2.458118e-02
1.096667e+00 1.102501e+00 1.108334e+00 2.414485e-02
1.108334e+00 1.114167e+00 1.120001e+00 2.371150e-02
1.120001e+00 1.125834e+00 1.131667e+00 2.328135e-02
1.131667e+00 1.137501e+00 1.143334e+00 2.285461e-02
1.143334e+00 1.149167e+00 1.155001e+00 2.243147e-02
1.155001e+00 1.160834e+00 1.166667e+00 2.201210e-02
1.166667e+00 1.172501e+00 1.178334e+00 2.159668e-02
1.178334e+00 1.184167e+00 1.190001e+00 2.118536e-02
1.190001e+00 1.195834e+00 1.201667e+00 2.077829e-02
1.201667e+00 1.207501e+00 1.213334e+00 2.037558e-02
1.213334e+00 1.219167e+00 1.225001e+00 1.997737e-02
1.225001e+00 1.230834e+00 1.236667e+00 1.958375e-02
1.236667e+00 1.242501e+00 1.248334e+00 1.919483e-02
1.248334e+00 1.254167e+00 1.260001e+00 1.881070e-02
1.260001e+00 1.265834e+00 1.271667e+00 1.843144e-02
1.271667e+00 1.277501e+00 1.283334e+00 1.805711e-02
1.283334e+00 1.289167e+00 1.295001e+00 1.768778e-02
1.295001e+00 1.300834e+00 1.306667e+00 1.732350e-02
1.306667e+00 1.312501e+00 1.318334e+00 1.696432e-02
1.318334e+00 1.324167e+00 1.330001e+00 1.661029e-02
1.330001e+00 1.335834e+00 1.341667e+00 1.626142e-02
1.341667e+00 1.347501e+00 1.353334e+00 1.591775e-02
1.353334e+00 1.359167e+00 1.365001e+00 1.557930e-02
1.365001e+00 1.370834e+00 1.376667e+00 1.524607e-02
1.376667e+00 1.382501e+00 1.388334e+00 1.491809e-02
1.388334e+00 1.394167e+00 1.400001e+00 1.459534e-02
1.400001e+00 1.405834e+00 1.411667e+00 1.427783e-02
1.411667e+00 1.417501e+00 1.423334e+00 1.396556e-02
1.423334e+00 1.429167e+00 1.435001e+00 1.365850e-02
1.435001e+00 1.440834e+00 1.446667e+00 1.335665e-02
1.446667e+00 1.452501e+00 1.458334e+00 1.305998e-02
1.458334e+00 1.464167e+00 1.470001e+00 1.276847e-02
1.470001e+00 1.475834e+00 1.481667e+00 1.248210e-02
1.481667e+00 1.487501e+00 1.493334e+00 1.220083e-02
1.493334e+00 1.499167e+00 1.505001e+00 1.192463e-02
1.505001e+00 1.510834e+00 1.516667e+00 1.165346e-02
1.516667e+00 1.522501e+00 1.528334e+00 1.138729e-02
1.528334e+00 1.534167e+00 1.540001e+00 1.112607e-02
1.540001e+00 1.545834e+00 1.551667e+00 1.086977e-02
1.551667e+00 1.557501e+00 1.563334e+00 1.061833e-02
1.563334e+00 1.569167e+00 1.575001e+00 1.037170e-02
1.575001e+00 1.580834e+00 1.586667e+00 1.012985e-02
1.586667e+00 1.592501e+00 1.598334e+00 9.892710e-03
1.598334e+00 1.604167e+00 1.610001e+00 9.660237e-03
1.610001e+00 1.615834e+00 1.621667e+00 9.432374e-03
1.621667e+00 1.627501e+00 1.633334e+00 9.209067e-03
1.633334e+00 1.639167e+00 1.645001e+00 8.990260e-03
1.645001e+00 1.650834e+00 1.656667e+00 8.775895e-03
1.656667e+00 1.662501e+00 1.668334e+00 8.565913e-03
1.668334e+00 1.674167e+00 1.680001e+00 8.360257e-03
1.680001e+00 1.685834e+00 1.691667e+00 8.158866e-03
1.691667e+00 1.697501e+00 1.703334e+00 7.961680e-03
1.703334e+00 1.709167e+00 1.715001e+00 7.768639e-03
1.715001e+00 1.720834e+00 1.726667e+00 7.579682e-03
1.726667e+00 1.732501e+00 1.738334e+00 7.394747e-03
1.738334e+00 1.744167e+00 1.750000e+00 7.213773e-03
1.750000e+00 1.755834e+00 1.761667e+00 7.036697e-03
1.761667e+00 1.767500e+00 1.773334e+00 6.863458e-03
1.773334e+00 1.779167e+00 1.785000e+00 6.693994e-03
1.785000e+00 1.790834e+00 1.796667e+00 6.528244e-03
1.796667e+00 1.802500e+00 1.808334e+00 6.366144e-03
1.808334e+00 1.814167e+00 1.820000e+00 6.207634e-03
1.820000e+00 1.825834e+00 1.831667e+00 6.052653e-03
1.831667e+00 1.837500e+00 1.843334e+00 5.901138e-03
1.843334e+00 1.849167e+00 1.855000e+00 5.753029e-03
1.855000e+00 1.860834e+00 1.866667e+00 5.608265e-03
1.866667e+00 1.872500e+00 1.878334e+00 5.466787e-03
1.878334e+00 1.884167e+00 1.890000e+00 5.328533e-03
1.890000e+00 1.895834e+00 1.901667e+00 5.193446e-03
1.901667e+00 1.907500e+00 1.913334e+00 5.061465e-03
1.913334e+00 1.919167e+00 1.925000e+00 4.932533e-03
1.925000e+00 1.930834e+00 1.936667e+00 4.806591e-03
1.936667e+00 1.942500e+00 1.948334e+00 4.683582e-03
1.948334e+00 1.954167e+00 1.960000e+00 4.563450e-03
1.960000e+00 1.965834e+00 1.971667e+00 4.446138e-03
1.971667e+00 1.977500e+00 1.983334e+00 4.331590e-03
1.983334e+00 1.989167e+00 1.995000e+00 4.219752e-03
1.995000e+00 2.000834e+00 2.006667e+00 4.110569e-03
2.006667e+00 2.012500e+00 2.018334e+00 4.003988e-03
2.018334e+00 2.024167e+00 2.030000e+00 3.899956e-03
2.030000e+00 2.035834e+00 2.041667e+00 3.798420e-03
2.041667e+00 2.047500e+00 2.053334e+00 3.699329e-03
2.053334e+00 2.059167e+00 2.065000e+00 3.602632e-03
2.065000e+00 2.070834e+00 2.076667e+00 3.508279e-03
2.076667e+00 2.082500e+00 2.088334e+00 3.416221e-03
2.088334e+00 2.094167e+00 2.100000e+00 3.326408e-03
2.100000e+00 2.105834e+00 2.111667e+00 3.238794e-03
2.111667e+00 2.117500e+00 2.123334e+00 3.153329e-03
2.123334e+00 2.129167e+00 2.135000e+00 3.069970e-03
2.135000e+00 2.140834e+00 2.146667e+00 2.988668e-03
2.146667e+00 2.152500e+00 2.158334e+00 2.909380e-03
2.158334e+00 2.164167e+00 2.170000e+00 2.832061e-03
2.170000e+00 2.175834e+00 2.181667e+00 2.756668e-03
2.181667e+00 2.187500e+00 2.193334e+00 2.683157e-03
2.193334e+00 2.199167e+00 2.205000e+00 2.611487e-03
2.205000e+00 2.210834e+00 2.216667e+00 2.541617e-03
2.216667e+00 2.222500e+00 2.228334e+00 2.473506e-03
2.228334e+00 2.234167e+00 2.240000e+00 2.407113e-03
2.240000e+00 2.245834e+00 2.251667e+00 2.342400e-03
2.251667e+00 2.257500e+00 2.263334e+00 2.279329e-03
2.263334e+00 2.269167e+00 2.275000e+00 2.217861e-03
2.275000e+00 2.280834e+00 2.286667e+00 2.157960e-03
2.286667e+00 2.292500e+00 2.298334e+00 2.099590e-03
2.298334e+00 2.304167e+00 2.310000e+00 2.042713e-03
2.310000e+00 2.315834e+00 2.321667e+00 1.987297e-03
2.321667e+00 2.327500e+00 2.333334e+00 1.933306e-03
2.333334e+00 2.339167e+00 2.345000e+00 1.880708e-03
2.345000e+00 2.350834e+00 2.356667e+00 1.829468e-03
2.356667e+00 2.362500e+00 2.368334e+00 1.779555e-03
2.368334e+00 2.374167e+00 2.380000e+00 1.730937e-03
2.380000e+00 2.385834e+00 2.391667e+00 1.683583e-03
2.391667e+00 2.397500e+00 2.403334e+00 1.637463e-03
2.403334e+00 2.409167e+00 2.415000e+00 1.592546e-03
2.415000e+00 2.420834e+00 2.426667e+00 1.548805e-03
2.426667e+00 2.432500e+00 2.438334e+00 1.506211e-03
2.438334e+00 2.444167e+00 2.450000e+00 1.464735e-03
2.450000e+00 2.455834e+00 2.461667e+00 1.424350e-03
2.461667e+00 2.467500e+00 2.473334e+00 1.385030e-03
2.473334e+00 2.479167e+00 2.485000e+00 1.346749e-03
2.485000e+00 2.490834e+00 2.496667e+00 1.309480e-03
2.496667e+00 2.502500e+00 2.508334e+00 1.273199e-03
2.508334e+00 2.514167e+00 2.520000e+00 1.237881e-03
2.520000e+00 2.525834e+00 2.531667e+00 1.203503e-03
2.531667e+00 2.537500e+00 2.543334e+00 1.170041e-03
2.543334e+00 2.549167e+00 2.555000e+00 1.137472e-03
2.555000e+00 2.560834e+00 2.566667e+00 1.105774e-03
2.566667e+00 2.572500e+00 2.578334e+00 1.074924e-03
2.578334e+00 2.584167e+00 2.590000e+00 1.044902e-03
2.590000e+00 2.595834e+00 2.601667e+00 1.015687e-03
2.601667e+00 2.607500e+00 2.613334e+00 9.872573e-04
2.613334e+00 2.619167e+00 2.625000e+00 9.595943e-04
2.625000e+00 2.630834e+00 2.636667e+00 9.326779e-04
2.636667e+00 2.642500e+00 2.648334e+00 9.064891e-04
2.648334e+00 2.654167e+00 2.660000e+00 8.810094e-04
2.660000e+00 2.665834e+00 2.671667e+00 8.562206e-04
2.671667e+00 2.677500e+00 2.683334e+00 8.321049e-04
2.683334e+00 2.689167e+00 2.695000e+00 8.086450e-04
2.695000e+00 2.700834e+00 2.706667e+00 7.858239e-04
2.706667e+00 2.712500e+00 2.718334e+00 7.636252e-04
2.718334e+00 2.724167e+00 2.730000e+00 7.420327e-04
2.730000e+00 2.735834e+00 2.741667e+00 7.210307e-04
2.741667e+00 2.747500e+00 2.753334e+00 7.006038e-04
2.753334e+00 2.759167e+00 2.765000e+00 6.807370e-04
2.765000e+00 2.770834e+00 2.776667e+00 6.614156e-04
2.776667e+00 2.782500e+00 2.788334e+00 6.426255e-04
2.788334e+00 2.794167e+00 2.800000e+00 6.243525e-04
2.800000e+00 2.805834e+00 2.811667e+00 6.065833e-04
2.811667e+00 2.817500e+00 2.823334e+00 5.893044e-04
2.823334e+00 2.829167e+00 2.835000e+00 5.725030e-04
2.835000e+00 2.840834e+00 2.846667e+00 5.561663e-04
2.846667e+00 2.852500e+00 2.858334e+00 5.402822e-04
2.858334e+00 2.864167e+00 2.870000e+00 5.248386e-04
2.870000e+00 2.875834e+00 2.881667e+00 5.098238e-04
2.881667e+00 2.887500e+00 2.893334e+00 4.952264e-04
2.893334e+00 2.899167e+00 2.905000e+00 4.810352e-04
2.905000e+00 2.910834e+00 2.916667e+00 4.672394e-04
2.916667e+00 2.922500e+00 2.928333e+00 4.538285e-04
2.928333e+00 2.934167e+00 2.940000e+00 4.407920e-04
2.940000e+00 2.945833e+00 2.951667e+00 4.281199e-04
2.951667e+00 2.957500e+00 2.963333e+00 4.158025e-04
2.963333e+00 2.969167e+00 2.975000e+00 4.038302e-04
2.975000e+00 2.980833e+00 2.986667e+00 3.921936e-04
2.986667e+00 2.992500e+00 2.998333e+00 3.808838e-04
2.998333e+00 3.004167e+00 3.010000e+00 3.698918e-04
3.010000e+00 3.015833e+00 3.021667e+00 3.592090e-04
3.021667e+00 3.027500e+00 3.033333e+00 3.488271e-04
3.033333e+00 3.039167e+00 3.045000e+00 3.387379e-04
3.045000e+00 3.050833e+00 3.056667e+00 3.289334e-04
3.056667e+00 3.062500e+00 3.068333e+00 3.194058e-04
3.068333e+00 3.074167e+00 3.080000e+00 3.101476e-04
3.080000e+00 3.085833e+00 3.091667e+00 3.011515e-04
3.091667e+00 3.097500e+00 3.103333e+00 2.924101e-04
3.103333e+00 3.109167e+00 3.115000e+00 2.839167e-04
3.115000e+00 3.120833e+00 3.126667e+00 2.756643e-04
3.126667e+00 3.132500e+00 3.138333e+00 2.676463e-04
3.138333e+00 3.144167e+00 3.150000e+00 2.598563e-04
3.150000e+00 3.155833e+00 3.161667e+00 2.522880e-04
3.161667e+00 3.167500e+00 3.173333e+00 2.449353e-04
3.173333e+00 3.179167e+00 3.185000e+00 2.377923e-04
3.185000e+00 3.190833e+00 3.196667e+00 2.308530e-04
3.196667e+00 3.202500e+00 3.208333e+00 2.241119e-04
3.208333e+00 3.214167e+00 3.220000e+00 2.175636e-04
3.220000e+00 3.225833e+00 3.231667e+00 2.112025e-04
3.231667e+00 3.237500e+00 3.243333e+00 2.050236e-04
3.243333e+00 3.249167e+00 3.255000e+00 1.990218e-04
3.255000e+00 3.260833e+00 3.266667e+00 1.931921e-04
3.266667e+00 3.272500e+00 3.278333e+00 1.875297e-04
3.278333e+00 3.284167e+00 3.290000e+00 1.820300e-04
3.290000e+00 3.295833e+00 3.301667e+00 1.766883e-04
3.301667e+00 3.307500e+00 3.313333e+00 1.715004e-04
3.313333e+00 3.319167e+00 3.325000e+00 1.664619e-04
3.325000e+00 3.330833e+00 3.336667e+00 1.615685e-04
3.336667e+00 3.342500e+00 3.348333e+00 1.568163e-04
3.348333e+00 3.354167e+00 3.360000e+00 1.522012e-04
3.360000e+00 3.365833e+00 3.371667e+00 1.477195e-04
3.371667e+00 3.377500e+00 3.383333e+00 1.433672e-04
3.383333e+00 3.389167e+00 3.395000e+00 1.391409e-04
3.395000e+00 3.400833e+00 3.406667e+00 1.350368e-04
3.406667e+00 3.412500e+00 3.418333e+00 1.310517e-04
3.418333e+00 3.424167e+00 3.430000e+00 1.271821e-04
3.430000e+00 3.435833e+00 3.441667e+00 1.234247e-04
3.441667e+00 3.447500e+00 3.453333e+00 1.197764e-04
3.453333e+00 3.459167e+00 3.465000e+00 1.162341e-04
3.465000e+00 3.470833e+00 3.476667e+00 1.127948e-04
3.476667e+00 3.482500e+00 3.488333e+00 1.094554e-04
3.488333e+00 3.494167e+00 3.500000e+00 1.062133e-04
