1.000000e-06 5.834332e-03 1.166766e-02 3.302941e-05
1.166766e-02 1.750099e-02 2.333433e-02 2.825322e-04
2.333433e-02 2.916766e-02 3.500099e-02 7.487871e-04
3.500099e-02 4.083432e-02 4.666765e-02 1.403015e-03
4.666765e-02 5.250099e-02 5.833432e-02 2.220118e-03
5.833432e-02 6.416765e-02 7.000098e-02 3.177854e-03
7.000098e-02 7.583431e-02 8.166764e-02 4.256361e-03
8.166764e-02 8.750097e-02 9.333431e-02 5.437811e-03
9.333431e-02 9.916764e-02 1.050010e-01 6.706156e-03
1.050010e-01 1.108343e-01 1.166676e-01 8.046925e-03
1.166676e-01 1.225010e-01 1.283343e-01 9.447050e-03
1.283343e-01 1.341676e-01 1.400010e-01 1.089473e-02
1.400010e-01 1.458343e-01 1.516676e-01 1.237930e-02
1.516676e-01 1.575010e-01 1.633343e-01 1.389113e-02
1.633343e-01 1.691676e-01 1.750009e-01 1.542154e-02
1.750009e-01 1.808343e-01 1.866676e-01 1.696267e-02
1.866676e-01 1.925009e-01 1.983343e-01 1.850748e-02
1.983343e-01 2.041676e-01 2.100009e-01 2.004962e-02
2.100009e-01 2.158343e-01 2.216676e-01 2.158339e-02
2.216676e-01 2.275009e-01 2.333343e-01 2.310371e-02
2.333343e-01 2.391676e-01 2.450009e-01 2.460601e-02
2.450009e-01 2.508343e-01 2.566676e-01 2.608626e-02
2.566676e-01 2.625009e-01 2.683343e-01 2.754087e-02
2.683343e-01 2.741676e-01 2.800009e-01 2.896666e-02
2.800009e-01 2.858343e-01 2.916676e-01 3.036085e-02
2.916676e-01 2.975009e-01 3.033342e-01 3.172103e-02
3.033342e-01 3.091676e-01 3.150009e-01 3.304509e-02
3.150009e-01 3.208342e-01 3.266676e-01 3.433123e-02
3.266676e-01 3.325009e-01 3.383342e-01 3.557792e-02
3.383342e-01 3.441676e-01 3.500009e-01 3.678388e-02
3.500009e-01 3.558342e-01 3.616676e-01 3.794806e-02
3.616676e-01 3.675009e-01 3.733342e-01 3.906962e-02
3.733342e-01 3.791676e-01 3.850009e-01 4.014792e-02
3.850009e-01 3.908342e-01 3.966676e-01 4.118248e-02
3.966676e-01 4.025009e-01 4.083342e-01 4.217298e-02
4.083342e-01 4.141675e-01 4.200009e-01 4.311926e-02
4.200009e-01 4.258342e-01 4.316675e-01 4.402127e-02
4.316675e-01 4.375009e-01 4.433342e-01 4.487910e-02
4.433342e-01 4.491675e-01 4.550009e-01 4.569294e-02
4.550009e-01 4.608342e-01 4.666675e-01 4.646307e-02
4.666675e-01 4.725009e-01 4.783342e-01 4.718987e-02
4.783342e-01 4.841675e-01 4.900009e-01 4.787380e-02
4.900009e-01 4.958342e-01 5.016675e-01 4.851537e-02
5.016675e-01 5.075009e-01 5.133342e-01 4.911519e-02
5.133342e-01 5.191675e-01 5.250008e-01 4.967388e-02
5.250008e-01 5.308342e-01 5.366675e-01 5.019215e-02
5.366675e-01 5.425008e-01 5.483342e-01 5.067073e-02
5.483342e-01 5.541675e-01 5.600008e-01 5.111039e-02
5.600008e-01 5.658342e-01 5.716675e-01 5.151196e-02
5.716675e-01 5.775008e-01 5.833342e-01 5.187625e-02
5.833342e-01 5.891675e-01 5.950008e-01 5.220414e-02
5.950008e-01 6.008342e-01 6.066675e-01 5.249650e-02
6.066675e-01 6.125008e-01 6.183342e-01 5.275423e-02
6.183342e-01 6.241675e-01 6.300008e-01 5.297824e-02
6.300008e-01 6.358342e-01 6.416675e-01 5.316944e-02
6.416675e-01 6.475008e-01 6.533341e-01 5.332875e-02
6.533341e-01 6.591675e-01 6.650008e-01 5.345712e-02
6.650008e-01 6.708341e-01 6.766675e-01 5.355547e-02
6.766675e-01 6.825008e-01 6.883341e-01 5.362472e-02
6.883341e-01 6.941675e-01 7.000008e-01 5.366581e-02
7.000008e-01 7.058341e-01 7.116675e-01 5.367966e-02
7.116675e-01 7.175008e-01 7.233341e-01 5.366718e-02
7.233341e-01 7.291675e-01 7.350008e-01 5.362929e-02
7.350008e-01 7.408341e-01 7.466675e-01 5.356689e-02
7.466675e-01 7.525008e-01 7.583341e-01 5.348087e-02
7.583341e-01 7.641674e-01 7.700008e-01 5.337211e-02
7.700008e-01 7.758341e-01 7.816674e-01 5.324147e-02
7.816674e-01 7.875008e-01 7.933341e-01 5.308982e-02
7.933341e-01 7.991674e-01 8.050008e-01 5.291799e-02
8.050008e-01 8.108341e-01 8.166674e-01 5.272682e-02
8.166674e-01 8.225008e-01 8.283341e-01 5.251711e-02
8.283341e-01 8.341674e-01 8.400008e-01 5.228967e-02
8.400008e-01 8.458341e-01 8.516674e-01 5.204527e-02
8.516674e-01 8.575008e-01 8.633341e-01 5.178468e-02
8.633341e-01 8.691674e-01 8.750007e-01 5.150865e-02
8.750007e-01 8.808341e-01 8.866674e-01 5.121792e-02
8.866674e-01 8.925007e-01 8.983341e-01 5.091319e-02
8.983341e-01 9.041674e-01 9.100007e-01 5.059517e-02
9.100007e-01 9.158341e-01 9.216674e-01 5.026454e-02
9.216674e-01 9.275007e-01 9.333341e-01 4.992196e-02
9.333341e-01 9.391674e-01 9.450007e-01 4.956809e-02
9.450007e-01 9.508341e-01 9.566674e-01 4.920355e-02
9.566674e-01 9.625007e-01 9.683341e-01 4.882895e-02
9.683341e-01 9.741674e-01 9.800007e-01 4.844490e-02
9.800007e-01 9.858341e-01 9.916674e-01 4.805197e-02
9.916674e-01 9.975007e-01 1.003334e+00 4.765072e-02
1.003334e+00 1.009167e+00 1.015001e+00 4.724171e-02
1.015001e+00 1.020834e+00 1.026667e+00 4.682546e-02
1.026667e+00 1.032501e+00 1.038334e+00 4.640248e-02
1.038334e+00 1.044167e+00 1.050001e+00 4.597328e-02
1.050001e+00 1.055834e+00 1.061667e+00 4.553833e-02
1.061667e+00 1.067501e+00 1.073334e+00 4.509810e-02
1.073334e+00 1.079167e+00 1.085001e+00 4.465305e-02
1.085001e+00 1.090834e+00 1.096667e+00 4.420360e-02
1.096667e+00 1.102501e+00 1.108334e+00 4.375019e-02
1.108334e+00 1.114167e+00 1.120001e+00 4.329322e-02
1.120001e+00 1.125834e+00 1.131667e+00 4.283307e-02
1.131667e+00 1.137501e+00 1.143334e+00 4.237013e-02
1.143334e+00 1.149167e+00 1.155001e+00 4.190477e-02
1.155001e+00 1.160834e+00 1.166667e+00 4.143733e-02
1.166667e+00 1.172501e+00 1.178334e+00 4.096816e-02
1.178334e+00 1.184167e+00 1.190001e+00 4.049757e-02
1.190001e+00 1.195834e+00 1.201667e+00 4.002589e-02
1.201667e+00 1.207501e+00 1.213334e+00 3.955341e-02
1.213334e+00 1.219167e+00 1.225001e+00 3.908042e-02
1.225001e+00 1.230834e+00 1.236667e+00 3.860720e-02
1.236667e+00 1.242501e+00 1.248334e+00 3.813402e-02
1.248334e+00 1.254167e+00 1.260001e+00 3.766112e-02
1.260001e+00 1.265834e+00 1.271667e+00 3.718876e-02
1.271667e+00 1.277501e+00 1.283334e+00 3.671716e-02
1.283334e+00 1.289167e+00 1.295001e+00 3.624656e-02
1.295001e+00 1.300834e+00 1.306667e+00 3.577715e-02
1.306667e+00 1.312501e+00 1.318334e+00 3.530916e-02
1.318334e+00 1.324167e+00 1.330001e+00 3.484276e-02
1.330001e+00 1.335834e+00 1.341667e+00 3.437815e-02
1.341667e+00 1.347501e+00 1.353334e+00 3.391550e-02
1.353334e+00 1.359167e+00 1.365001e+00 3.345498e-02
1.365001e+00 1.370834e+00 1.376667e+00 3.299675e-02
1.376667e+00 1.382501e+00 1.388334e+00 3.254096e-02
1.388334e+00 1.394167e+00 1.400001e+00 3.208775e-02
1.400001e+00 1.405834e+00 1.411667e+00 3.163726e-02
1.411667e+00 1.417501e+00 1.423334e+00 3.118961e-02
1.423334e+00 1.429167e+00 1.435001e+00 3.074493e-02
1.435001e+00 1.440834e+00 1.446667e+00 3.030334e-02
1.446667e+00 1.452501e+00 1.458334e+00 2.986493e-02
1.458334e+00 1.464167e+00 1.470001e+00 2.942981e-02
1.470001e+00 1.475834e+00 1.481667e+00 2.899807e-02
1.481667e+00 1.487501e+00 1.493334e+00 2.856981e-02
1.493334e+00 1.499167e+00 1.505001e+00 2.814510e-02
1.505001e+00 1.510834e+00 1.516667e+00 2.772402e-02
1.516667e+00 1.522501e+00 1.528334e+00 2.730665e-02
1.528334e+00 1.534167e+00 1.540001e+00 2.689305e-02
1.540001e+00 1.545834e+00 1.551667e+00 2.648328e-02
1.551667e+00 1.557501e+00 1.563334e+00 2.607740e-02
1.563334e+00 1.569167e+00 1.575001e+00 2.567546e-02
1.575001e+00 1.580834e+00 1.586667e+00 2.527751e-02
1.586667e+00 1.592501e+00 1.598334e+00 2.488358e-02
1.598334e+00 1.604167e+00 1.610001e+00 2.449373e-02
1.610001e+00 1.615834e+00 1.621667e+00 2.410798e-02
1.621667e+00 1.627501e+00 1.633334e+00 2.372637e-02
1.633334e+00 1.639167e+00 1.645001e+00 2.334891e-02
1.645001e+00 1.650834e+00 1.656667e+00 2.297564e-02
1.656667e+00 1.662501e+00 1.668334e+00 2.260658e-02
1.668334e+00 1.674167e+00 1.680001e+00 2.224174e-02
1.680001e+00 1.685834e+00 1.691667e+00 2.188114e-02
1.691667e+00 1.697501e+00 1.703334e+00 2.152478e-02
1.703334e+00 1.709167e+00 1.715001e+00 2.117268e-02
1.715001e+00 1.720834e+00 1.726667e+00 2.082483e-02
1.726667e+00 1.732501e+00 1.738334e+00 2.048125e-02
1.738334e+00 1.744167e+00 1.750000e+00 2.014193e-02
1.750000e+00 1.755834e+00 1.761667e+00 1.980687e-02
1.761667e+00 1.767500e+00 1.773334e+00 1.947606e-02
1.773334e+00 1.779167e+00 1.785000e+00 1.914949e-02
1.785000e+00 1.790834e+00 1.796667e+00 1.882717e-02
1.796667e+00 1.802500e+00 1.808334e+00 1.850907e-02
1.808334e+00 1.814167e+00 1.820000e+00 1.819518e-02
1.820000e+00 1.825834e+00 1.831667e+00 1.788549e-02
1.831667e+00 1.837500e+00 1.843334e+00 1.757998e-02
1.843334e+00 1.849167e+00 1.855000e+00 1.727864e-02
1.855000e+00 1.860834e+00 1.866667e+00 1.698143e-02
1.866667e+00 1.872500e+00 1.878334e+00 1.668835e-02
1.878334e+00 1.884167e+00 1.890000e+00 1.639937e-02
1.890000e+00 1.895834e+00 1.901667e+00 1.611446e-02
1.901667e+00 1.907500e+00 1.913334e+00 1.583360e-02
1.913334e+00 1.919167e+00 1.925000e+00 1.555676e-02
1.925000e+00 1.930834e+00 1.936667e+00 1.528392e-02
1.936667e+00 1.942500e+00 1.948334e+00 1.501504e-02
1.948334e+00 1.954167e+00 1.960000e+00 1.475010e-02
1.960000e+00 1.965834e+00 1.971667e+00 1.448907e-02
1.971667e+00 1.977500e+00 1.983334e+00 1.423191e-02
1.983334e+00 1.989167e+00 1.995000e+00 1.397859e-02
1.995000e+00 2.000834e+00 2.006667e+00 1.372908e-02
2.006667e+00 2.012500e+00 2.018334e+00 1.348335e-02
2.018334e+00 2.024167e+00 2.030000e+00 1.324137e-02
2.030000e+00 2.035834e+00 2.041667e+00 1.300308e-02
2.041667e+00 2.047500e+00 2.053334e+00 1.276847e-02
2.053334e+00 2.059167e+00 2.065000e+00 1.253750e-02
2.065000e+00 2.070834e+00 2.076667e+00 1.231013e-02
2.076667e+00 2.082500e+00 2.088334e+00 1.208632e-02
2.088334e+00 2.094167e+00 2.100000e+00 1.186603e-02
2.100000e+00 2.105834e+00 2.111667e+00 1.164923e-02
2.111667e+00 2.117500e+00 2.123334e+00 1.143589e-02
2.123334e+00 2.129167e+00 2.135000e+00 1.122596e-02
2.135000e+00 2.140834e+00 2.146667e+00 1.101940e-02
2.146667e+00 2.152500e+00 2.158334e+00 1.081618e-02
2.158334e+00 2.164167e+00 2.170000e+00 1.061625e-02
2.170000e+00 2.175834e+00 2.181667e+00 1.041959e-02
2.181667e+00 2.187500e+00 2.193334e+00 1.022615e-02
2.193334e+00 2.199167e+00 2.205000e+00 1.003589e-02
2.205000e+00 2.210834e+00 2.216667e+00 9.848769e-03
2.216667e+00 2.222500e+00 2.228334e+00 9.664755e-03
2.228334e+00 2.234167e+00 2.240000e+00 9.483807e-03
2.240000e+00 2.245834e+00 2.251667e+00 9.305886e-03
2.251667e+00 2.257500e+00 2.263334e+00 9.130953e-03
2.263334e+00 2.269167e+00 2.275000e+00 8.958968e-03
2.275000e+00 2.280834e+00 2.286667e+00 8.789895e-03
2.286667e+00 2.292500e+00 2.298334e+00 8.623693e-03
2.298334e+00 2.304167e+00 2.310000e+00 8.460325e-03
2.310000e+00 2.315834e+00 2.321667e+00 8.299753e-03
2.321667e+00 2.327500e+00 2.333334e+00 8.141938e-03
2.333334e+00 2.339167e+00 2.345000e+00 7.986843e-03
2.345000e+00 2.350834e+00 2.356667e+00 7.834429e-03
2.356667e+00 2.362500e+00 2.368334e+00 7.684660e-03
2.368334e+00 2.374167e+00 2.380000e+00 7.537497e-03
2.380000e+00 2.385834e+00 2.391667e+00 7.392905e-03
2.391667e+00 2.397500e+00 2.403334e+00 7.250845e-03
2.403334e+00 2.409167e+00 2.415000e+00 7.111282e-03
2.415000e+00 2.420834e+00 2.426667e+00 6.974179e-03
2.426667e+00 2.432500e+00 2.438334e+00 6.839500e-03
2.438334e+00 2.444167e+00 2.450000e+00 6.707210e-03
2.450000e+00 2.455834e+00 2.461667e+00 6.577272e-03
2.461667e+00 2.467500e+00 2.473334e+00 6.449652e-03
2.473334e+00 2.479167e+00 2.485000e+00 6.324314e-03
2.485000e+00 2.490834e+00 2.496667e+00 6.201225e-03
2.496667e+00 2.502500e+00 2.508334e+00 6.080349e-03
2.508334e+00 2.514167e+00 2.520000e+00 5.961653e-03
2.520000e+00 2.525834e+00 2.531667e+00 5.845103e-03
2.531667e+00 2.537500e+00 2.543334e+00 5.730666e-03
2.543334e+00 2.549167e+00 2.555000e+00 5.618308e-03
2.555000e+00 2.560834e+00 2.566667e+00 5.507998e-03
2.566667e+00 2.572500e+00 2.578334e+00 5.399702e-03
2.578334e+00 2.584167e+00 2.590000e+00 5.293389e-03
2.590000e+00 2.595834e+00 2.601667e+00 5.189028e-03
2.601667e+00 2.607500e+00 2.613334e+00 5.086586e-03
2.613334e+00 2.619167e+00 2.625000e+00 4.986033e-03
2.625000e+00 2.630834e+00 2.636667e+00 4.887338e-03
2.636667e+00 2.642500e+00 2.648334e+00 4.790472e-03
2.648334e+00 2.654167e+00 2.660000e+00 4.695404e-03
2.660000e+00 2.665834e+00 2.671667e+00 4.602104e-03
2.671667e+00 2.677500e+00 2.683334e+00 4.510544e-03
2.683334e+00 2.689167e+00 2.695000e+00 4.420695e-03
2.695000e+00 2.700834e+00 2.706667e+00 4.332528e-03
2.706667e+00 2.712500e+00 2.718334e+00 4.246015e-03
2.718334e+00 2.724167e+00 2.730000e+00 4.161128e-03
2.730000e+00 2.735834e+00 2.741667e+00 4.077841e-03
2.741667e+00 2.747500e+00 2.753334e+00 3.996125e-03
2.753334e+00 2.759167e+00 2.765000e+00 3.915955e-03
2.765000e+00 2.770834e+00 2.776667e+00 3.837304e-03
2.776667e+00 2.782500e+00 2.788334e+00 3.760146e-03
2.788334e+00 2.794167e+00 2.800000e+00 3.684455e-03
2.800000e+00 2.805834e+00 2.811667e+00 3.610206e-03
2.811667e+00 2.817500e+00 2.823334e+00 3.537375e-03
2.823334e+00 2.829167e+00 2.835000e+00 3.465936e-03
2.835000e+00 2.840834e+00 2.846667e+00 3.395865e-03
2.846667e+00 2.852500e+00 2.858334e+00 3.327140e-03
2.858334e+00 2.864167e+00 2.870000e+00 3.259735e-03
2.870000e+00 2.875834e+00 2.881667e+00 3.193628e-03
2.881667e+00 2.887500e+00 2.893334e+00 3.128796e-03
2.893334e+00 2.899167e+00 2.905000e+00 3.065216e-03
2.905000e+00 2.910834e+00 2.916667e+00 3.002866e-03
2.916667e+00 2.922500e+00 2.928333e+00 2.941725e-03
2.928333e+00 2.934167e+00 2.940000e+00 2.881770e-03
2.940000e+00 2.945833e+00 2.951667e+00 2.822981e-03
2.951667e+00 2.957500e+00 2.963333e+00 2.765337e-03
2.963333e+00 2.969167e+00 2.975000e+00 2.708817e-03
2.975000e+00 2.980833e+00 2.986667e+00 2.653400e-03
2.986667e+00 2.992500e+00 2.998333e+00 2.599067e-03
2.998333e+00 3.004167e+00 3.010000e+00 2.545799e-03
3.010000e+00 3.015833e+00 3.021667e+00 2.493575e-03
3.021667e+00 3.027500e+00 3.033333e+00 2.442377e-03
3.033333e+00 3.039167e+00 3.045000e+00 2.392187e-03
3.045000e+00 3.050833e+00 3.056667e+00 2.342984e-03
3.056667e+00 3.062500e+00 3.068333e+00 2.294753e-03
3.068333e+00 3.074167e+00 3.080000e+00 2.247473e-03
3.080000e+00 3.085833e+00 3.091667e+00 2.201129e-03
3.091667e+00 3.097500e+00 3.103333e+00 2.155703e-03
3.103333e+00 3.109167e+00 3.115000e+00 2.111178e-03
3.115000e+00 3.120833e+00 3.126667e+00 2.067536e-03
3.126667e+00 3.132500e+00 3.138333e+00 2.024762e-03
3.138333e+00 3.144167e+00 3.150000e+00 1.982840e-03
3.150000e+00 3.155833e+00 3.161667e+00 1.941753e-03
3.161667e+00 3.167500e+00 3.173333e+00 1.901485e-03
3.173333e+00 3.179167e+00 3.185000e+00 1.862023e-03
3.185000e+00 3.190833e+00 3.196667e+00 1.823349e-03
3.196667e+00 3.202500e+00 3.208333e+00 1.785450e-03
3.208333e+00 3.214167e+00 3.220000e+00 1.748311e-03
3.220000e+00 3.225833e+00 3.231667e+00 1.711917e-03
3.231667e+00 3.237500e+00 3.243333e+00 1.676255e-03
3.243333e+00 3.249167e+00 3.255000e+00 1.641310e-03
3.255000e+00 3.260833e+00 3.266667e+00 1.607069e-03
3.266667e+00 3.272500e+00 3.278333e+00 1.573518e-03
3.278333e+00 3.284167e+00 3.290000e+00 1.540645e-03
3.290000e+00 3.295833e+00 3.301667e+00 1.508435e-03
3.301667e+00 3.307500e+00 3.313333e+00 1.476877e-03
3.313333e+00 3.319167e+00 3.325000e+00 1.445959e-03
3.325000e+00 3.330833e+00 3.336667e+00 1.415666e-03
3.336667e+00 3.342500e+00 3.348333e+00 1.385989e-03
3.348333e+00 3.354167e+00 3.360000e+00 1.356914e-03
3.360000e+00 3.365833e+00 3.371667e+00 1.328431e-03
3.371667e+00 3.377500e+00 3.383333e+00 1.300527e-03
3.383333e+00 3.389167e+00 3.395000e+00 1.273191e-03
3.395000e+00 3.400833e+00 3.406667e+00 1.246413e-03
3.406667e+00 3.412500e+00 3.418333e+00 1.220182e-03
3.418333e+00 3.424167e+00 3.430000e+00 1.194486e-03
3.430000e+00 3.435833e+00 3.441667e+00 1.169316e-03
3.441667e+00 3.447500e+00 3.453333e+00 1.144661e-03
3.453333e+00 3.459167e+00 3.465000e+00 1.120511e-03
3.465000e+00 3.470833e+00 3.476667e+00 1.096856e-03
3.476667e+00 3.482500e+00 3.488333e+00 1.073687e-03
3.488333e+00 3.494167e+00 3.500000e+00 1.050994e-03
