1.000000e-06 5.834332e-03 1.166766e-02 3.302343e-05
1.166766e-02 1.750099e-02 2.333433e-02 2.823721e-04
2.333433e-02 2.916766e-02 3.500099e-02 7.480712e-04
3.500099e-02 4.083432e-02 4.666765e-02 1.401126e-03
4.666765e-02 5.250099e-02 5.833432e-02 2.216262e-03
5.833432e-02 6.416765e-02 7.000098e-02 3.171095e-03
7.000098e-02 7.583431e-02 8.166764e-02 4.245649e-03
8.166764e-02 8.750097e-02 9.333431e-02 5.422009e-03
9.333431e-02 9.916764e-02 1.050010e-01 6.684060e-03
1.050010e-01 1.108343e-01 1.166676e-01 8.017285e-03
1.166676e-01 1.225010e-01 1.283343e-01 9.408589e-03
1.283343e-01 1.341676e-01 1.400010e-01 1.084615e-02
1.400010e-01 1.458343e-01 1.516676e-01 1.231931e-02
1.516676e-01 1.575010e-01 1.633343e-01 1.381845e-02
1.633343e-01 1.691676e-01 1.750009e-01 1.533489e-02
1.750009e-01 1.808343e-01 1.866676e-01 1.686082e-02
1.866676e-01 1.925009e-01 1.983343e-01 1.838923e-02
1.983343e-01 2.041676e-01 2.100009e-01 1.991380e-02
2.100009e-01 2.158343e-01 2.216676e-01 2.142889e-02
2.216676e-01 2.275009e-01 2.333343e-01 2.292946e-02
2.333343e-01 2.391676e-01 2.450009e-01 2.441100e-02
2.450009e-01 2.508343e-01 2.566676e-01 2.586953e-02
2.566676e-01 2.625009e-01 2.683343e-01 2.730151e-02
2.683343e-01 2.741676e-01 2.800009e-01 2.870383e-02
2.800009e-01 2.858343e-01 2.916676e-01 3.007379e-02
2.916676e-01 2.975009e-01 3.033342e-01 3.140901e-02
3.033342e-01 3.091676e-01 3.150009e-01 3.270745e-02
3.150009e-01 3.208342e-01 3.266676e-01 3.396738e-02
3.266676e-01 3.325009e-01 3.383342e-01 3.518732e-02
3.383342e-01 3.441676e-01 3.500009e-01 3.636607e-02
3.500009e-01 3.558342e-01 3.616676e-01 3.750262e-02
3.616676e-01 3.675009e-01 3.733342e-01 3.859621e-02
3.733342e-01 3.791676e-01 3.850009e-01 3.964623e-02
3.850009e-01 3.908342e-01 3.966676e-01 4.065227e-02
3.966676e-01 4.025009e-01 4.083342e-01 4.161408e-02
4.083342e-01 4.141675e-01 4.200009e-01 4.253152e-02
4.200009e-01 4.258342e-01 4.316675e-01 4.340463e-02
4.316675e-01 4.375009e-01 4.433342e-01 4.423352e-02
4.433342e-01 4.491675e-01 4.550009e-01 4.501843e-02
4.550009e-01 4.608342e-01 4.666675e-01 4.575970e-02
4.666675e-01 4.725009e-01 4.783342e-01 4.645775e-02
4.783342e-01 4.841675e-01 4.900009e-01 4.711308e-02
4.900009e-01 4.958342e-01 5.016675e-01 4.772624e-02
5.016675e-01 5.075009e-01 5.133342e-01 4.829787e-02
5.133342e-01 5.191675e-01 5.250008e-01 4.882865e-02
5.250008e-01 5.308342e-01 5.366675e-01 4.931930e-02
5.366675e-01 5.425008e-01 5.483342e-01 4.977059e-02
5.483342e-01 5.541675e-01 5.600008e-01 5.018334e-02
5.600008e-01 5.658342e-01 5.716675e-01 5.055837e-02
5.716675e-01 5.775008e-01 5.833342e-01 5.089656e-02
5.833342e-01 5.891675e-01 5.950008e-01 5.119878e-02
5.950008e-01 6.008342e-01 6.066675e-01 5.146594e-02
6.066675e-01 6.125008e-01 6.183342e-01 5.169896e-02
6.183342e-01 6.241675e-01 6.300008e-01 5.189877e-02
6.300008e-01 6.358342e-01 6.416675e-01 5.206630e-02
6.416675e-01 6.475008e-01 6.533341e-01 5.220250e-02
6.533341e-01 6.591675e-01 6.650008e-01 5.230831e-02
6.650008e-01 6.708341e-01 6.766675e-01 5.238467e-02
6.766675e-01 6.825008e-01 6.883341e-01 5.243253e-02
6.883341e-01 6.941675e-01 7.000008e-01 5.245282e-02
7.000008e-01 7.058341e-01 7.116675e-01 5.244648e-02
7.116675e-01 7.175008e-01 7.233341e-01 5.241444e-02
7.233341e-01 7.291675e-01 7.350008e-01 5.235762e-02
7.350008e-01 7.408341e-01 7.466675e-01 5.227691e-02
7.466675e-01 7.525008e-01 7.583341e-01 5.217322e-02
7.583341e-01 7.641674e-01 7.700008e-01 5.204743e-02
7.700008e-01 7.758341e-01 7.816674e-01 5.190042e-02
7.816674e-01 7.875008e-01 7.933341e-01 5.173303e-02
7.933341e-01 7.991674e-01 8.050008e-01 5.154612e-02
8.050008e-01 8.108341e-01 8.166674e-01 5.134051e-02
8.166674e-01 8.225008e-01 8.283341e-01 5.111702e-02
8.283341e-01 8.341674e-01 8.400008e-01 5.087643e-02
8.400008e-01 8.458341e-01 8.516674e-01 5.061954e-02
8.516674e-01 8.575008e-01 8.633341e-01 5.034710e-02
8.633341e-01 8.691674e-01 8.750007e-01 5.005986e-02
8.750007e-01 8.808341e-01 8.866674e-01 4.975854e-02
8.866674e-01 8.925007e-01 8.983341e-01 4.944386e-02
8.983341e-01 9.041674e-01 9.100007e-01 4.911652e-02
9.100007e-01 9.158341e-01 9.216674e-01 4.877718e-02
9.216674e-01 9.275007e-01 9.333341e-01 4.842651e-02
9.333341e-01 9.391674e-01 9.450007e-01 4.806514e-02
9.450007e-01 9.508341e-01 9.566674e-01 4.769370e-02
9.566674e-01 9.625007e-01 9.683341e-01 4.731281e-02
9.683341e-01 9.741674e-01 9.800007e-01 4.692303e-02
9.800007e-01 9.858341e-01 9.916674e-01 4.652495e-02
9.916674e-01 9.975007e-01 1.003334e+00 4.611912e-02
1.003334e+00 1.009167e+00 1.015001e+00 4.570608e-02
1.015001e+00 1.020834e+00 1.026667e+00 4.528635e-02
1.026667e+00 1.032501e+00 1.038334e+00 4.486043e-02
1.038334e+00 1.044167e+00 1.050001e+00 4.442880e-02
1.050001e+00 1.055834e+00 1.061667e+00 4.399196e-02
1.061667e+00 1.067501e+00 1.073334e+00 4.355034e-02
1.073334e+00 1.079167e+00 1.085001e+00 4.310439e-02
1.085001e+00 1.090834e+00 1.096667e+00 4.265454e-02
1.096667e+00 1.102501e+00 1.108334e+00 4.220119e-02
1.108334e+00 1.114167e+00 1.120001e+00 4.174474e-02
1.120001e+00 1.125834e+00 1.131667e+00 4.128559e-02
1.131667e+00 1.137501e+00 1.143334e+00 4.082408e-02
1.143334e+00 1.149167e+00 1.155001e+00 4.036058e-02
1.155001e+00 1.160834e+00 1.166667e+00 3.989543e-02
1.166667e+00 1.172501e+00 1.178334e+00 3.942895e-02
1.178334e+00 1.184167e+00 1.190001e+00 3.896146e-02
1.190001e+00 1.195834e+00 1.201667e+00 3.849327e-02
1.201667e+00 1.207501e+00 1.213334e+00 3.802465e-02
1.213334e+00 1.219167e+00 1.225001e+00 3.755590e-02
1.225001e+00 1.230834e+00 1.236667e+00 3.708728e-02
1.236667e+00 1.242501e+00 1.248334e+00 3.661903e-02
1.248334e+00 1.254167e+00 1.260001e+00 3.615141e-02
1.260001e+00 1.265834e+00 1.271667e+00 3.568465e-02
1.271667e+00 1.277501e+00 1.283334e+00 3.521897e-02
1.283334e+00 1.289167e+00 1.295001e+00 3.475459e-02
1.295001e+00 1.300834e+00 1.306667e+00 3.429170e-02
1.306667e+00 1.312501e+00 1.318334e+00 3.383051e-02
1.318334e+00 1.324167e+00 1.330001e+00 3.337119e-02
1.330001e+00 1.335834e+00 1.341667e+00 3.291392e-02
1.341667e+00 1.347501e+00 1.353334e+00 3.245887e-02
1.353334e+00 1.359167e+00 1.365001e+00 3.200620e-02
1.365001e+00 1.370834e+00 1.376667e+00 3.155604e-02
1.376667e+00 1.382501e+00 1.388334e+00 3.110855e-02
1.388334e+00 1.394167e+00 1.400001e+00 3.066387e-02
1.400001e+00 1.405834e+00 1.411667e+00 3.022210e-02
1.411667e+00 1.417501e+00 1.423334e+00 2.978338e-02
1.423334e+00 1.429167e+00 1.435001e+00 2.934782e-02
1.435001e+00 1.440834e+00 1.446667e+00 2.891553e-02
1.446667e+00 1.452501e+00 1.458334e+00 2.848659e-02
1.458334e+00 1.464167e+00 1.470001e+00 2.806111e-02
1.470001e+00 1.475834e+00 1.481667e+00 2.763916e-02
1.481667e+00 1.487501e+00 1.493334e+00 2.722084e-02
1.493334e+00 1.499167e+00 1.505001e+00 2.680621e-02
1.505001e+00 1.510834e+00 1.516667e+00 2.639535e-02
1.516667e+00 1.522501e+00 1.528334e+00 2.598832e-02
1.528334e+00 1.534167e+00 1.540001e+00 2.558517e-02
1.540001e+00 1.545834e+00 1.551667e+00 2.518597e-02
1.551667e+00 1.557501e+00 1.563334e+00 2.479076e-02
1.563334e+00 1.569167e+00 1.575001e+00 2.439959e-02
1.575001e+00 1.580834e+00 1.586667e+00 2.401249e-02
1.586667e+00 1.592501e+00 1.598334e+00 2.362950e-02
1.598334e+00 1.604167e+00 1.610001e+00 2.325066e-02
1.610001e+00 1.615834e+00 1.621667e+00 2.287600e-02
1.621667e+00 1.627501e+00 1.633334e+00 2.250553e-02
1.633334e+00 1.639167e+00 1.645001e+00 2.213929e-02
1.645001e+00 1.650834e+00 1.656667e+00 2.177728e-02
1.656667e+00 1.662501e+00 1.668334e+00 2.141952e-02
1.668334e+00 1.674167e+00 1.680001e+00 2.106602e-02
1.680001e+00 1.685834e+00 1.691667e+00 2.071680e-02
1.691667e+00 1.697501e+00 1.703334e+00 2.037185e-02
1.703334e+00 1.709167e+00 1.715001e+00 2.003118e-02
1.715001e+00 1.720834e+00 1.726667e+00 1.969479e-02
1.726667e+00 1.732501e+00 1.738334e+00 1.936268e-02
1.738334e+00 1.744167e+00 1.750000e+00 1.903484e-02
1.750000e+00 1.755834e+00 1.761667e+00 1.871126e-02
1.761667e+00 1.767500e+00 1.773334e+00 1.839194e-02
1.773334e+00 1.779167e+00 1.785000e+00 1.807686e-02
1.785000e+00 1.790834e+00 1.796667e+00 1.776601e-02
1.796667e+00 1.802500e+00 1.808334e+00 1.745938e-02
1.808334e+00 1.814167e+00 1.820000e+00 1.715694e-02
1.820000e+00 1.825834e+00 1.831667e+00 1.685869e-02
1.831667e+00 1.837500e+00 1.843334e+00 1.656459e-02
1.843334e+00 1.849167e+00 1.855000e+00 1.627463e-02
1.855000e+00 1.860834e+00 1.866667e+00 1.598878e-02
1.866667e+00 1.872500e+00 1.878334e+00 1.570703e-02
1.878334e+00 1.884167e+00 1.890000e+00 1.542933e-02
1.890000e+00 1.895834e+00 1.901667e+00 1.515567e-02
1.901667e+00 1.907500e+00 1.913334e+00 1.488602e-02
1.913334e+00 1.919167e+00 1.925000e+00 1.462035e-02
1.925000e+00 1.930834e+00 1.936667e+00 1.435862e-02
1.936667e+00 1.942500e+00 1.948334e+00 1.410082e-02
1.948334e+00 1.954167e+00 1.960000e+00 1.384689e-02
1.960000e+00 1.965834e+00 1.971667e+00 1.359682e-02
1.971667e+00 1.977500e+00 1.983334e+00 1.335057e-02
1.983334e+00 1.989167e+00 1.995000e+00 1.310810e-02
1.995000e+00 2.000834e+00 2.006667e+00 1.286939e-02
2.006667e+00 2.012500e+00 2.018334e+00 1.263438e-02
2.018334e+00 2.024167e+00 2.030000e+00 1.240305e-02
2.030000e+00 2.035834e+00 2.041667e+00 1.217537e-02
2.041667e+00 2.047500e+00 2.053334e+00 1.195128e-02
2.053334e+00 2.059167e+00 2.065000e+00 1.173076e-02
2.065000e+00 2.070834e+00 2.076667e+00 1.151378e-02
2.076667e+00 2.082500e+00 2.088334e+00 1.130028e-02
2.088334e+00 2.094167e+00 2.100000e+00 1.109023e-02
2.100000e+00 2.105834e+00 2.111667e+00 1.088360e-02
2.111667e+00 2.117500e+00 2.123334e+00 1.068034e-02
2.123334e+00 2.129167e+00 2.135000e+00 1.048042e-02
2.135000e+00 2.140834e+00 2.146667e+00 1.028379e-02
2.146667e+00 2.152500e+00 2.158334e+00 1.009042e-02
2.158334e+00 2.164167e+00 2.170000e+00 9.900263e-03
2.170000e+00 2.175834e+00 2.181667e+00 9.713286e-03
2.181667e+00 2.187500e+00 2.193334e+00 9.529448e-03
2.193334e+00 2.199167e+00 2.205000e+00 9.348709e-03
2.205000e+00 2.210834e+00 2.216667e+00 9.171028e-03
2.216667e+00 2.222500e+00 2.228334e+00 8.996367e-03
2.228334e+00 2.234167e+00 2.240000e+00 8.824687e-03
2.240000e+00 2.245834e+00 2.251667e+00 8.655947e-03
2.251667e+00 2.257500e+00 2.263334e+00 8.490109e-03
2.263334e+00 2.269167e+00 2.275000e+00 8.327133e-03
2.275000e+00 2.280834e+00 2.286667e+00 8.166980e-03
2.286667e+00 2.292500e+00 2.298334e+00 8.009612e-03
2.298334e+00 2.304167e+00 2.310000e+00 7.854990e-03
2.310000e+00 2.315834e+00 2.321667e+00 7.703076e-03
2.321667e+00 2.327500e+00 2.333334e+00 7.553830e-03
2.333334e+00 2.339167e+00 2.345000e+00 7.407216e-03
2.345000e+00 2.350834e+00 2.356667e+00 7.263195e-03
2.356667e+00 2.362500e+00 2.368334e+00 7.121730e-03
2.368334e+00 2.374167e+00 2.380000e+00 6.982784e-03
2.380000e+00 2.385834e+00 2.391667e+00 6.846318e-03
2.391667e+00 2.397500e+00 2.403334e+00 6.712297e-03
2.403334e+00 2.409167e+00 2.415000e+00 6.580684e-03
2.415000e+00 2.420834e+00 2.426667e+00 6.451443e-03
2.426667e+00 2.432500e+00 2.438334e+00 6.324538e-03
2.438334e+00 2.444167e+00 2.450000e+00 6.199933e-03
2.450000e+00 2.455834e+00 2.461667e+00 6.077593e-03
2.461667e+00 2.467500e+00 2.473334e+00 5.957482e-03
2.473334e+00 2.479167e+00 2.485000e+00 5.839567e-03
2.485000e+00 2.490834e+00 2.496667e+00 5.723813e-03
2.496667e+00 2.502500e+00 2.508334e+00 5.610186e-03
2.508334e+00 2.514167e+00 2.520000e+00 5.498652e-03
2.520000e+00 2.525834e+00 2.531667e+00 5.389178e-03
2.531667e+00 2.537500e+00 2.543334e+00 5.281731e-03
2.543334e+00 2.549167e+00 2.555000e+00 5.176279e-03
2.555000e+00 2.560834e+00 2.566667e+00 5.072788e-03
2.566667e+00 2.572500e+00 2.578334e+00 4.971228e-03
2.578334e+00 2.584167e+00 2.590000e+00 4.871567e-03
2.590000e+00 2.595834e+00 2.601667e+00 4.773773e-03
2.601667e+00 2.607500e+00 2.613334e+00 4.677816e-03
2.613334e+00 2.619167e+00 2.625000e+00 4.583665e-03
2.625000e+00 2.630834e+00 2.636667e+00 4.491291e-03
2.636667e+00 2.642500e+00 2.648334e+00 4.400663e-03
2.648334e+00 2.654167e+00 2.660000e+00 4.311752e-03
2.660000e+00 2.665834e+00 2.671667e+00 4.224529e-03
2.671667e+00 2.677500e+00 2.683334e+00 4.138967e-03
2.683334e+00 2.689167e+00 2.695000e+00 4.055035e-03
2.695000e+00 2.700834e+00 2.706667e+00 3.972707e-03
2.706667e+00 2.712500e+00 2.718334e+00 3.891956e-03
2.718334e+00 2.724167e+00 2.730000e+00 3.812753e-03
2.730000e+00 2.735834e+00 2.741667e+00 3.735072e-03
2.741667e+00 2.747500e+00 2.753334e+00 3.658888e-03
2.753334e+00 2.759167e+00 2.765000e+00 3.584173e-03
2.765000e+00 2.770834e+00 2.776667e+00 3.510902e-03
2.776667e+00 2.782500e+00 2.788334e+00 3.439049e-03
2.788334e+00 2.794167e+00 2.800000e+00 3.368591e-03
2.800000e+00 2.805834e+00 2.811667e+00 3.299502e-03
2.811667e+00 2.817500e+00 2.823334e+00 3.231758e-03
2.823334e+00 2.829167e+00 2.835000e+00 3.165334e-03
2.835000e+00 2.840834e+00 2.846667e+00 3.100209e-03
2.846667e+00 2.852500e+00 2.858334e+00 3.036357e-03
2.858334e+00 2.864167e+00 2.870000e+00 2.973757e-03
2.870000e+00 2.875834e+00 2.881667e+00 2.912386e-03
2.881667e+00 2.887500e+00 2.893334e+00 2.852222e-03
2.893334e+00 2.899167e+00 2.905000e+00 2.793243e-03
2.905000e+00 2.910834e+00 2.916667e+00 2.735427e-03
2.916667e+00 2.922500e+00 2.928333e+00 2.678753e-03
2.928333e+00 2.934167e+00 2.940000e+00 2.623201e-03
2.940000e+00 2.945833e+00 2.951667e+00 2.568749e-03
2.951667e+00 2.957500e+00 2.963333e+00 2.515378e-03
2.963333e+00 2.969167e+00 2.975000e+00 2.463068e-03
2.975000e+00 2.980833e+00 2.986667e+00 2.411800e-03
2.986667e+00 2.992500e+00 2.998333e+00 2.361553e-03
2.998333e+00 3.004167e+00 3.010000e+00 2.312309e-03
3.010000e+00 3.015833e+00 3.021667e+00 2.264049e-03
3.021667e+00 3.027500e+00 3.033333e+00 2.216756e-03
3.033333e+00 3.039167e+00 3.045000e+00 2.170410e-03
3.045000e+00 3.050833e+00 3.056667e+00 2.124995e-03
3.056667e+00 3.062500e+00 3.068333e+00 2.080492e-03
3.068333e+00 3.074167e+00 3.080000e+00 2.036885e-03
3.080000e+00 3.085833e+00 3.091667e+00 1.994157e-03
3.091667e+00 3.097500e+00 3.103333e+00 1.952291e-03
3.103333e+00 3.109167e+00 3.115000e+00 1.911270e-03
3.115000e+00 3.120833e+00 3.126667e+00 1.871080e-03
3.126667e+00 3.132500e+00 3.138333e+00 1.831703e-03
3.138333e+00 3.144167e+00 3.150000e+00 1.793125e-03
3.150000e+00 3.155833e+00 3.161667e+00 1.755329e-03
3.161667e+00 3.167500e+00 3.173333e+00 1.718303e-03
3.173333e+00 3.179167e+00 3.185000e+00 1.682029e-03
3.185000e+00 3.190833e+00 3.196667e+00 1.646495e-03
3.196667e+00 3.202500e+00 3.208333e+00 1.611685e-03
3.208333e+00 3.214167e+00 3.220000e+00 1.577586e-03
3.220000e+00 3.225833e+00 3.231667e+00 1.544185e-03
3.231667e+00 3.237500e+00 3.243333e+00 1.511466e-03
3.243333e+00 3.249167e+00 3.255000e+00 1.479419e-03
3.255000e+00 3.260833e+00 3.266667e+00 1.448028e-03
3.266667e+00 3.272500e+00 3.278333e+00 1.417282e-03
3.278333e+00 3.284167e+00 3.290000e+00 1.387168e-03
3.290000e+00 3.295833e+00 3.301667e+00 1.357674e-03
3.301667e+00 3.307500e+00 3.313333e+00 1.328787e-03
3.313333e+00 3.319167e+00 3.325000e+00 1.300495e-03
3.325000e+00 3.330833e+00 3.336667e+00 1.272788e-03
3.336667e+00 3.342500e+00 3.348333e+00 1.245653e-03
3.348333e+00 3.354167e+00 3.360000e+00 1.219079e-03
3.360000e+00 3.365833e+00 3.371667e+00 1.193055e-03
3.371667e+00 3.377500e+00 3.383333e+00 1.167570e-03
3.383333e+00 3.389167e+00 3.395000e+00 1.142614e-03
3.395000e+00 3.400833e+00 3.406667e+00 1.118176e-03
3.406667e+00 3.412500e+00 3.418333e+00 1.094246e-03
3.418333e+00 3.424167e+00 3.430000e+00 1.070814e-03
3.430000e+00 3.435833e+00 3.441667e+00 1.047869e-03
3.441667e+00 3.447500e+00 3.453333e+00 1.025402e-03
3.453333e+00 3.459167e+00 3.465000e+00 1.003404e-03
3.465000e+00 3.470833e+00 3.476667e+00 9.818652e-04
3.476667e+00 3.482500e+00 3.488333e+00 9.607762e-04
3.488333e+00 3.494167e+00 3.500000e+00 9.401282e-04
