1.000000e-06 5.834332e-03 1.166766e-02 3.302272e-05
1.166766e-02 1.750099e-02 2.333433e-02 2.820265e-04
2.333433e-02 2.916766e-02 3.500099e-02 7.459755e-04
3.500099e-02 4.083432e-02 4.666765e-02 1.394734e-03
4.666765e-02 5.250099e-02 5.833432e-02 2.201988e-03
5.833432e-02 6.416765e-02 7.000098e-02 3.144450e-03
7.000098e-02 7.583431e-02 8.166764e-02 4.201373e-03
8.166764e-02 8.750097e-02 9.333431e-02 5.354203e-03
9.333431e-02 9.916764e-02 1.050010e-01 6.586312e-03
1.050010e-01 1.108343e-01 1.166676e-01 7.882779e-03
1.166676e-01 1.225010e-01 1.283343e-01 9.230210e-03
1.283343e-01 1.341676e-01 1.400010e-01 1.061658e-02
1.400010e-01 1.458343e-01 1.516676e-01 1.203110e-02
1.516676e-01 1.575010e-01 1.633343e-01 1.346411e-02
1.633343e-01 1.691676e-01 1.750009e-01 1.490695e-02
1.750009e-01 1.808343e-01 1.866676e-01 1.635189e-02
1.866676e-01 1.925009e-01 1.983343e-01 1.779203e-02
1.983343e-01 2.041676e-01 2.100009e-01 1.922124e-02
2.100009e-01 2.158343e-01 2.216676e-01 2.063410e-02
2.216676e-01 2.275009e-01 2.333343e-01 2.202579e-02
2.333343e-01 2.391676e-01 2.450009e-01 2.339210e-02
2.450009e-01 2.508343e-01 2.566676e-01 2.472933e-02
2.566676e-01 2.625009e-01 2.683343e-01 2.603427e-02
2.683343e-01 2.741676e-01 2.800009e-01 2.730414e-02
2.800009e-01 2.858343e-01 2.916676e-01 2.853657e-02
2.916676e-01 2.975009e-01 3.033342e-01 2.972956e-02
3.033342e-01 3.091676e-01 3.150009e-01 3.088142e-02
3.150009e-01 3.208342e-01 3.266676e-01 3.199077e-02
3.266676e-01 3.325009e-01 3.383342e-01 3.305653e-02
3.383342e-01 3.441676e-01 3.500009e-01 3.407783e-02
3.500009e-01 3.558342e-01 3.616676e-01 3.505405e-02
3.616676e-01 3.675009e-01 3.733342e-01 3.598477e-02
3.733342e-01 3.791676e-01 3.850009e-01 3.686976e-02
3.850009e-01 3.908342e-01 3.966676e-01 3.770894e-02
3.966676e-01 4.025009e-01 4.083342e-01 3.850240e-02
4.083342e-01 4.141675e-01 4.200009e-01 3.925037e-02
4.200009e-01 4.258342e-01 4.316675e-01 3.995317e-02
4.316675e-01 4.375009e-01 4.433342e-01 4.061125e-02
4.433342e-01 4.491675e-01 4.550009e-01 4.122515e-02
4.550009e-01 4.608342e-01 4.666675e-01 4.179552e-02
4.666675e-01 4.725009e-01 4.783342e-01 4.232303e-02
4.783342e-01 4.841675e-01 4.900009e-01 4.280848e-02
4.900009e-01 4.958342e-01 5.016675e-01 4.325267e-02
5.016675e-01 5.075009e-01 5.133342e-01 4.365650e-02
5.133342e-01 5.191675e-01 5.250008e-01 4.402087e-02
5.250008e-01 5.308342e-01 5.366675e-01 4.434675e-02
5.366675e-01 5.425008e-01 5.483342e-01 4.463512e-02
5.483342e-01 5.541675e-01 5.600008e-01 4.488697e-02
5.600008e-01 5.658342e-01 5.716675e-01 4.510336e-02
5.716675e-01 5.775008e-01 5.833342e-01 4.528531e-02
5.833342e-01 5.891675e-01 5.950008e-01 4.543389e-02
5.950008e-01 6.008342e-01 6.066675e-01 4.555014e-02
6.066675e-01 6.125008e-01 6.183342e-01 4.563515e-02
6.183342e-01 6.241675e-01 6.300008e-01 4.568997e-02
6.300008e-01 6.358342e-01 6.416675e-01 4.571566e-02
6.416675e-01 6.475008e-01 6.533341e-01 4.571328e-02
6.533341e-01 6.591675e-01 6.650008e-01 4.568389e-02
6.650008e-01 6.708341e-01 6.766675e-01 4.562852e-02
6.766675e-01 6.825008e-01 6.883341e-01 4.554820e-02
6.883341e-01 6.941675e-01 7.000008e-01 4.544395e-02
7.000008e-01 7.058341e-01 7.116675e-01 4.531677e-02
7.116675e-01 7.175008e-01 7.233341e-01 4.516766e-02
7.233341e-01 7.291675e-01 7.350008e-01 4.499757e-02
7.350008e-01 7.408341e-01 7.466675e-01 4.480746e-02
7.466675e-01 7.525008e-01 7.583341e-01 4.459827e-02
7.583341e-01 7.641674e-01 7.700008e-01 4.437091e-02
7.700008e-01 7.758341e-01 7.816674e-01 4.412627e-02
7.816674e-01 7.875008e-01 7.933341e-01 4.386523e-02
7.933341e-01 7.991674e-01 8.050008e-01 4.358865e-02
8.050008e-01 8.108341e-01 8.166674e-01 4.329736e-02
8.166674e-01 8.225008e-01 8.283341e-01 4.299216e-02
8.283341e-01 8.341674e-01 8.400008e-01 4.267385e-02
8.400008e-01 8.458341e-01 8.516674e-01 4.234320e-02
8.516674e-01 8.575008e-01 8.633341e-01 4.200095e-02
8.633341e-01 8.691674e-01 8.750007e-01 4.164783e-02
8.750007e-01 8.808341e-01 8.866674e-01 4.128454e-02
8.866674e-01 8.925007e-01 8.983341e-01 4.091176e-02
8.983341e-01 9.041674e-01 9.100007e-01 4.053016e-02
9.100007e-01 9.158341e-01 9.216674e-01 4.014037e-02
9.216674e-01 9.275007e-01 9.333341e-01 3.974302e-02
9.333341e-01 9.391674e-01 9.450007e-01 3.933869e-02
9.450007e-01 9.508341e-01 9.566674e-01 3.892797e-02
9.566674e-01 9.625007e-01 9.683341e-01 3.851142e-02
9.683341e-01 9.741674e-01 9.800007e-01 3.808956e-02
9.800007e-01 9.858341e-01 9.916674e-01 3.766293e-02
9.916674e-01 9.975007e-01 1.003334e+00 3.723201e-02
1.003334e+00 1.009167e+00 1.015001e+00 3.679730e-02
1.015001e+00 1.020834e+00 1.026667e+00 3.635924e-02
1.026667e+00 1.032501e+00 1.038334e+00 3.591829e-02
1.038334e+00 1.044167e+00 1.050001e+00 3.547486e-02
1.050001e+00 1.055834e+00 1.061667e+00 3.502938e-02
1.061667e+00 1.067501e+00 1.073334e+00 3.458222e-02
1.073334e+00 1.079167e+00 1.085001e+00 3.413377e-02
1.085001e+00 1.090834e+00 1.096667e+00 3.368438e-02
1.096667e+00 1.102501e+00 1.108334e+00 3.323440e-02
1.108334e+00 1.114167e+00 1.120001e+00 3.278415e-02
1.120001e+00 1.125834e+00 1.131667e+00 3.233396e-02
1.131667e+00 1.137501e+00 1.143334e+00 3.188411e-02
1.143334e+00 1.149167e+00 1.155001e+00 3.143490e-02
1.155001e+00 1.160834e+00 1.166667e+00 3.098660e-02
1.166667e+00 1.172501e+00 1.178334e+00 3.053945e-02
1.178334e+00 1.184167e+00 1.190001e+00 3.009372e-02
1.190001e+00 1.195834e+00 1.201667e+00 2.964963e-02
1.201667e+00 1.207501e+00 1.213334e+00 2.920741e-02
1.213334e+00 1.219167e+00 1.225001e+00 2.876726e-02
1.225001e+00 1.230834e+00 1.236667e+00 2.832937e-02
1.236667e+00 1.242501e+00 1.248334e+00 2.789395e-02
1.248334e+00 1.254167e+00 1.260001e+00 2.746117e-02
1.260001e+00 1.265834e+00 1.271667e+00 2.703118e-02
1.271667e+00 1.277501e+00 1.283334e+00 2.660415e-02
1.283334e+00 1.289167e+00 1.295001e+00 2.618023e-02
1.295001e+00 1.300834e+00 1.306667e+00 2.575955e-02
1.306667e+00 1.312501e+00 1.318334e+00 2.534225e-02
1.318334e+00 1.324167e+00 1.330001e+00 2.492843e-02
1.330001e+00 1.335834e+00 1.341667e+00 2.451822e-02
1.341667e+00 1.347501e+00 1.353334e+00 2.411172e-02
1.353334e+00 1.359167e+00 1.365001e+00 2.370903e-02
1.365001e+00 1.370834e+00 1.376667e+00 2.331023e-02
1.376667e+00 1.382501e+00 1.388334e+00 2.291541e-02
1.388334e+00 1.394167e+00 1.400001e+00 2.252464e-02
1.400001e+00 1.405834e+00 1.411667e+00 2.213799e-02
1.411667e+00 1.417501e+00 1.423334e+00 2.175553e-02
1.423334e+00 1.429167e+00 1.435001e+00 2.137731e-02
1.435001e+00 1.440834e+00 1.446667e+00 2.100337e-02
1.446667e+00 1.452501e+00 1.458334e+00 2.063378e-02
1.458334e+00 1.464167e+00 1.470001e+00 2.026857e-02
1.470001e+00 1.475834e+00 1.481667e+00 1.990776e-02
1.481667e+00 1.487501e+00 1.493334e+00 1.955140e-02
1.493334e+00 1.499167e+00 1.505001e+00 1.919951e-02
1.505001e+00 1.510834e+00 1.516667e+00 1.885211e-02
1.516667e+00 1.522501e+00 1.528334e+00 1.850921e-02
1.528334e+00 1.534167e+00 1.540001e+00 1.817083e-02
1.540001e+00 1.545834e+00 1.551667e+00 1.783698e-02
1.551667e+00 1.557501e+00 1.563334e+00 1.750767e-02
1.563334e+00 1.569167e+00 1.575001e+00 1.718289e-02
1.575001e+00 1.580834e+00 1.586667e+00 1.686265e-02
1.586667e+00 1.592501e+00 1.598334e+00 1.654693e-02
1.598334e+00 1.604167e+00 1.610001e+00 1.623574e-02
1.610001e+00 1.615834e+00 1.621667e+00 1.592906e-02
1.621667e+00 1.627501e+00 1.633334e+00 1.562688e-02
1.633334e+00 1.639167e+00 1.645001e+00 1.532919e-02
1.645001e+00 1.650834e+00 1.656667e+00 1.503596e-02
1.656667e+00 1.662501e+00 1.668334e+00 1.474717e-02
1.668334e+00 1.674167e+00 1.680001e+00 1.446281e-02
1.680001e+00 1.685834e+00 1.691667e+00 1.418285e-02
1.691667e+00 1.697501e+00 1.703334e+00 1.390726e-02
1.703334e+00 1.709167e+00 1.715001e+00 1.363601e-02
1.715001e+00 1.720834e+00 1.726667e+00 1.336908e-02
1.726667e+00 1.732501e+00 1.738334e+00 1.310644e-02
1.738334e+00 1.744167e+00 1.750000e+00 1.284804e-02
1.750000e+00 1.755834e+00 1.761667e+00 1.259386e-02
1.761667e+00 1.767500e+00 1.773334e+00 1.234386e-02
1.773334e+00 1.779167e+00 1.785000e+00 1.209801e-02
1.785000e+00 1.790834e+00 1.796667e+00 1.185626e-02
1.796667e+00 1.802500e+00 1.808334e+00 1.161858e-02
1.808334e+00 1.814167e+00 1.820000e+00 1.138493e-02
1.820000e+00 1.825834e+00 1.831667e+00 1.115526e-02
1.831667e+00 1.837500e+00 1.843334e+00 1.092954e-02
1.843334e+00 1.849167e+00 1.855000e+00 1.070773e-02
1.855000e+00 1.860834e+00 1.866667e+00 1.048977e-02
1.866667e+00 1.872500e+00 1.878334e+00 1.027564e-02
1.878334e+00 1.884167e+00 1.890000e+00 1.006527e-02
1.890000e+00 1.895834e+00 1.901667e+00 9.858642e-03
1.901667e+00 1.907500e+00 1.913334e+00 9.655695e-03
1.913334e+00 1.919167e+00 1.925000e+00 9.456388e-03
1.925000e+00 1.930834e+00 1.936667e+00 9.260675e-03
1.936667e+00 1.942500e+00 1.948334e+00 9.068512e-03
1.948334e+00 1.954167e+00 1.960000e+00 8.879851e-03
1.960000e+00 1.965834e+00 1.971667e+00 8.694647e-03
1.971667e+00 1.977500e+00 1.983334e+00 8.512854e-03
1.983334e+00 1.989167e+00 1.995000e+00 8.334426e-03
1.995000e+00 2.000834e+00 2.006667e+00 8.159316e-03
2.006667e+00 2.012500e+00 2.018334e+00 7.987478e-03
2.018334e+00 2.024167e+00 2.030000e+00 7.818866e-03
2.030000e+00 2.035834e+00 2.041667e+00 7.653433e-03
2.041667e+00 2.047500e+00 2.053334e+00 7.491134e-03
2.053334e+00 2.059167e+00 2.065000e+00 7.331922e-03
2.065000e+00 2.070834e+00 2.076667e+00 7.175751e-03
2.076667e+00 2.082500e+00 2.088334e+00 7.022577e-03
2.088334e+00 2.094167e+00 2.100000e+00 6.872353e-03
2.100000e+00 2.105834e+00 2.111667e+00 6.725033e-03
2.111667e+00 2.117500e+00 2.123334e+00 6.580574e-03
2.123334e+00 2.129167e+00 2.135000e+00 6.438930e-03
2.135000e+00 2.140834e+00 2.146667e+00 6.300057e-03
2.146667e+00 2.152500e+00 2.158334e+00 6.163911e-03
2.158334e+00 2.164167e+00 2.170000e+00 6.030447e-03
2.170000e+00 2.175834e+00 2.181667e+00 5.899622e-03
2.181667e+00 2.187500e+00 2.193334e+00 5.771393e-03
2.193334e+00 2.199167e+00 2.205000e+00 5.645718e-03
2.205000e+00 2.210834e+00 2.216667e+00 5.522553e-03
2.216667e+00 2.222500e+00 2.228334e+00 5.401856e-03
2.228334e+00 2.234167e+00 2.240000e+00 5.283587e-03
2.240000e+00 2.245834e+00 2.251667e+00 5.167703e-03
2.251667e+00 2.257500e+00 2.263334e+00 5.054164e-03
2.263334e+00 2.269167e+00 2.275000e+00 4.942929e-03
2.275000e+00 2.280834e+00 2.286667e+00 4.833959e-03
2.286667e+00 2.292500e+00 2.298334e+00 4.727213e-03
2.298334e+00 2.304167e+00 2.310000e+00 4.622653e-03
2.310000e+00 2.315834e+00 2.321667e+00 4.520240e-03
2.321667e+00 2.327500e+00 2.333334e+00 4.419936e-03
2.333334e+00 2.339167e+00 2.345000e+00 4.321703e-03
2.345000e+00 2.350834e+00 2.356667e+00 4.225503e-03
2.356667e+00 2.362500e+00 2.368334e+00 4.131300e-03
2.368334e+00 2.374167e+00 2.380000e+00 4.039058e-03
2.380000e+00 2.385834e+00 2.391667e+00 3.948741e-03
2.391667e+00 2.397500e+00 2.403334e+00 3.860313e-03
2.403334e+00 2.409167e+00 2.415000e+00 3.773739e-03
2.415000e+00 2.420834e+00 2.426667e+00 3.688985e-03
2.426667e+00 2.432500e+00 2.438334e+00 3.606016e-03
2.438334e+00 2.444167e+00 2.450000e+00 3.524801e-03
2.450000e+00 2.455834e+00 2.461667e+00 3.445304e-03
2.461667e+00 2.467500e+00 2.473334e+00 3.367495e-03
2.473334e+00 2.479167e+00 2.485000e+00 3.291340e-03
2.485000e+00 2.490834e+00 2.496667e+00 3.216808e-03
2.496667e+00 2.502500e+00 2.508334e+00 3.143868e-03
2.508334e+00 2.514167e+00 2.520000e+00 3.072490e-03
2.520000e+00 2.525834e+00 2.531667e+00 3.002642e-03
2.531667e+00 2.537500e+00 2.543334e+00 2.934297e-03
2.543334e+00 2.549167e+00 2.555000e+00 2.867423e-03
2.555000e+00 2.560834e+00 2.566667e+00 2.801992e-03
2.566667e+00 2.572500e+00 2.578334e+00 2.737977e-03
2.578334e+00 2.584167e+00 2.590000e+00 2.675349e-03
2.590000e+00 2.595834e+00 2.601667e+00 2.614080e-03
2.601667e+00 2.607500e+00 2.613334e+00 2.554144e-03
2.613334e+00 2.619167e+00 2.625000e+00 2.495515e-03
2.625000e+00 2.630834e+00 2.636667e+00 2.438165e-03
2.636667e+00 2.642500e+00 2.648334e+00 2.382070e-03
2.648334e+00 2.654167e+00 2.660000e+00 2.327203e-03
2.660000e+00 2.665834e+00 2.671667e+00 2.273542e-03
2.671667e+00 2.677500e+00 2.683334e+00 2.221060e-03
2.683334e+00 2.689167e+00 2.695000e+00 2.169734e-03
2.695000e+00 2.700834e+00 2.706667e+00 2.119540e-03
2.706667e+00 2.712500e+00 2.718334e+00 2.070456e-03
2.718334e+00 2.724167e+00 2.730000e+00 2.022459e-03
2.730000e+00 2.735834e+00 2.741667e+00 1.975526e-03
2.741667e+00 2.747500e+00 2.753334e+00 1.929635e-03
2.753334e+00 2.759167e+00 2.765000e+00 1.884765e-03
2.765000e+00 2.770834e+00 2.776667e+00 1.840894e-03
2.776667e+00 2.782500e+00 2.788334e+00 1.798002e-03
2.788334e+00 2.794167e+00 2.800000e+00 1.756069e-03
2.800000e+00 2.805834e+00 2.811667e+00 1.715075e-03
2.811667e+00 2.817500e+00 2.823334e+00 1.674999e-03
2.823334e+00 2.829167e+00 2.835000e+00 1.635822e-03
2.835000e+00 2.840834e+00 2.846667e+00 1.597527e-03
2.846667e+00 2.852500e+00 2.858334e+00 1.560093e-03
2.858334e+00 2.864167e+00 2.870000e+00 1.523503e-03
2.870000e+00 2.875834e+00 2.881667e+00 1.487739e-03
2.881667e+00 2.887500e+00 2.893334e+00 1.452784e-03
2.893334e+00 2.899167e+00 2.905000e+00 1.418620e-03
2.905000e+00 2.910834e+00 2.916667e+00 1.385230e-03
2.916667e+00 2.922500e+00 2.928333e+00 1.352597e-03
2.928333e+00 2.934167e+00 2.940000e+00 1.320707e-03
2.940000e+00 2.945833e+00 2.951667e+00 1.289542e-03
2.951667e+00 2.957500e+00 2.963333e+00 1.259086e-03
2.963333e+00 2.969167e+00 2.975000e+00 1.229326e-03
2.975000e+00 2.980833e+00 2.986667e+00 1.200245e-03
2.986667e+00 2.992500e+00 2.998333e+00 1.171829e-03
2.998333e+00 3.004167e+00 3.010000e+00 1.144064e-03
3.010000e+00 3.015833e+00 3.021667e+00 1.116935e-03
3.021667e+00 3.027500e+00 3.033333e+00 1.090429e-03
3.033333e+00 3.039167e+00 3.045000e+00 1.064531e-03
3.045000e+00 3.050833e+00 3.056667e+00 1.039230e-03
3.056667e+00 3.062500e+00 3.068333e+00 1.014511e-03
3.068333e+00 3.074167e+00 3.080000e+00 9.903614e-04
3.080000e+00 3.085833e+00 3.091667e+00 9.667694e-04
3.091667e+00 3.097500e+00 3.103333e+00 9.437225e-04
3.103333e+00 3.109167e+00 3.115000e+00 9.212086e-04
3.115000e+00 3.120833e+00 3.126667e+00 8.992160e-04
3.126667e+00 3.132500e+00 3.138333e+00 8.777331e-04
3.138333e+00 3.144167e+00 3.150000e+00 8.567486e-04
3.150000e+00 3.155833e+00 3.161667e+00 8.362515e-04
3.161667e+00 3.167500e+00 3.173333e+00 8.162309e-04
3.173333e+00 3.179167e+00 3.185000e+00 7.966763e-04
3.185000e+00 3.190833e+00 3.196667e+00 7.775771e-04
3.196667e+00 3.202500e+00 3.208333e+00 7.589234e-04
3.208333e+00 3.214167e+00 3.220000e+00 7.407050e-04
3.220000e+00 3.225833e+00 3.231667e+00 7.229122e-04
3.231667e+00 3.237500e+00 3.243333e+00 7.055356e-04
3.243333e+00 3.249167e+00 3.255000e+00 6.885657e-04
3.255000e+00 3.260833e+00 3.266667e+00 6.719934e-04
3.266667e+00 3.272500e+00 3.278333e+00 6.558097e-04
3.278333e+00 3.284167e+00 3.290000e+00 6.400059e-04
3.290000e+00 3.295833e+00 3.301667e+00 6.245734e-04
3.301667e+00 3.307500e+00 3.313333e+00 6.095037e-04
3.313333e+00 3.319167e+00 3.325000e+00 5.947887e-04
3.325000e+00 3.330833e+00 3.336667e+00 5.804204e-04
3.336667e+00 3.342500e+00 3.348333e+00 5.663907e-04
3.348333e+00 3.354167e+00 3.360000e+00 5.526921e-04
3.360000e+00 3.365833e+00 3.371667e+00 5.393170e-04
3.371667e+00 3.377500e+00 3.383333e+00 5.262580e-04
3.383333e+00 3.389167e+00 3.395000e+00 5.135079e-04
3.395000e+00 3.400833e+00 3.406667e+00 5.010597e-04
3.406667e+00 3.412500e+00 3.418333e+00 4.889063e-04
3.418333e+00 3.424167e+00 3.430000e+00 4.770412e-04
3.430000e+00 3.435833e+00 3.441667e+00 4.654576e-04
3.441667e+00 3.447500e+00 3.453333e+00 4.541491e-04
3.453333e+00 3.459167e+00 3.465000e+00 4.431094e-04
3.465000e+00 3.470833e+00 3.476667e+00 4.323322e-04
3.476667e+00 3.482500e+00 3.488333e+00 4.218116e-04
3.488333e+00 3.494167e+00 3.500000e+00 4.115416e-04
