1.000000e-06 5.834332e-03 1.166766e-02 3.307210e-05
1.166766e-02 1.750099e-02 2.333433e-02 2.826625e-04
2.333433e-02 2.916766e-02 3.500099e-02 7.476350e-04
3.500099e-02 4.083432e-02 4.666765e-02 1.397228e-03
4.666765e-02 5.250099e-02 5.833432e-02 2.204369e-03
5.833432e-02 6.416765e-02 7.000098e-02 3.145000e-03
7.000098e-02 7.583431e-02 8.166764e-02 4.197640e-03
8.166764e-02 8.750097e-02 9.333431e-02 5.343067e-03
9.333431e-02 9.916764e-02 1.050010e-01 6.564056e-03
1.050010e-01 1.108343e-01 1.166676e-01 7.845170e-03
1.166676e-01 1.225010e-01 1.283343e-01 9.172582e-03
1.283343e-01 1.341676e-01 1.400010e-01 1.053391e-02
1.400010e-01 1.458343e-01 1.516676e-01 1.191808e-02
1.516676e-01 1.575010e-01 1.633343e-01 1.331523e-02
1.633343e-01 1.691676e-01 1.750009e-01 1.471654e-02
1.750009e-01 1.808343e-01 1.866676e-01 1.611420e-02
1.866676e-01 1.925009e-01 1.983343e-01 1.750128e-02
1.983343e-01 2.041676e-01 2.100009e-01 1.887169e-02
2.100009e-01 2.158343e-01 2.216676e-01 2.022003e-02
2.216676e-01 2.275009e-01 2.333343e-01 2.154163e-02
2.333343e-01 2.391676e-01 2.450009e-01 2.283239e-02
2.450009e-01 2.508343e-01 2.566676e-01 2.408879e-02
2.566676e-01 2.625009e-01 2.683343e-01 2.530781e-02
2.683343e-01 2.741676e-01 2.800009e-01 2.648691e-02
2.800009e-01 2.858343e-01 2.916676e-01 2.762394e-02
2.916676e-01 2.975009e-01 3.033342e-01 2.871716e-02
3.033342e-01 3.091676e-01 3.150009e-01 2.976515e-02
3.150009e-01 3.208342e-01 3.266676e-01 3.076682e-02
3.266676e-01 3.325009e-01 3.383342e-01 3.172135e-02
3.383342e-01 3.441676e-01 3.500009e-01 3.262820e-02
3.500009e-01 3.558342e-01 3.616676e-01 3.348703e-02
3.616676e-01 3.675009e-01 3.733342e-01 3.429772e-02
3.733342e-01 3.791676e-01 3.850009e-01 3.506033e-02
3.850009e-01 3.908342e-01 3.966676e-01 3.577509e-02
3.966676e-01 4.025009e-01 4.083342e-01 3.644238e-02
4.083342e-01 4.141675e-01 4.200009e-01 3.706271e-02
4.200009e-01 4.258342e-01 4.316675e-01 3.763670e-02
4.316675e-01 4.375009e-01 4.433342e-01 3.816507e-02
4.433342e-01 4.491675e-01 4.550009e-01 3.864865e-02
4.550009e-01 4.608342e-01 4.666675e-01 3.908832e-02
4.666675e-01 4.725009e-01 4.783342e-01 3.948505e-02
4.783342e-01 4.841675e-01 4.900009e-01 3.983984e-02
4.900009e-01 4.958342e-01 5.016675e-01 4.015378e-02
5.016675e-01 5.075009e-01 5.133342e-01 4.042795e-02
5.133342e-01 5.191675e-01 5.250008e-01 4.066351e-02
5.250008e-01 5.308342e-01 5.366675e-01 4.086161e-02
5.366675e-01 5.425008e-01 5.483342e-01 4.102345e-02
5.483342e-01 5.541675e-01 5.600008e-01 4.115021e-02
5.600008e-01 5.658342e-01 5.716675e-01 4.124310e-02
5.716675e-01 5.775008e-01 5.833342e-01 4.130335e-02
5.833342e-01 5.891675e-01 5.950008e-01 4.133216e-02
5.950008e-01 6.008342e-01 6.066675e-01 4.133074e-02
6.066675e-01 6.125008e-01 6.183342e-01 4.130030e-02
6.183342e-01 6.241675e-01 6.300008e-01 4.124203e-02
6.300008e-01 6.358342e-01 6.416675e-01 4.115711e-02
6.416675e-01 6.475008e-01 6.533341e-01 4.104672e-02
6.533341e-01 6.591675e-01 6.650008e-01 4.091200e-02
6.650008e-01 6.708341e-01 6.766675e-01 4.075408e-02
6.766675e-01 6.825008e-01 6.883341e-01 4.057409e-02
6.883341e-01 6.941675e-01 7.000008e-01 4.037311e-02
7.000008e-01 7.058341e-01 7.116675e-01 4.015222e-02
7.116675e-01 7.175008e-01 7.233341e-01 3.991246e-02
7.233341e-01 7.291675e-01 7.350008e-01 3.965485e-02
7.350008e-01 7.408341e-01 7.466675e-01 3.938039e-02
7.466675e-01 7.525008e-01 7.583341e-01 3.909005e-02
7.583341e-01 7.641674e-01 7.700008e-01 3.878477e-02
7.700008e-01 7.758341e-01 7.816674e-01 3.846549e-02
7.816674e-01 7.875008e-01 7.933341e-01 3.813308e-02
7.933341e-01 7.991674e-01 8.050008e-01 3.778841e-02
8.050008e-01 8.108341e-01 8.166674e-01 3.743233e-02
8.166674e-01 8.225008e-01 8.283341e-01 3.706565e-02
8.283341e-01 8.341674e-01 8.400008e-01 3.668914e-02
8.400008e-01 8.458341e-01 8.516674e-01 3.630358e-02
8.516674e-01 8.575008e-01 8.633341e-01 3.590969e-02
8.633341e-01 8.691674e-01 8.750007e-01 3.550819e-02
8.750007e-01 8.808341e-01 8.866674e-01 3.509974e-02
8.866674e-01 8.925007e-01 8.983341e-01 3.468501e-02
8.983341e-01 9.041674e-01 9.100007e-01 3.426464e-02
9.100007e-01 9.158341e-01 9.216674e-01 3.383921e-02
9.216674e-01 9.275007e-01 9.333341e-01 3.340933e-02
9.333341e-01 9.391674e-01 9.450007e-01 3.297554e-02
9.450007e-01 9.508341e-01 9.566674e-01 3.253839e-02
9.566674e-01 9.625007e-01 9.683341e-01 3.209838e-02
9.683341e-01 9.741674e-01 9.800007e-01 3.165601e-02
9.800007e-01 9.858341e-01 9.916674e-01 3.121174e-02
9.916674e-01 9.975007e-01 1.003334e+00 3.076603e-02
1.003334e+00 1.009167e+00 1.015001e+00 3.031929e-02
1.015001e+00 1.020834e+00 1.026667e+00 2.987195e-02
1.026667e+00 1.032501e+00 1.038334e+00 2.942438e-02
1.038334e+00 1.044167e+00 1.050001e+00 2.897696e-02
1.050001e+00 1.055834e+00 1.061667e+00 2.853004e-02
1.061667e+00 1.067501e+00 1.073334e+00 2.808394e-02
1.073334e+00 1.079167e+00 1.085001e+00 2.763899e-02
1.085001e+00 1.090834e+00 1.096667e+00 2.719549e-02
1.096667e+00 1.102501e+00 1.108334e+00 2.675371e-02
1.108334e+00 1.114167e+00 1.120001e+00 2.631393e-02
1.120001e+00 1.125834e+00 1.131667e+00 2.587639e-02
1.131667e+00 1.137501e+00 1.143334e+00 2.544134e-02
1.143334e+00 1.149167e+00 1.155001e+00 2.500899e-02
1.155001e+00 1.160834e+00 1.166667e+00 2.457956e-02
1.166667e+00 1.172501e+00 1.178334e+00 2.415324e-02
1.178334e+00 1.184167e+00 1.190001e+00 2.373021e-02
1.190001e+00 1.195834e+00 1.201667e+00 2.331066e-02
1.201667e+00 1.207501e+00 1.213334e+00 2.289473e-02
1.213334e+00 1.219167e+00 1.225001e+00 2.248257e-02
1.225001e+00 1.230834e+00 1.236667e+00 2.207433e-02
1.236667e+00 1.242501e+00 1.248334e+00 2.167013e-02
1.248334e+00 1.254167e+00 1.260001e+00 2.127009e-02
1.260001e+00 1.265834e+00 1.271667e+00 2.087431e-02
1.271667e+00 1.277501e+00 1.283334e+00 2.048289e-02
1.283334e+00 1.289167e+00 1.295001e+00 2.009592e-02
1.295001e+00 1.300834e+00 1.306667e+00 1.971348e-02
1.306667e+00 1.312501e+00 1.318334e+00 1.933566e-02
1.318334e+00 1.324167e+00 1.330001e+00 1.896250e-02
1.330001e+00 1.335834e+00 1.341667e+00 1.859407e-02
1.341667e+00 1.347501e+00 1.353334e+00 1.823041e-02
1.353334e+00 1.359167e+00 1.365001e+00 1.787159e-02
1.365001e+00 1.370834e+00 1.376667e+00 1.751762e-02
1.376667e+00 1.382501e+00 1.388334e+00 1.716854e-02
1.388334e+00 1.394167e+00 1.400001e+00 1.682438e-02
1.400001e+00 1.405834e+00 1.411667e+00 1.648515e-02
1.411667e+00 1.417501e+00 1.423334e+00 1.615088e-02
1.423334e+00 1.429167e+00 1.435001e+00 1.582157e-02
1.435001e+00 1.440834e+00 1.446667e+00 1.549723e-02
1.446667e+00 1.452501e+00 1.458334e+00 1.517785e-02
1.458334e+00 1.464167e+00 1.470001e+00 1.486344e-02
1.470001e+00 1.475834e+00 1.481667e+00 1.455398e-02
1.481667e+00 1.487501e+00 1.493334e+00 1.424947e-02
1.493334e+00 1.499167e+00 1.505001e+00 1.394989e-02
1.505001e+00 1.510834e+00 1.516667e+00 1.365521e-02
1.516667e+00 1.522501e+00 1.528334e+00 1.336543e-02
1.528334e+00 1.534167e+00 1.540001e+00 1.308051e-02
1.540001e+00 1.545834e+00 1.551667e+00 1.280042e-02
1.551667e+00 1.557501e+00 1.563334e+00 1.252515e-02
1.563334e+00 1.569167e+00 1.575001e+00 1.225464e-02
1.575001e+00 1.580834e+00 1.586667e+00 1.198888e-02
1.586667e+00 1.592501e+00 1.598334e+00 1.172782e-02
1.598334e+00 1.604167e+00 1.610001e+00 1.147142e-02
1.610001e+00 1.615834e+00 1.621667e+00 1.121964e-02
1.621667e+00 1.627501e+00 1.633334e+00 1.097244e-02
1.633334e+00 1.639167e+00 1.645001e+00 1.072978e-02
1.645001e+00 1.650834e+00 1.656667e+00 1.049160e-02
1.656667e+00 1.662501e+00 1.668334e+00 1.025787e-02
1.668334e+00 1.674167e+00 1.680001e+00 1.002853e-02
1.680001e+00 1.685834e+00 1.691667e+00 9.803540e-03
1.691667e+00 1.697501e+00 1.703334e+00 9.582842e-03
1.703334e+00 1.709167e+00 1.715001e+00 9.366387e-03
1.715001e+00 1.720834e+00 1.726667e+00 9.154123e-03
1.726667e+00 1.732501e+00 1.738334e+00 8.945998e-03
1.738334e+00 1.744167e+00 1.750000e+00 8.741958e-03
1.750000e+00 1.755834e+00 1.761667e+00 8.541948e-03
1.761667e+00 1.767500e+00 1.773334e+00 8.345915e-03
1.773334e+00 1.779167e+00 1.785000e+00 8.153804e-03
1.785000e+00 1.790834e+00 1.796667e+00 7.965559e-03
1.796667e+00 1.802500e+00 1.808334e+00 7.781124e-03
1.808334e+00 1.814167e+00 1.820000e+00 7.600445e-03
1.820000e+00 1.825834e+00 1.831667e+00 7.423465e-03
1.831667e+00 1.837500e+00 1.843334e+00 7.250129e-03
1.843334e+00 1.849167e+00 1.855000e+00 7.080380e-03
1.855000e+00 1.860834e+00 1.866667e+00 6.914163e-03
1.866667e+00 1.872500e+00 1.878334e+00 6.751421e-03
1.878334e+00 1.884167e+00 1.890000e+00 6.592100e-03
1.890000e+00 1.895834e+00 1.901667e+00 6.436142e-03
1.901667e+00 1.907500e+00 1.913334e+00 6.283494e-03
1.913334e+00 1.919167e+00 1.925000e+00 6.134100e-03
1.925000e+00 1.930834e+00 1.936667e+00 5.987904e-03
1.936667e+00 1.942500e+00 1.948334e+00 5.844853e-03
1.948334e+00 1.954167e+00 1.960000e+00 5.704893e-03
1.960000e+00 1.965834e+00 1.971667e+00 5.567968e-03
1.971667e+00 1.977500e+00 1.983334e+00 5.434026e-03
1.983334e+00 1.989167e+00 1.995000e+00 5.303015e-03
1.995000e+00 2.000834e+00 2.006667e+00 5.174880e-03
2.006667e+00 2.012500e+00 2.018334e+00 5.049570e-03
2.018334e+00 2.024167e+00 2.030000e+00 4.927033e-03
2.030000e+00 2.035834e+00 2.041667e+00 4.807219e-03
2.041667e+00 2.047500e+00 2.053334e+00 4.690076e-03
2.053334e+00 2.059167e+00 2.065000e+00 4.575554e-03
2.065000e+00 2.070834e+00 2.076667e+00 4.463605e-03
2.076667e+00 2.082500e+00 2.088334e+00 4.354178e-03
2.088334e+00 2.094167e+00 2.100000e+00 4.247225e-03
2.100000e+00 2.105834e+00 2.111667e+00 4.142698e-03
2.111667e+00 2.117500e+00 2.123334e+00 4.040551e-03
2.123334e+00 2.129167e+00 2.135000e+00 3.940736e-03
2.135000e+00 2.140834e+00 2.146667e+00 3.843208e-03
2.146667e+00 2.152500e+00 2.158334e+00 3.747921e-03
2.158334e+00 2.164167e+00 2.170000e+00 3.654830e-03
2.170000e+00 2.175834e+00 2.181667e+00 3.563890e-03
2.181667e+00 2.187500e+00 2.193334e+00 3.475060e-03
2.193334e+00 2.199167e+00 2.205000e+00 3.388294e-03
2.205000e+00 2.210834e+00 2.216667e+00 3.303552e-03
2.216667e+00 2.222500e+00 2.228334e+00 3.220792e-03
2.228334e+00 2.234167e+00 2.240000e+00 3.139971e-03
2.240000e+00 2.245834e+00 2.251667e+00 3.061051e-03
2.251667e+00 2.257500e+00 2.263334e+00 2.983991e-03
2.263334e+00 2.269167e+00 2.275000e+00 2.908752e-03
2.275000e+00 2.280834e+00 2.286667e+00 2.835296e-03
2.286667e+00 2.292500e+00 2.298334e+00 2.763585e-03
2.298334e+00 2.304167e+00 2.310000e+00 2.693581e-03
2.310000e+00 2.315834e+00 2.321667e+00 2.625249e-03
2.321667e+00 2.327500e+00 2.333334e+00 2.558551e-03
2.333334e+00 2.339167e+00 2.345000e+00 2.493453e-03
2.345000e+00 2.350834e+00 2.356667e+00 2.429919e-03
2.356667e+00 2.362500e+00 2.368334e+00 2.367917e-03
2.368334e+00 2.374167e+00 2.380000e+00 2.307411e-03
2.380000e+00 2.385834e+00 2.391667e+00 2.248370e-03
2.391667e+00 2.397500e+00 2.403334e+00 2.190761e-03
2.403334e+00 2.409167e+00 2.415000e+00 2.134552e-03
2.415000e+00 2.420834e+00 2.426667e+00 2.079712e-03
2.426667e+00 2.432500e+00 2.438334e+00 2.026210e-03
2.438334e+00 2.444167e+00 2.450000e+00 1.974017e-03
2.450000e+00 2.455834e+00 2.461667e+00 1.923103e-03
2.461667e+00 2.467500e+00 2.473334e+00 1.873439e-03
2.473334e+00 2.479167e+00 2.485000e+00 1.824997e-03
2.485000e+00 2.490834e+00 2.496667e+00 1.777749e-03
2.496667e+00 2.502500e+00 2.508334e+00 1.731668e-03
2.508334e+00 2.514167e+00 2.520000e+00 1.686727e-03
2.520000e+00 2.525834e+00 2.531667e+00 1.642900e-03
2.531667e+00 2.537500e+00 2.543334e+00 1.600162e-03
2.543334e+00 2.549167e+00 2.555000e+00 1.558487e-03
2.555000e+00 2.560834e+00 2.566667e+00 1.517850e-03
2.566667e+00 2.572500e+00 2.578334e+00 1.478228e-03
2.578334e+00 2.584167e+00 2.590000e+00 1.439596e-03
2.590000e+00 2.595834e+00 2.601667e+00 1.401932e-03
2.601667e+00 2.607500e+00 2.613334e+00 1.365214e-03
2.613334e+00 2.619167e+00 2.625000e+00 1.329418e-03
2.625000e+00 2.630834e+00 2.636667e+00 1.294523e-03
2.636667e+00 2.642500e+00 2.648334e+00 1.260508e-03
2.648334e+00 2.654167e+00 2.660000e+00 1.227352e-03
2.660000e+00 2.665834e+00 2.671667e+00 1.195035e-03
2.671667e+00 2.677500e+00 2.683334e+00 1.163536e-03
2.683334e+00 2.689167e+00 2.695000e+00 1.132836e-03
2.695000e+00 2.700834e+00 2.706667e+00 1.102917e-03
2.706667e+00 2.712500e+00 2.718334e+00 1.073758e-03
2.718334e+00 2.724167e+00 2.730000e+00 1.045343e-03
2.730000e+00 2.735834e+00 2.741667e+00 1.017653e-03
2.741667e+00 2.747500e+00 2.753334e+00 9.906701e-04
2.753334e+00 2.759167e+00 2.765000e+00 9.643780e-04
2.765000e+00 2.770834e+00 2.776667e+00 9.387596e-04
2.776667e+00 2.782500e+00 2.788334e+00 9.137987e-04
2.788334e+00 2.794167e+00 2.800000e+00 8.894790e-04
2.800000e+00 2.805834e+00 2.811667e+00 8.657851e-04
2.811667e+00 2.817500e+00 2.823334e+00 8.427017e-04
2.823334e+00 2.829167e+00 2.835000e+00 8.202137e-04
2.835000e+00 2.840834e+00 2.846667e+00 7.983065e-04
2.846667e+00 2.852500e+00 2.858334e+00 7.769659e-04
2.858334e+00 2.864167e+00 2.870000e+00 7.561779e-04
2.870000e+00 2.875834e+00 2.881667e+00 7.359289e-04
2.881667e+00 2.887500e+00 2.893334e+00 7.162055e-04
2.893334e+00 2.899167e+00 2.905000e+00 6.969946e-04
2.905000e+00 2.910834e+00 2.916667e+00 6.782836e-04
2.916667e+00 2.922500e+00 2.928333e+00 6.600601e-04
2.928333e+00 2.934167e+00 2.940000e+00 6.423118e-04
2.940000e+00 2.945833e+00 2.951667e+00 6.250269e-04
2.951667e+00 2.957500e+00 2.963333e+00 6.081939e-04
2.963333e+00 2.969167e+00 2.975000e+00 5.918013e-04
2.975000e+00 2.980833e+00 2.986667e+00 5.758382e-04
2.986667e+00 2.992500e+00 2.998333e+00 5.602938e-04
2.998333e+00 3.004167e+00 3.010000e+00 5.451575e-04
3.010000e+00 3.015833e+00 3.021667e+00 5.304190e-04
3.021667e+00 3.027500e+00 3.033333e+00 5.160683e-04
3.033333e+00 3.039167e+00 3.045000e+00 5.020956e-04
3.045000e+00 3.050833e+00 3.056667e+00 4.884912e-04
3.056667e+00 3.062500e+00 3.068333e+00 4.752459e-04
3.068333e+00 3.074167e+00 3.080000e+00 4.623506e-04
3.080000e+00 3.085833e+00 3.091667e+00 4.497962e-04
3.091667e+00 3.097500e+00 3.103333e+00 4.375742e-04
3.103333e+00 3.109167e+00 3.115000e+00 4.256760e-04
3.115000e+00 3.120833e+00 3.126667e+00 4.140934e-04
3.126667e+00 3.132500e+00 3.138333e+00 4.028182e-04
3.138333e+00 3.144167e+00 3.150000e+00 3.918427e-04
3.150000e+00 3.155833e+00 3.161667e+00 3.811591e-04
3.161667e+00 3.167500e+00 3.173333e+00 3.707599e-04
3.173333e+00 3.179167e+00 3.185000e+00 3.606378e-04
3.185000e+00 3.190833e+00 3.196667e+00 3.507857e-04
3.196667e+00 3.202500e+00 3.208333e+00 3.411966e-04
3.208333e+00 3.214167e+00 3.220000e+00 3.318636e-04
3.220000e+00 3.225833e+00 3.231667e+00 3.227802e-04
3.231667e+00 3.237500e+00 3.243333e+00 3.139400e-04
3.243333e+00 3.249167e+00 3.255000e+00 3.053365e-04
3.255000e+00 3.260833e+00 3.266667e+00 2.969637e-04
3.266667e+00 3.272500e+00 3.278333e+00 2.888155e-04
3.278333e+00 3.284167e+00 3.290000e+00 2.808862e-04
3.290000e+00 3.295833e+00 3.301667e+00 2.731699e-04
3.301667e+00 3.307500e+00 3.313333e+00 2.656612e-04
3.313333e+00 3.319167e+00 3.325000e+00 2.583547e-04
3.325000e+00 3.330833e+00 3.336667e+00 2.512449e-04
3.336667e+00 3.342500e+00 3.348333e+00 2.443269e-04
3.348333e+00 3.354167e+00 3.360000e+00 2.375955e-04
3.360000e+00 3.365833e+00 3.371667e+00 2.310459e-04
3.371667e+00 3.377500e+00 3.383333e+00 2.246733e-04
3.383333e+00 3.389167e+00 3.395000e+00 2.184730e-04
3.395000e+00 3.400833e+00 3.406667e+00 2.124405e-04
3.406667e+00 3.412500e+00 3.418333e+00 2.065715e-04
3.418333e+00 3.424167e+00 3.430000e+00 2.008614e-04
3.430000e+00 3.435833e+00 3.441667e+00 1.953063e-04
3.441667e+00 3.447500e+00 3.453333e+00 1.899020e-04
3.453333e+00 3.459167e+00 3.465000e+00 1.846444e-04
3.465000e+00 3.470833e+00 3.476667e+00 1.795298e-04
3.476667e+00 3.482500e+00 3.488333e+00 1.745542e-04
3.488333e+00 3.494167e+00 3.500000e+00 1.697141e-04
