1.000000e-06 5.834332e-03 1.166766e-02 3.305510e-05
1.166766e-02 1.750099e-02 2.333433e-02 2.824159e-04
2.333433e-02 2.916766e-02 3.500099e-02 7.468962e-04
3.500099e-02 4.083432e-02 4.666765e-02 1.395861e-03
4.666765e-02 5.250099e-02 5.833432e-02 2.202421e-03
5.833432e-02 6.416765e-02 7.000098e-02 3.142715e-03
7.000098e-02 7.583431e-02 8.166764e-02 4.195459e-03
8.166764e-02 8.750097e-02 9.333431e-02 5.341615e-03
9.333431e-02 9.916764e-02 1.050010e-01 6.564128e-03
1.050010e-01 1.108343e-01 1.166676e-01 7.847712e-03
1.166676e-01 1.225010e-01 1.283343e-01 9.178668e-03
1.283343e-01 1.341676e-01 1.400010e-01 1.054472e-02
1.400010e-01 1.458343e-01 1.516676e-01 1.193490e-02
1.516676e-01 1.575010e-01 1.633343e-01 1.333940e-02
1.633343e-01 1.691676e-01 1.750009e-01 1.474946e-02
1.750009e-01 1.808343e-01 1.866676e-01 1.615732e-02
1.866676e-01 1.925009e-01 1.983343e-01 1.755605e-02
1.983343e-01 2.041676e-01 2.100009e-01 1.893958e-02
2.100009e-01 2.158343e-01 2.216676e-01 2.030251e-02
2.216676e-01 2.275009e-01 2.333343e-01 2.164013e-02
2.333343e-01 2.391676e-01 2.450009e-01 2.294834e-02
2.450009e-01 2.508343e-01 2.566676e-01 2.422357e-02
2.566676e-01 2.625009e-01 2.683343e-01 2.546277e-02
2.683343e-01 2.741676e-01 2.800009e-01 2.666333e-02
2.800009e-01 2.858343e-01 2.916676e-01 2.782305e-02
2.916676e-01 2.975009e-01 3.033342e-01 2.894013e-02
3.033342e-01 3.091676e-01 3.150009e-01 3.001309e-02
3.150009e-01 3.208342e-01 3.266676e-01 3.104077e-02
3.266676e-01 3.325009e-01 3.383342e-01 3.202227e-02
3.383342e-01 3.441676e-01 3.500009e-01 3.295697e-02
3.500009e-01 3.558342e-01 3.616676e-01 3.384446e-02
3.616676e-01 3.675009e-01 3.733342e-01 3.468454e-02
3.733342e-01 3.791676e-01 3.850009e-01 3.547721e-02
3.850009e-01 3.908342e-01 3.966676e-01 3.622261e-02
3.966676e-01 4.025009e-01 4.083342e-01 3.692104e-02
4.083342e-01 4.141675e-01 4.200009e-01 3.757293e-02
4.200009e-01 4.258342e-01 4.316675e-01 3.817884e-02
4.316675e-01 4.375009e-01 4.433342e-01 3.873941e-02
4.433342e-01 4.491675e-01 4.550009e-01 3.925539e-02
4.550009e-01 4.608342e-01 4.666675e-01 3.972760e-02
4.666675e-01 4.725009e-01 4.783342e-01 4.015694e-02
4.783342e-01 4.841675e-01 4.900009e-01 4.054434e-02
4.900009e-01 4.958342e-01 5.016675e-01 4.089082e-02
5.016675e-01 5.075009e-01 5.133342e-01 4.119742e-02
5.133342e-01 5.191675e-01 5.250008e-01 4.146522e-02
5.250008e-01 5.308342e-01 5.366675e-01 4.169533e-02
5.366675e-01 5.425008e-01 5.483342e-01 4.188887e-02
5.483342e-01 5.541675e-01 5.600008e-01 4.204700e-02
5.600008e-01 5.658342e-01 5.716675e-01 4.217088e-02
5.716675e-01 5.775008e-01 5.833342e-01 4.226166e-02
5.833342e-01 5.891675e-01 5.950008e-01 4.232053e-02
5.950008e-01 6.008342e-01 6.066675e-01 4.234865e-02
6.066675e-01 6.125008e-01 6.183342e-01 4.234719e-02
6.183342e-01 6.241675e-01 6.300008e-01 4.231731e-02
6.300008e-01 6.358342e-01 6.416675e-01 4.226016e-02
6.416675e-01 6.475008e-01 6.533341e-01 4.217687e-02
6.533341e-01 6.591675e-01 6.650008e-01 4.206858e-02
6.650008e-01 6.708341e-01 6.766675e-01 4.193638e-02
6.766675e-01 6.825008e-01 6.883341e-01 4.178137e-02
6.883341e-01 6.941675e-01 7.000008e-01 4.160463e-02
7.000008e-01 7.058341e-01 7.116675e-01 4.140720e-02
7.116675e-01 7.175008e-01 7.233341e-01 4.119011e-02
7.233341e-01 7.291675e-01 7.350008e-01 4.095438e-02
7.350008e-01 7.408341e-01 7.466675e-01 4.070098e-02
7.466675e-01 7.525008e-01 7.583341e-01 4.043088e-02
7.583341e-01 7.641674e-01 7.700008e-01 4.014502e-02
7.700008e-01 7.758341e-01 7.816674e-01 3.984431e-02
7.816674e-01 7.875008e-01 7.933341e-01 3.952963e-02
7.933341e-01 7.991674e-01 8.050008e-01 3.920185e-02
8.050008e-01 8.108341e-01 8.166674e-01 3.886181e-02
8.166674e-01 8.225008e-01 8.283341e-01 3.851031e-02
8.283341e-01 8.341674e-01 8.400008e-01 3.814815e-02
8.400008e-01 8.458341e-01 8.516674e-01 3.777609e-02
8.516674e-01 8.575008e-01 8.633341e-01 3.739486e-02
8.633341e-01 8.691674e-01 8.750007e-01 3.700518e-02
8.750007e-01 8.808341e-01 8.866674e-01 3.660772e-02
8.866674e-01 8.925007e-01 8.983341e-01 3.620317e-02
8.983341e-01 9.041674e-01 9.100007e-01 3.579214e-02
9.100007e-01 9.158341e-01 9.216674e-01 3.537527e-02
9.216674e-01 9.275007e-01 9.333341e-01 3.495314e-02
9.333341e-01 9.391674e-01 9.450007e-01 3.452632e-02
9.450007e-01 9.508341e-01 9.566674e-01 3.409536e-02
9.566674e-01 9.625007e-01 9.683341e-01 3.366078e-02
9.683341e-01 9.741674e-01 9.800007e-01 3.322308e-02
9.800007e-01 9.858341e-01 9.916674e-01 3.278276e-02
9.916674e-01 9.975007e-01 1.003334e+00 3.234026e-02
1.003334e+00 1.009167e+00 1.015001e+00 3.189603e-02
1.015001e+00 1.020834e+00 1.026667e+00 3.145050e-02
1.026667e+00 1.032501e+00 1.038334e+00 3.100407e-02
1.038334e+00 1.044167e+00 1.050001e+00 3.055711e-02
1.050001e+00 1.055834e+00 1.061667e+00 3.011000e-02
1.061667e+00 1.067501e+00 1.073334e+00 2.966309e-02
1.073334e+00 1.079167e+00 1.085001e+00 2.921671e-02
1.085001e+00 1.090834e+00 1.096667e+00 2.877116e-02
1.096667e+00 1.102501e+00 1.108334e+00 2.832676e-02
1.108334e+00 1.114167e+00 1.120001e+00 2.788378e-02
1.120001e+00 1.125834e+00 1.131667e+00 2.744250e-02
1.131667e+00 1.137501e+00 1.143334e+00 2.700316e-02
1.143334e+00 1.149167e+00 1.155001e+00 2.656601e-02
1.155001e+00 1.160834e+00 1.166667e+00 2.613127e-02
1.166667e+00 1.172501e+00 1.178334e+00 2.569915e-02
1.178334e+00 1.184167e+00 1.190001e+00 2.526986e-02
1.190001e+00 1.195834e+00 1.201667e+00 2.484359e-02
1.201667e+00 1.207501e+00 1.213334e+00 2.442050e-02
1.213334e+00 1.219167e+00 1.225001e+00 2.400076e-02
1.225001e+00 1.230834e+00 1.236667e+00 2.358453e-02
1.236667e+00 1.242501e+00 1.248334e+00 2.317195e-02
1.248334e+00 1.254167e+00 1.260001e+00 2.276315e-02
1.260001e+00 1.265834e+00 1.271667e+00 2.235826e-02
1.271667e+00 1.277501e+00 1.283334e+00 2.195738e-02
1.283334e+00 1.289167e+00 1.295001e+00 2.156063e-02
1.295001e+00 1.300834e+00 1.306667e+00 2.116809e-02
1.306667e+00 1.312501e+00 1.318334e+00 2.077986e-02
1.318334e+00 1.324167e+00 1.330001e+00 2.039602e-02
1.330001e+00 1.335834e+00 1.341667e+00 2.001664e-02
1.341667e+00 1.347501e+00 1.353334e+00 1.964177e-02
1.353334e+00 1.359167e+00 1.365001e+00 1.927149e-02
1.365001e+00 1.370834e+00 1.376667e+00 1.890584e-02
1.376667e+00 1.382501e+00 1.388334e+00 1.854486e-02
1.388334e+00 1.394167e+00 1.400001e+00 1.818860e-02
1.400001e+00 1.405834e+00 1.411667e+00 1.783708e-02
1.411667e+00 1.417501e+00 1.423334e+00 1.749034e-02
1.423334e+00 1.429167e+00 1.435001e+00 1.714839e-02
1.435001e+00 1.440834e+00 1.446667e+00 1.681125e-02
1.446667e+00 1.452501e+00 1.458334e+00 1.647894e-02
1.458334e+00 1.464167e+00 1.470001e+00 1.615146e-02
1.470001e+00 1.475834e+00 1.481667e+00 1.582882e-02
1.481667e+00 1.487501e+00 1.493334e+00 1.551101e-02
1.493334e+00 1.499167e+00 1.505001e+00 1.519802e-02
1.505001e+00 1.510834e+00 1.516667e+00 1.488986e-02
1.516667e+00 1.522501e+00 1.528334e+00 1.458651e-02
1.528334e+00 1.534167e+00 1.540001e+00 1.428796e-02
1.540001e+00 1.545834e+00 1.551667e+00 1.399418e-02
1.551667e+00 1.557501e+00 1.563334e+00 1.370515e-02
1.563334e+00 1.569167e+00 1.575001e+00 1.342085e-02
1.575001e+00 1.580834e+00 1.586667e+00 1.314126e-02
1.586667e+00 1.592501e+00 1.598334e+00 1.286635e-02
1.598334e+00 1.604167e+00 1.610001e+00 1.259608e-02
1.610001e+00 1.615834e+00 1.621667e+00 1.233042e-02
1.621667e+00 1.627501e+00 1.633334e+00 1.206933e-02
1.633334e+00 1.639167e+00 1.645001e+00 1.181279e-02
1.645001e+00 1.650834e+00 1.656667e+00 1.156074e-02
1.656667e+00 1.662501e+00 1.668334e+00 1.131316e-02
1.668334e+00 1.674167e+00 1.680001e+00 1.106999e-02
1.680001e+00 1.685834e+00 1.691667e+00 1.083119e-02
1.691667e+00 1.697501e+00 1.703334e+00 1.059673e-02
1.703334e+00 1.709167e+00 1.715001e+00 1.036655e-02
1.715001e+00 1.720834e+00 1.726667e+00 1.014061e-02
1.726667e+00 1.732501e+00 1.738334e+00 9.918860e-03
1.738334e+00 1.744167e+00 1.750000e+00 9.701251e-03
1.750000e+00 1.755834e+00 1.761667e+00 9.487735e-03
1.761667e+00 1.767500e+00 1.773334e+00 9.278261e-03
1.773334e+00 1.779167e+00 1.785000e+00 9.072780e-03
1.785000e+00 1.790834e+00 1.796667e+00 8.871239e-03
1.796667e+00 1.802500e+00 1.808334e+00 8.673588e-03
1.808334e+00 1.814167e+00 1.820000e+00 8.479775e-03
1.820000e+00 1.825834e+00 1.831667e+00 8.289747e-03
1.831667e+00 1.837500e+00 1.843334e+00 8.103453e-03
1.843334e+00 1.849167e+00 1.855000e+00 7.920838e-03
1.855000e+00 1.860834e+00 1.866667e+00 7.741851e-03
1.866667e+00 1.872500e+00 1.878334e+00 7.566438e-03
1.878334e+00 1.884167e+00 1.890000e+00 7.394546e-03
1.890000e+00 1.895834e+00 1.901667e+00 7.226123e-03
1.901667e+00 1.907500e+00 1.913334e+00 7.061115e-03
1.913334e+00 1.919167e+00 1.925000e+00 6.899469e-03
1.925000e+00 1.930834e+00 1.936667e+00 6.741133e-03
1.936667e+00 1.942500e+00 1.948334e+00 6.586054e-03
1.948334e+00 1.954167e+00 1.960000e+00 6.434179e-03
1.960000e+00 1.965834e+00 1.971667e+00 6.285457e-03
1.971667e+00 1.977500e+00 1.983334e+00 6.139836e-03
1.983334e+00 1.989167e+00 1.995000e+00 5.997263e-03
1.995000e+00 2.000834e+00 2.006667e+00 5.857688e-03
2.006667e+00 2.012500e+00 2.018334e+00 5.721059e-03
2.018334e+00 2.024167e+00 2.030000e+00 5.587326e-03
2.030000e+00 2.035834e+00 2.041667e+00 5.456438e-03
2.041667e+00 2.047500e+00 2.053334e+00 5.328347e-03
2.053334e+00 2.059167e+00 2.065000e+00 5.203002e-03
2.065000e+00 2.070834e+00 2.076667e+00 5.080354e-03
2.076667e+00 2.082500e+00 2.088334e+00 4.960356e-03
2.088334e+00 2.094167e+00 2.100000e+00 4.842959e-03
2.100000e+00 2.105834e+00 2.111667e+00 4.728115e-03
2.111667e+00 2.117500e+00 2.123334e+00 4.615777e-03
2.123334e+00 2.129167e+00 2.135000e+00 4.505900e-03
2.135000e+00 2.140834e+00 2.146667e+00 4.398437e-03
2.146667e+00 2.152500e+00 2.158334e+00 4.293343e-03
2.158334e+00 2.164167e+00 2.170000e+00 4.190573e-03
2.170000e+00 2.175834e+00 2.181667e+00 4.090082e-03
2.181667e+00 2.187500e+00 2.193334e+00 3.991827e-03
2.193334e+00 2.199167e+00 2.205000e+00 3.895765e-03
2.205000e+00 2.210834e+00 2.216667e+00 3.801852e-03
2.216667e+00 2.222500e+00 2.228334e+00 3.710048e-03
2.228334e+00 2.234167e+00 2.240000e+00 3.620310e-03
2.240000e+00 2.245834e+00 2.251667e+00 3.532599e-03
2.251667e+00 2.257500e+00 2.263334e+00 3.446872e-03
2.263334e+00 2.269167e+00 2.275000e+00 3.363091e-03
2.275000e+00 2.280834e+00 2.286667e+00 3.281217e-03
2.286667e+00 2.292500e+00 2.298334e+00 3.201211e-03
2.298334e+00 2.304167e+00 2.310000e+00 3.123035e-03
2.310000e+00 2.315834e+00 2.321667e+00 3.046652e-03
2.321667e+00 2.327500e+00 2.333334e+00 2.972024e-03
2.333334e+00 2.339167e+00 2.345000e+00 2.899117e-03
2.345000e+00 2.350834e+00 2.356667e+00 2.827894e-03
2.356667e+00 2.362500e+00 2.368334e+00 2.758320e-03
2.368334e+00 2.374167e+00 2.380000e+00 2.690361e-03
2.380000e+00 2.385834e+00 2.391667e+00 2.623983e-03
2.391667e+00 2.397500e+00 2.403334e+00 2.559152e-03
2.403334e+00 2.409167e+00 2.415000e+00 2.495836e-03
2.415000e+00 2.420834e+00 2.426667e+00 2.434003e-03
2.426667e+00 2.432500e+00 2.438334e+00 2.373622e-03
2.438334e+00 2.444167e+00 2.450000e+00 2.314660e-03
2.450000e+00 2.455834e+00 2.461667e+00 2.257087e-03
2.461667e+00 2.467500e+00 2.473334e+00 2.200875e-03
2.473334e+00 2.479167e+00 2.485000e+00 2.145992e-03
2.485000e+00 2.490834e+00 2.496667e+00 2.092410e-03
2.496667e+00 2.502500e+00 2.508334e+00 2.040102e-03
2.508334e+00 2.514167e+00 2.520000e+00 1.989038e-03
2.520000e+00 2.525834e+00 2.531667e+00 1.939193e-03
2.531667e+00 2.537500e+00 2.543334e+00 1.890538e-03
2.543334e+00 2.549167e+00 2.555000e+00 1.843048e-03
2.555000e+00 2.560834e+00 2.566667e+00 1.796696e-03
2.566667e+00 2.572500e+00 2.578334e+00 1.751458e-03
2.578334e+00 2.584167e+00 2.590000e+00 1.707309e-03
2.590000e+00 2.595834e+00 2.601667e+00 1.664224e-03
2.601667e+00 2.607500e+00 2.613334e+00 1.622179e-03
2.613334e+00 2.619167e+00 2.625000e+00 1.581152e-03
2.625000e+00 2.630834e+00 2.636667e+00 1.541118e-03
2.636667e+00 2.642500e+00 2.648334e+00 1.502056e-03
2.648334e+00 2.654167e+00 2.660000e+00 1.463944e-03
2.660000e+00 2.665834e+00 2.671667e+00 1.426759e-03
2.671667e+00 2.677500e+00 2.683334e+00 1.390482e-03
2.683334e+00 2.689167e+00 2.695000e+00 1.355090e-03
2.695000e+00 2.700834e+00 2.706667e+00 1.320564e-03
2.706667e+00 2.712500e+00 2.718334e+00 1.286884e-03
2.718334e+00 2.724167e+00 2.730000e+00 1.254031e-03
2.730000e+00 2.735834e+00 2.741667e+00 1.221985e-03
2.741667e+00 2.747500e+00 2.753334e+00 1.190727e-03
2.753334e+00 2.759167e+00 2.765000e+00 1.160239e-03
2.765000e+00 2.770834e+00 2.776667e+00 1.130504e-03
2.776667e+00 2.782500e+00 2.788334e+00 1.101504e-03
2.788334e+00 2.794167e+00 2.800000e+00 1.073222e-03
2.800000e+00 2.805834e+00 2.811667e+00 1.045640e-03
2.811667e+00 2.817500e+00 2.823334e+00 1.018743e-03
2.823334e+00 2.829167e+00 2.835000e+00 9.925136e-04
2.835000e+00 2.840834e+00 2.846667e+00 9.669372e-04
2.846667e+00 2.852500e+00 2.858334e+00 9.419980e-04
2.858334e+00 2.864167e+00 2.870000e+00 9.176808e-04
2.870000e+00 2.875834e+00 2.881667e+00 8.939710e-04
2.881667e+00 2.887500e+00 2.893334e+00 8.708541e-04
2.893334e+00 2.899167e+00 2.905000e+00 8.483160e-04
2.905000e+00 2.910834e+00 2.916667e+00 8.263429e-04
2.916667e+00 2.922500e+00 2.928333e+00 8.049212e-04
2.928333e+00 2.934167e+00 2.940000e+00 7.840379e-04
2.940000e+00 2.945833e+00 2.951667e+00 7.636799e-04
2.951667e+00 2.957500e+00 2.963333e+00 7.438347e-04
2.963333e+00 2.969167e+00 2.975000e+00 7.244899e-04
2.975000e+00 2.980833e+00 2.986667e+00 7.056334e-04
2.986667e+00 2.992500e+00 2.998333e+00 6.872535e-04
2.998333e+00 3.004167e+00 3.010000e+00 6.693386e-04
3.010000e+00 3.015833e+00 3.021667e+00 6.518774e-04
3.021667e+00 3.027500e+00 3.033333e+00 6.348590e-04
3.033333e+00 3.039167e+00 3.045000e+00 6.182726e-04
3.045000e+00 3.050833e+00 3.056667e+00 6.021076e-04
3.056667e+00 3.062500e+00 3.068333e+00 5.863537e-04
3.068333e+00 3.074167e+00 3.080000e+00 5.710010e-04
3.080000e+00 3.085833e+00 3.091667e+00 5.560396e-04
3.091667e+00 3.097500e+00 3.103333e+00 5.414600e-04
3.103333e+00 3.109167e+00 3.115000e+00 5.272527e-04
3.115000e+00 3.120833e+00 3.126667e+00 5.134085e-04
3.126667e+00 3.132500e+00 3.138333e+00 4.999187e-04
3.138333e+00 3.144167e+00 3.150000e+00 4.867743e-04
3.150000e+00 3.155833e+00 3.161667e+00 4.739670e-04
3.161667e+00 3.167500e+00 3.173333e+00 4.614883e-04
3.173333e+00 3.179167e+00 3.185000e+00 4.493302e-04
3.185000e+00 3.190833e+00 3.196667e+00 4.374846e-04
3.196667e+00 3.202500e+00 3.208333e+00 4.259439e-04
3.208333e+00 3.214167e+00 3.220000e+00 4.147004e-04
3.220000e+00 3.225833e+00 3.231667e+00 4.037467e-04
3.231667e+00 3.237500e+00 3.243333e+00 3.930757e-04
3.243333e+00 3.249167e+00 3.255000e+00 3.826803e-04
3.255000e+00 3.260833e+00 3.266667e+00 3.725535e-04
3.266667e+00 3.272500e+00 3.278333e+00 3.626887e-04
3.278333e+00 3.284167e+00 3.290000e+00 3.530794e-04
3.290000e+00 3.295833e+00 3.301667e+00 3.437190e-04
3.301667e+00 3.307500e+00 3.313333e+00 3.346013e-04
3.313333e+00 3.319167e+00 3.325000e+00 3.257203e-04
3.325000e+00 3.330833e+00 3.336667e+00 3.170700e-04
3.336667e+00 3.342500e+00 3.348333e+00 3.086446e-04
3.348333e+00 3.354167e+00 3.360000e+00 3.004384e-04
3.360000e+00 3.365833e+00 3.371667e+00 2.924458e-04
3.371667e+00 3.377500e+00 3.383333e+00 2.846615e-04
3.383333e+00 3.389167e+00 3.395000e+00 2.770803e-04
3.395000e+00 3.400833e+00 3.406667e+00 2.696968e-04
3.406667e+00 3.412500e+00 3.418333e+00 2.625062e-04
3.418333e+00 3.424167e+00 3.430000e+00 2.555035e-04
3.430000e+00 3.435833e+00 3.441667e+00 2.486840e-04
3.441667e+00 3.447500e+00 3.453333e+00 2.420430e-04
3.453333e+00 3.459167e+00 3.465000e+00 2.355759e-04
3.465000e+00 3.470833e+00 3.476667e+00 2.292784e-04
3.476667e+00 3.482500e+00 3.488333e+00 2.231460e-04
3.488333e+00 3.494167e+00 3.500000e+00 2.171746e-04
