1.000000e-06 5.834332e-03 1.166766e-02 3.301575e-05
1.166766e-02 1.750099e-02 2.333433e-02 2.821136e-04
2.333433e-02 2.916766e-02 3.500099e-02 7.468269e-04
3.500099e-02 4.083432e-02 4.666765e-02 1.397706e-03
4.666765e-02 5.250099e-02 5.833432e-02 2.209084e-03
5.833432e-02 6.416765e-02 7.000098e-02 3.158256e-03
7.000098e-02 7.583431e-02 8.166764e-02 4.224978e-03
8.166764e-02 8.750097e-02 9.333431e-02 5.391122e-03
9.333431e-02 9.916764e-02 1.050010e-01 6.640409e-03
1.050010e-01 1.108343e-01 1.166676e-01 7.958201e-03
1.166676e-01 1.225010e-01 1.283343e-01 9.331317e-03
1.283343e-01 1.341676e-01 1.400010e-01 1.074789e-02
1.400010e-01 1.458343e-01 1.516676e-01 1.219723e-02
1.516676e-01 1.575010e-01 1.633343e-01 1.366973e-02
1.633343e-01 1.691676e-01 1.750009e-01 1.515674e-02
1.750009e-01 1.808343e-01 1.866676e-01 1.665050e-02
1.866676e-01 1.925009e-01 1.983343e-01 1.814405e-02
1.983343e-01 2.041676e-01 2.100009e-01 1.963117e-02
2.100009e-01 2.158343e-01 2.216676e-01 2.110630e-02
2.216676e-01 2.275009e-01 2.333343e-01 2.256449e-02
2.333343e-01 2.391676e-01 2.450009e-01 2.400137e-02
2.450009e-01 2.508343e-01 2.566676e-01 2.541306e-02
2.566676e-01 2.625009e-01 2.683343e-01 2.679614e-02
2.683343e-01 2.741676e-01 2.800009e-01 2.814766e-02
2.800009e-01 2.858343e-01 2.916676e-01 2.946501e-02
2.916676e-01 2.975009e-01 3.033342e-01 3.074596e-02
3.033342e-01 3.091676e-01 3.150009e-01 3.198862e-02
3.150009e-01 3.208342e-01 3.266676e-01 3.319138e-02
3.266676e-01 3.325009e-01 3.383342e-01 3.435291e-02
3.383342e-01 3.441676e-01 3.500009e-01 3.547212e-02
3.500009e-01 3.558342e-01 3.616676e-01 3.654817e-02
3.616676e-01 3.675009e-01 3.733342e-01 3.758039e-02
3.733342e-01 3.791676e-01 3.850009e-01 3.856833e-02
3.850009e-01 3.908342e-01 3.966676e-01 3.951170e-02
3.966676e-01 4.025009e-01 4.083342e-01 4.041036e-02
4.083342e-01 4.141675e-01 4.200009e-01 4.126432e-02
4.200009e-01 4.258342e-01 4.316675e-01 4.207370e-02
4.316675e-01 4.375009e-01 4.433342e-01 4.283875e-02
4.433342e-01 4.491675e-01 4.550009e-01 4.355982e-02
4.550009e-01 4.608342e-01 4.666675e-01 4.423734e-02
4.666675e-01 4.725009e-01 4.783342e-01 4.487183e-02
4.783342e-01 4.841675e-01 4.900009e-01 4.546389e-02
4.900009e-01 4.958342e-01 5.016675e-01 4.601417e-02
5.016675e-01 5.075009e-01 5.133342e-01 4.652339e-02
5.133342e-01 5.191675e-01 5.250008e-01 4.699232e-02
5.250008e-01 5.308342e-01 5.366675e-01 4.742176e-02
5.366675e-01 5.425008e-01 5.483342e-01 4.781255e-02
5.483342e-01 5.541675e-01 5.600008e-01 4.816558e-02
5.600008e-01 5.658342e-01 5.716675e-01 4.848175e-02
5.716675e-01 5.775008e-01 5.833342e-01 4.876198e-02
5.833342e-01 5.891675e-01 5.950008e-01 4.900723e-02
5.950008e-01 6.008342e-01 6.066675e-01 4.921844e-02
6.066675e-01 6.125008e-01 6.183342e-01 4.939658e-02
6.183342e-01 6.241675e-01 6.300008e-01 4.954264e-02
6.300008e-01 6.358342e-01 6.416675e-01 4.965760e-02
6.416675e-01 6.475008e-01 6.533341e-01 4.974243e-02
6.533341e-01 6.591675e-01 6.650008e-01 4.979811e-02
6.650008e-01 6.708341e-01 6.766675e-01 4.982563e-02
6.766675e-01 6.825008e-01 6.883341e-01 4.982595e-02
6.883341e-01 6.941675e-01 7.000008e-01 4.980005e-02
7.000008e-01 7.058341e-01 7.116675e-01 4.974888e-02
7.116675e-01 7.175008e-01 7.233341e-01 4.967338e-02
7.233341e-01 7.291675e-01 7.350008e-01 4.957449e-02
7.350008e-01 7.408341e-01 7.466675e-01 4.945314e-02
7.466675e-01 7.525008e-01 7.583341e-01 4.931023e-02
7.583341e-01 7.641674e-01 7.700008e-01 4.914666e-02
7.700008e-01 7.758341e-01 7.816674e-01 4.896330e-02
7.816674e-01 7.875008e-01 7.933341e-01 4.876103e-02
7.933341e-01 7.991674e-01 8.050008e-01 4.854068e-02
8.050008e-01 8.108341e-01 8.166674e-01 4.830309e-02
8.166674e-01 8.225008e-01 8.283341e-01 4.804907e-02
8.283341e-01 8.341674e-01 8.400008e-01 4.777941e-02
8.400008e-01 8.458341e-01 8.516674e-01 4.749489e-02
8.516674e-01 8.575008e-01 8.633341e-01 4.719625e-02
8.633341e-01 8.691674e-01 8.750007e-01 4.688425e-02
8.750007e-01 8.808341e-01 8.866674e-01 4.655960e-02
8.866674e-01 8.925007e-01 8.983341e-01 4.622301e-02
8.983341e-01 9.041674e-01 9.100007e-01 4.587514e-02
9.100007e-01 9.158341e-01 9.216674e-01 4.551667e-02
9.216674e-01 9.275007e-01 9.333341e-01 4.514824e-02
9.333341e-01 9.391674e-01 9.450007e-01 4.477048e-02
9.450007e-01 9.508341e-01 9.566674e-01 4.438398e-02
9.566674e-01 9.625007e-01 9.683341e-01 4.398935e-02
9.683341e-01 9.741674e-01 9.800007e-01 4.358715e-02
9.800007e-01 9.858341e-01 9.916674e-01 4.317793e-02
9.916674e-01 9.975007e-01 1.003334e+00 4.276222e-02
1.003334e+00 1.009167e+00 1.015001e+00 4.234056e-02
1.015001e+00 1.020834e+00 1.026667e+00 4.191342e-02
1.026667e+00 1.032501e+00 1.038334e+00 4.148130e-02
1.038334e+00 1.044167e+00 1.050001e+00 4.104467e-02
1.050001e+00 1.055834e+00 1.061667e+00 4.060396e-02
1.061667e+00 1.067501e+00 1.073334e+00 4.015962e-02
1.073334e+00 1.079167e+00 1.085001e+00 3.971207e-02
1.085001e+00 1.090834e+00 1.096667e+00 3.926170e-02
1.096667e+00 1.102501e+00 1.108334e+00 3.880890e-02
1.108334e+00 1.114167e+00 1.120001e+00 3.835404e-02
1.120001e+00 1.125834e+00 1.131667e+00 3.789749e-02
1.131667e+00 1.137501e+00 1.143334e+00 3.743958e-02
1.143334e+00 1.149167e+00 1.155001e+00 3.698065e-02
1.155001e+00 1.160834e+00 1.166667e+00 3.652101e-02
1.166667e+00 1.172501e+00 1.178334e+00 3.606096e-02
1.178334e+00 1.184167e+00 1.190001e+00 3.560079e-02
1.190001e+00 1.195834e+00 1.201667e+00 3.514079e-02
1.201667e+00 1.207501e+00 1.213334e+00 3.468121e-02
1.213334e+00 1.219167e+00 1.225001e+00 3.422232e-02
1.225001e+00 1.230834e+00 1.236667e+00 3.376434e-02
1.236667e+00 1.242501e+00 1.248334e+00 3.330752e-02
1.248334e+00 1.254167e+00 1.260001e+00 3.285207e-02
1.260001e+00 1.265834e+00 1.271667e+00 3.239821e-02
1.271667e+00 1.277501e+00 1.283334e+00 3.194612e-02
1.283334e+00 1.289167e+00 1.295001e+00 3.149601e-02
1.295001e+00 1.300834e+00 1.306667e+00 3.104805e-02
1.306667e+00 1.312501e+00 1.318334e+00 3.060241e-02
1.318334e+00 1.324167e+00 1.330001e+00 3.015925e-02
1.330001e+00 1.335834e+00 1.341667e+00 2.971873e-02
1.341667e+00 1.347501e+00 1.353334e+00 2.928099e-02
1.353334e+00 1.359167e+00 1.365001e+00 2.884616e-02
1.365001e+00 1.370834e+00 1.376667e+00 2.841437e-02
1.376667e+00 1.382501e+00 1.388334e+00 2.798575e-02
1.388334e+00 1.394167e+00 1.400001e+00 2.756040e-02
1.400001e+00 1.405834e+00 1.411667e+00 2.713844e-02
1.411667e+00 1.417501e+00 1.423334e+00 2.671995e-02
1.423334e+00 1.429167e+00 1.435001e+00 2.630504e-02
1.435001e+00 1.440834e+00 1.446667e+00 2.589378e-02
1.446667e+00 1.452501e+00 1.458334e+00 2.548627e-02
1.458334e+00 1.464167e+00 1.470001e+00 2.508256e-02
1.470001e+00 1.475834e+00 1.481667e+00 2.468273e-02
1.481667e+00 1.487501e+00 1.493334e+00 2.428684e-02
1.493334e+00 1.499167e+00 1.505001e+00 2.389496e-02
1.505001e+00 1.510834e+00 1.516667e+00 2.350712e-02
1.516667e+00 1.522501e+00 1.528334e+00 2.312338e-02
1.528334e+00 1.534167e+00 1.540001e+00 2.274378e-02
1.540001e+00 1.545834e+00 1.551667e+00 2.236835e-02
1.551667e+00 1.557501e+00 1.563334e+00 2.199714e-02
1.563334e+00 1.569167e+00 1.575001e+00 2.163016e-02
1.575001e+00 1.580834e+00 1.586667e+00 2.126745e-02
1.586667e+00 1.592501e+00 1.598334e+00 2.090903e-02
1.598334e+00 1.604167e+00 1.610001e+00 2.055491e-02
1.610001e+00 1.615834e+00 1.621667e+00 2.020511e-02
1.621667e+00 1.627501e+00 1.633334e+00 1.985963e-02
1.633334e+00 1.639167e+00 1.645001e+00 1.951850e-02
1.645001e+00 1.650834e+00 1.656667e+00 1.918170e-02
1.656667e+00 1.662501e+00 1.668334e+00 1.884925e-02
1.668334e+00 1.674167e+00 1.680001e+00 1.852114e-02
1.680001e+00 1.685834e+00 1.691667e+00 1.819736e-02
1.691667e+00 1.697501e+00 1.703334e+00 1.787792e-02
1.703334e+00 1.709167e+00 1.715001e+00 1.756280e-02
1.715001e+00 1.720834e+00 1.726667e+00 1.725199e-02
1.726667e+00 1.732501e+00 1.738334e+00 1.694548e-02
1.738334e+00 1.744167e+00 1.750000e+00 1.664325e-02
1.750000e+00 1.755834e+00 1.761667e+00 1.634529e-02
1.761667e+00 1.767500e+00 1.773334e+00 1.605158e-02
1.773334e+00 1.779167e+00 1.785000e+00 1.576209e-02
1.785000e+00 1.790834e+00 1.796667e+00 1.547680e-02
1.796667e+00 1.802500e+00 1.808334e+00 1.519569e-02
1.808334e+00 1.814167e+00 1.820000e+00 1.491874e-02
1.820000e+00 1.825834e+00 1.831667e+00 1.464591e-02
1.831667e+00 1.837500e+00 1.843334e+00 1.437718e-02
1.843334e+00 1.849167e+00 1.855000e+00 1.411252e-02
1.855000e+00 1.860834e+00 1.866667e+00 1.385189e-02
1.866667e+00 1.872500e+00 1.878334e+00 1.359528e-02
1.878334e+00 1.884167e+00 1.890000e+00 1.334263e-02
1.890000e+00 1.895834e+00 1.901667e+00 1.309393e-02
1.901667e+00 1.907500e+00 1.913334e+00 1.284913e-02
1.913334e+00 1.919167e+00 1.925000e+00 1.260820e-02
1.925000e+00 1.930834e+00 1.936667e+00 1.237110e-02
1.936667e+00 1.942500e+00 1.948334e+00 1.213780e-02
1.948334e+00 1.954167e+00 1.960000e+00 1.190826e-02
1.960000e+00 1.965834e+00 1.971667e+00 1.168244e-02
1.971667e+00 1.977500e+00 1.983334e+00 1.146031e-02
1.983334e+00 1.989167e+00 1.995000e+00 1.124182e-02
1.995000e+00 2.000834e+00 2.006667e+00 1.102693e-02
2.006667e+00 2.012500e+00 2.018334e+00 1.081560e-02
2.018334e+00 2.024167e+00 2.030000e+00 1.060781e-02
2.030000e+00 2.035834e+00 2.041667e+00 1.040349e-02
2.041667e+00 2.047500e+00 2.053334e+00 1.020262e-02
2.053334e+00 2.059167e+00 2.065000e+00 1.000515e-02
2.065000e+00 2.070834e+00 2.076667e+00 9.811040e-03
2.076667e+00 2.082500e+00 2.088334e+00 9.620251e-03
2.088334e+00 2.094167e+00 2.100000e+00 9.432741e-03
2.100000e+00 2.105834e+00 2.111667e+00 9.248468e-03
2.111667e+00 2.117500e+00 2.123334e+00 9.067391e-03
2.123334e+00 2.129167e+00 2.135000e+00 8.889468e-03
2.135000e+00 2.140834e+00 2.146667e+00 8.714657e-03
2.146667e+00 2.152500e+00 2.158334e+00 8.542918e-03
2.158334e+00 2.164167e+00 2.170000e+00 8.374209e-03
2.170000e+00 2.175834e+00 2.181667e+00 8.208488e-03
2.181667e+00 2.187500e+00 2.193334e+00 8.045715e-03
2.193334e+00 2.199167e+00 2.205000e+00 7.885848e-03
2.205000e+00 2.210834e+00 2.216667e+00 7.728847e-03
2.216667e+00 2.222500e+00 2.228334e+00 7.574670e-03
2.228334e+00 2.234167e+00 2.240000e+00 7.423277e-03
2.240000e+00 2.245834e+00 2.251667e+00 7.274628e-03
2.251667e+00 2.257500e+00 2.263334e+00 7.128682e-03
2.263334e+00 2.269167e+00 2.275000e+00 6.985400e-03
2.275000e+00 2.280834e+00 2.286667e+00 6.844742e-03
2.286667e+00 2.292500e+00 2.298334e+00 6.706669e-03
2.298334e+00 2.304167e+00 2.310000e+00 6.571141e-03
2.310000e+00 2.315834e+00 2.321667e+00 6.438120e-03
2.321667e+00 2.327500e+00 2.333334e+00 6.307567e-03
2.333334e+00 2.339167e+00 2.345000e+00 6.179445e-03
2.345000e+00 2.350834e+00 2.356667e+00 6.053714e-03
2.356667e+00 2.362500e+00 2.368334e+00 5.930337e-03
2.368334e+00 2.374167e+00 2.380000e+00 5.809278e-03
2.380000e+00 2.385834e+00 2.391667e+00 5.690499e-03
2.391667e+00 2.397500e+00 2.403334e+00 5.573963e-03
2.403334e+00 2.409167e+00 2.415000e+00 5.459636e-03
2.415000e+00 2.420834e+00 2.426667e+00 5.347480e-03
2.426667e+00 2.432500e+00 2.438334e+00 5.237460e-03
2.438334e+00 2.444167e+00 2.450000e+00 5.129541e-03
2.450000e+00 2.455834e+00 2.461667e+00 5.023689e-03
2.461667e+00 2.467500e+00 2.473334e+00 4.919869e-03
2.473334e+00 2.479167e+00 2.485000e+00 4.818048e-03
2.485000e+00 2.490834e+00 2.496667e+00 4.718191e-03
2.496667e+00 2.502500e+00 2.508334e+00 4.620265e-03
2.508334e+00 2.514167e+00 2.520000e+00 4.524238e-03
2.520000e+00 2.525834e+00 2.531667e+00 4.430077e-03
2.531667e+00 2.537500e+00 2.543334e+00 4.337751e-03
2.543334e+00 2.549167e+00 2.555000e+00 4.247228e-03
2.555000e+00 2.560834e+00 2.566667e+00 4.158476e-03
2.566667e+00 2.572500e+00 2.578334e+00 4.071465e-03
2.578334e+00 2.584167e+00 2.590000e+00 3.986164e-03
2.590000e+00 2.595834e+00 2.601667e+00 3.902544e-03
2.601667e+00 2.607500e+00 2.613334e+00 3.820575e-03
2.613334e+00 2.619167e+00 2.625000e+00 3.740227e-03
2.625000e+00 2.630834e+00 2.636667e+00 3.661472e-03
2.636667e+00 2.642500e+00 2.648334e+00 3.584282e-03
2.648334e+00 2.654167e+00 2.660000e+00 3.508628e-03
2.660000e+00 2.665834e+00 2.671667e+00 3.434483e-03
2.671667e+00 2.677500e+00 2.683334e+00 3.361820e-03
2.683334e+00 2.689167e+00 2.695000e+00 3.290612e-03
2.695000e+00 2.700834e+00 2.706667e+00 3.220832e-03
2.706667e+00 2.712500e+00 2.718334e+00 3.152454e-03
2.718334e+00 2.724167e+00 2.730000e+00 3.085453e-03
2.730000e+00 2.735834e+00 2.741667e+00 3.019804e-03
2.741667e+00 2.747500e+00 2.753334e+00 2.955482e-03
2.753334e+00 2.759167e+00 2.765000e+00 2.892461e-03
2.765000e+00 2.770834e+00 2.776667e+00 2.830719e-03
2.776667e+00 2.782500e+00 2.788334e+00 2.770230e-03
2.788334e+00 2.794167e+00 2.800000e+00 2.710973e-03
2.800000e+00 2.805834e+00 2.811667e+00 2.652923e-03
2.811667e+00 2.817500e+00 2.823334e+00 2.596058e-03
2.823334e+00 2.829167e+00 2.835000e+00 2.540356e-03
2.835000e+00 2.840834e+00 2.846667e+00 2.485795e-03
2.846667e+00 2.852500e+00 2.858334e+00 2.432353e-03
2.858334e+00 2.864167e+00 2.870000e+00 2.380009e-03
2.870000e+00 2.875834e+00 2.881667e+00 2.328743e-03
2.881667e+00 2.887500e+00 2.893334e+00 2.278532e-03
2.893334e+00 2.899167e+00 2.905000e+00 2.229358e-03
2.905000e+00 2.910834e+00 2.916667e+00 2.181201e-03
2.916667e+00 2.922500e+00 2.928333e+00 2.134040e-03
2.928333e+00 2.934167e+00 2.940000e+00 2.087857e-03
2.940000e+00 2.945833e+00 2.951667e+00 2.042633e-03
2.951667e+00 2.957500e+00 2.963333e+00 1.998349e-03
2.963333e+00 2.969167e+00 2.975000e+00 1.954986e-03
2.975000e+00 2.980833e+00 2.986667e+00 1.912528e-03
2.986667e+00 2.992500e+00 2.998333e+00 1.870956e-03
2.998333e+00 3.004167e+00 3.010000e+00 1.830252e-03
3.010000e+00 3.015833e+00 3.021667e+00 1.790401e-03
3.021667e+00 3.027500e+00 3.033333e+00 1.751385e-03
3.033333e+00 3.039167e+00 3.045000e+00 1.713187e-03
3.045000e+00 3.050833e+00 3.056667e+00 1.675792e-03
3.056667e+00 3.062500e+00 3.068333e+00 1.639184e-03
3.068333e+00 3.074167e+00 3.080000e+00 1.603347e-03
3.080000e+00 3.085833e+00 3.091667e+00 1.568265e-03
3.091667e+00 3.097500e+00 3.103333e+00 1.533924e-03
3.103333e+00 3.109167e+00 3.115000e+00 1.500309e-03
3.115000e+00 3.120833e+00 3.126667e+00 1.467406e-03
3.126667e+00 3.132500e+00 3.138333e+00 1.435200e-03
3.138333e+00 3.144167e+00 3.150000e+00 1.403676e-03
3.150000e+00 3.155833e+00 3.161667e+00 1.372823e-03
3.161667e+00 3.167500e+00 3.173333e+00 1.342625e-03
3.173333e+00 3.179167e+00 3.185000e+00 1.313070e-03
3.185000e+00 3.190833e+00 3.196667e+00 1.284144e-03
3.196667e+00 3.202500e+00 3.208333e+00 1.255836e-03
3.208333e+00 3.214167e+00 3.220000e+00 1.228132e-03
3.220000e+00 3.225833e+00 3.231667e+00 1.201021e-03
3.231667e+00 3.237500e+00 3.243333e+00 1.174489e-03
3.243333e+00 3.249167e+00 3.255000e+00 1.148526e-03
3.255000e+00 3.260833e+00 3.266667e+00 1.123119e-03
3.266667e+00 3.272500e+00 3.278333e+00 1.098258e-03
3.278333e+00 3.284167e+00 3.290000e+00 1.073931e-03
3.290000e+00 3.295833e+00 3.301667e+00 1.050127e-03
3.301667e+00 3.307500e+00 3.313333e+00 1.026836e-03
3.313333e+00 3.319167e+00 3.325000e+00 1.004046e-03
3.325000e+00 3.330833e+00 3.336667e+00 9.817485e-04
3.336667e+00 3.342500e+00 3.348333e+00 9.599320e-04
3.348333e+00 3.354167e+00 3.360000e+00 9.385868e-04
3.360000e+00 3.365833e+00 3.371667e+00 9.177034e-04
3.371667e+00 3.377500e+00 3.383333e+00 8.972721e-04
3.383333e+00 3.389167e+00 3.395000e+00 8.772834e-04
3.395000e+00 3.400833e+00 3.406667e+00 8.577283e-04
3.406667e+00 3.412500e+00 3.418333e+00 8.385977e-04
3.418333e+00 3.424167e+00 3.430000e+00 8.198827e-04
3.430000e+00 3.435833e+00 3.441667e+00 8.015747e-04
3.441667e+00 3.447500e+00 3.453333e+00 7.836651e-04
3.453333e+00 3.459167e+00 3.465000e+00 7.661456e-04
3.465000e+00 3.470833e+00 3.476667e+00 7.490080e-04
3.476667e+00 3.482500e+00 3.488333e+00 7.322443e-04
3.488333e+00 3.494167e+00 3.500000e+00 7.158467e-04
