1.000000e-06 5.834332e-03 1.166766e-02 3.303617e-05
1.166766e-02 1.750099e-02 2.333433e-02 2.821665e-04
2.333433e-02 2.916766e-02 3.500099e-02 7.462251e-04
3.500099e-02 4.083432e-02 4.666765e-02 1.394797e-03
4.666765e-02 5.250099e-02 5.833432e-02 2.201266e-03
5.833432e-02 6.416765e-02 7.000098e-02 3.142049e-03
7.000098e-02 7.583431e-02 8.166764e-02 4.196132e-03
8.166764e-02 8.750097e-02 9.333431e-02 5.344720e-03
9.333431e-02 9.916764e-02 1.050010e-01 6.570977e-03
1.050010e-01 1.108343e-01 1.166676e-01 7.859809e-03
1.166676e-01 1.225010e-01 1.283343e-01 9.197677e-03
1.283343e-01 1.341676e-01 1.400010e-01 1.057244e-02
1.400010e-01 1.458343e-01 1.516676e-01 1.197323e-02
1.516676e-01 1.575010e-01 1.633343e-01 1.339032e-02
1.633343e-01 1.691676e-01 1.750009e-01 1.481502e-02
1.750009e-01 1.808343e-01 1.866676e-01 1.623958e-02
1.866676e-01 1.925009e-01 1.983343e-01 1.765711e-02
1.983343e-01 2.041676e-01 2.100009e-01 1.906150e-02
2.100009e-01 2.158343e-01 2.216676e-01 2.044737e-02
2.216676e-01 2.275009e-01 2.333343e-01 2.180995e-02
2.333343e-01 2.391676e-01 2.450009e-01 2.314509e-02
2.450009e-01 2.508343e-01 2.566676e-01 2.444918e-02
2.566676e-01 2.625009e-01 2.683343e-01 2.571907e-02
2.683343e-01 2.741676e-01 2.800009e-01 2.695209e-02
2.800009e-01 2.858343e-01 2.916676e-01 2.814596e-02
2.916676e-01 2.975009e-01 3.033342e-01 2.929878e-02
3.033342e-01 3.091676e-01 3.150009e-01 3.040896e-02
3.150009e-01 3.208342e-01 3.266676e-01 3.147526e-02
3.266676e-01 3.325009e-01 3.383342e-01 3.249667e-02
3.383342e-01 3.441676e-01 3.500009e-01 3.347246e-02
3.500009e-01 3.558342e-01 3.616676e-01 3.440211e-02
3.616676e-01 3.675009e-01 3.733342e-01 3.528533e-02
3.733342e-01 3.791676e-01 3.850009e-01 3.612198e-02
3.850009e-01 3.908342e-01 3.966676e-01 3.691212e-02
3.966676e-01 4.025009e-01 4.083342e-01 3.765593e-02
4.083342e-01 4.141675e-01 4.200009e-01 3.835375e-02
4.200009e-01 4.258342e-01 4.316675e-01 3.900602e-02
4.316675e-01 4.375009e-01 4.433342e-01 3.961328e-02
4.433342e-01 4.491675e-01 4.550009e-01 4.017618e-02
4.550009e-01 4.608342e-01 4.666675e-01 4.069546e-02
4.666675e-01 4.725009e-01 4.783342e-01 4.117190e-02
4.783342e-01 4.841675e-01 4.900009e-01 4.160637e-02
4.900009e-01 4.958342e-01 5.016675e-01 4.199979e-02
5.016675e-01 5.075009e-01 5.133342e-01 4.235310e-02
5.133342e-01 5.191675e-01 5.250008e-01 4.266733e-02
5.250008e-01 5.308342e-01 5.366675e-01 4.294348e-02
5.366675e-01 5.425008e-01 5.483342e-01 4.318263e-02
5.483342e-01 5.541675e-01 5.600008e-01 4.338586e-02
5.600008e-01 5.658342e-01 5.716675e-01 4.355424e-02
5.716675e-01 5.775008e-01 5.833342e-01 4.368890e-02
5.833342e-01 5.891675e-01 5.950008e-01 4.379095e-02
5.950008e-01 6.008342e-01 6.066675e-01 4.386149e-02
6.066675e-01 6.125008e-01 6.183342e-01 4.390165e-02
6.183342e-01 6.241675e-01 6.300008e-01 4.391254e-02
6.300008e-01 6.358342e-01 6.416675e-01 4.389526e-02
6.416675e-01 6.475008e-01 6.533341e-01 4.385091e-02
6.533341e-01 6.591675e-01 6.650008e-01 4.378058e-02
6.650008e-01 6.708341e-01 6.766675e-01 4.368535e-02
6.766675e-01 6.825008e-01 6.883341e-01 4.356626e-02
6.883341e-01 6.941675e-01 7.000008e-01 4.342438e-02
7.000008e-01 7.058341e-01 7.116675e-01 4.326072e-02
7.116675e-01 7.175008e-01 7.233341e-01 4.307629e-02
7.233341e-01 7.291675e-01 7.350008e-01 4.287209e-02
7.350008e-01 7.408341e-01 7.466675e-01 4.264908e-02
7.466675e-01 7.525008e-01 7.583341e-01 4.240820e-02
7.583341e-01 7.641674e-01 7.700008e-01 4.215040e-02
7.700008e-01 7.758341e-01 7.816674e-01 4.187656e-02
7.816674e-01 7.875008e-01 7.933341e-01 4.158757e-02
7.933341e-01 7.991674e-01 8.050008e-01 4.128429e-02
8.050008e-01 8.108341e-01 8.166674e-01 4.096755e-02
8.166674e-01 8.225008e-01 8.283341e-01 4.063817e-02
8.283341e-01 8.341674e-01 8.400008e-01 4.029693e-02
8.400008e-01 8.458341e-01 8.516674e-01 3.994459e-02
8.516674e-01 8.575008e-01 8.633341e-01 3.958191e-02
8.633341e-01 8.691674e-01 8.750007e-01 3.920960e-02
8.750007e-01 8.808341e-01 8.866674e-01 3.882835e-02
8.866674e-01 8.925007e-01 8.983341e-01 3.843883e-02
8.983341e-01 9.041674e-01 9.100007e-01 3.804170e-02
9.100007e-01 9.158341e-01 9.216674e-01 3.763758e-02
9.216674e-01 9.275007e-01 9.333341e-01 3.722709e-02
9.333341e-01 9.391674e-01 9.450007e-01 3.681079e-02
9.450007e-01 9.508341e-01 9.566674e-01 3.638926e-02
9.566674e-01 9.625007e-01 9.683341e-01 3.596303e-02
9.683341e-01 9.741674e-01 9.800007e-01 3.553262e-02
9.800007e-01 9.858341e-01 9.916674e-01 3.509854e-02
9.916674e-01 9.975007e-01 1.003334e+00 3.466127e-02
1.003334e+00 1.009167e+00 1.015001e+00 3.422126e-02
1.015001e+00 1.020834e+00 1.026667e+00 3.377895e-02
1.026667e+00 1.032501e+00 1.038334e+00 3.333478e-02
1.038334e+00 1.044167e+00 1.050001e+00 3.288914e-02
1.050001e+00 1.055834e+00 1.061667e+00 3.244242e-02
1.061667e+00 1.067501e+00 1.073334e+00 3.199500e-02
1.073334e+00 1.079167e+00 1.085001e+00 3.154722e-02
1.085001e+00 1.090834e+00 1.096667e+00 3.109943e-02
1.096667e+00 1.102501e+00 1.108334e+00 3.065193e-02
1.108334e+00 1.114167e+00 1.120001e+00 3.020505e-02
1.120001e+00 1.125834e+00 1.131667e+00 2.975907e-02
1.131667e+00 1.137501e+00 1.143334e+00 2.931426e-02
1.143334e+00 1.149167e+00 1.155001e+00 2.887089e-02
1.155001e+00 1.160834e+00 1.166667e+00 2.842921e-02
1.166667e+00 1.172501e+00 1.178334e+00 2.798946e-02
1.178334e+00 1.184167e+00 1.190001e+00 2.755184e-02
1.190001e+00 1.195834e+00 1.201667e+00 2.711658e-02
1.201667e+00 1.207501e+00 1.213334e+00 2.668388e-02
1.213334e+00 1.219167e+00 1.225001e+00 2.625391e-02
1.225001e+00 1.230834e+00 1.236667e+00 2.582686e-02
1.236667e+00 1.242501e+00 1.248334e+00 2.540289e-02
1.248334e+00 1.254167e+00 1.260001e+00 2.498215e-02
1.260001e+00 1.265834e+00 1.271667e+00 2.456480e-02
1.271667e+00 1.277501e+00 1.283334e+00 2.415095e-02
1.283334e+00 1.289167e+00 1.295001e+00 2.374075e-02
1.295001e+00 1.300834e+00 1.306667e+00 2.333430e-02
1.306667e+00 1.312501e+00 1.318334e+00 2.293171e-02
1.318334e+00 1.324167e+00 1.330001e+00 2.253309e-02
1.330001e+00 1.335834e+00 1.341667e+00 2.213852e-02
1.341667e+00 1.347501e+00 1.353334e+00 2.174809e-02
1.353334e+00 1.359167e+00 1.365001e+00 2.136187e-02
1.365001e+00 1.370834e+00 1.376667e+00 2.097994e-02
1.376667e+00 1.382501e+00 1.388334e+00 2.060236e-02
1.388334e+00 1.394167e+00 1.400001e+00 2.022918e-02
1.400001e+00 1.405834e+00 1.411667e+00 1.986046e-02
1.411667e+00 1.417501e+00 1.423334e+00 1.949624e-02
1.423334e+00 1.429167e+00 1.435001e+00 1.913656e-02
1.435001e+00 1.440834e+00 1.446667e+00 1.878144e-02
1.446667e+00 1.452501e+00 1.458334e+00 1.843093e-02
1.458334e+00 1.464167e+00 1.470001e+00 1.808504e-02
1.470001e+00 1.475834e+00 1.481667e+00 1.774380e-02
1.481667e+00 1.487501e+00 1.493334e+00 1.740721e-02
1.493334e+00 1.499167e+00 1.505001e+00 1.707529e-02
1.505001e+00 1.510834e+00 1.516667e+00 1.674804e-02
1.516667e+00 1.522501e+00 1.528334e+00 1.642546e-02
1.528334e+00 1.534167e+00 1.540001e+00 1.610756e-02
1.540001e+00 1.545834e+00 1.551667e+00 1.579433e-02
1.551667e+00 1.557501e+00 1.563334e+00 1.548575e-02
1.563334e+00 1.569167e+00 1.575001e+00 1.518183e-02
1.575001e+00 1.580834e+00 1.586667e+00 1.488254e-02
1.586667e+00 1.592501e+00 1.598334e+00 1.458786e-02
1.598334e+00 1.604167e+00 1.610001e+00 1.429778e-02
1.610001e+00 1.615834e+00 1.621667e+00 1.401228e-02
1.621667e+00 1.627501e+00 1.633334e+00 1.373133e-02
1.633334e+00 1.639167e+00 1.645001e+00 1.345490e-02
1.645001e+00 1.650834e+00 1.656667e+00 1.318297e-02
1.656667e+00 1.662501e+00 1.668334e+00 1.291550e-02
1.668334e+00 1.674167e+00 1.680001e+00 1.265247e-02
1.680001e+00 1.685834e+00 1.691667e+00 1.239383e-02
1.691667e+00 1.697501e+00 1.703334e+00 1.213955e-02
1.703334e+00 1.709167e+00 1.715001e+00 1.188960e-02
1.715001e+00 1.720834e+00 1.726667e+00 1.164393e-02
1.726667e+00 1.732501e+00 1.738334e+00 1.140251e-02
1.738334e+00 1.744167e+00 1.750000e+00 1.116530e-02
1.750000e+00 1.755834e+00 1.761667e+00 1.093225e-02
1.761667e+00 1.767500e+00 1.773334e+00 1.070331e-02
1.773334e+00 1.779167e+00 1.785000e+00 1.047846e-02
1.785000e+00 1.790834e+00 1.796667e+00 1.025763e-02
1.796667e+00 1.802500e+00 1.808334e+00 1.004079e-02
1.808334e+00 1.814167e+00 1.820000e+00 9.827888e-03
1.820000e+00 1.825834e+00 1.831667e+00 9.618880e-03
1.831667e+00 1.837500e+00 1.843334e+00 9.413716e-03
1.843334e+00 1.849167e+00 1.855000e+00 9.212351e-03
1.855000e+00 1.860834e+00 1.866667e+00 9.014734e-03
1.866667e+00 1.872500e+00 1.878334e+00 8.820818e-03
1.878334e+00 1.884167e+00 1.890000e+00 8.630554e-03
1.890000e+00 1.895834e+00 1.901667e+00 8.443894e-03
1.901667e+00 1.907500e+00 1.913334e+00 8.260786e-03
1.913334e+00 1.919167e+00 1.925000e+00 8.081184e-03
1.925000e+00 1.930834e+00 1.936667e+00 7.905036e-03
1.936667e+00 1.942500e+00 1.948334e+00 7.732294e-03
1.948334e+00 1.954167e+00 1.960000e+00 7.562908e-03
1.960000e+00 1.965834e+00 1.971667e+00 7.396829e-03
1.971667e+00 1.977500e+00 1.983334e+00 7.234007e-03
1.983334e+00 1.989167e+00 1.995000e+00 7.074394e-03
1.995000e+00 2.000834e+00 2.006667e+00 6.917939e-03
2.006667e+00 2.012500e+00 2.018334e+00 6.764594e-03
2.018334e+00 2.024167e+00 2.030000e+00 6.614311e-03
2.030000e+00 2.035834e+00 2.041667e+00 6.467041e-03
2.041667e+00 2.047500e+00 2.053334e+00 6.322735e-03
2.053334e+00 2.059167e+00 2.065000e+00 6.181346e-03
2.065000e+00 2.070834e+00 2.076667e+00 6.042826e-03
2.076667e+00 2.082500e+00 2.088334e+00 5.907128e-03
2.088334e+00 2.094167e+00 2.100000e+00 5.774204e-03
2.100000e+00 2.105834e+00 2.111667e+00 5.644008e-03
2.111667e+00 2.117500e+00 2.123334e+00 5.516495e-03
2.123334e+00 2.129167e+00 2.135000e+00 5.391617e-03
2.135000e+00 2.140834e+00 2.146667e+00 5.269330e-03
2.146667e+00 2.152500e+00 2.158334e+00 5.149588e-03
2.158334e+00 2.164167e+00 2.170000e+00 5.032348e-03
2.170000e+00 2.175834e+00 2.181667e+00 4.917564e-03
2.181667e+00 2.187500e+00 2.193334e+00 4.805193e-03
2.193334e+00 2.199167e+00 2.205000e+00 4.695192e-03
2.205000e+00 2.210834e+00 2.216667e+00 4.587519e-03
2.216667e+00 2.222500e+00 2.228334e+00 4.482131e-03
2.228334e+00 2.234167e+00 2.240000e+00 4.378986e-03
2.240000e+00 2.245834e+00 2.251667e+00 4.278043e-03
2.251667e+00 2.257500e+00 2.263334e+00 4.179261e-03
2.263334e+00 2.269167e+00 2.275000e+00 4.082600e-03
2.275000e+00 2.280834e+00 2.286667e+00 3.988021e-03
2.286667e+00 2.292500e+00 2.298334e+00 3.895484e-03
2.298334e+00 2.304167e+00 2.310000e+00 3.804950e-03
2.310000e+00 2.315834e+00 2.321667e+00 3.716382e-03
2.321667e+00 2.327500e+00 2.333334e+00 3.629742e-03
2.333334e+00 2.339167e+00 2.345000e+00 3.544992e-03
2.345000e+00 2.350834e+00 2.356667e+00 3.462096e-03
2.356667e+00 2.362500e+00 2.368334e+00 3.381019e-03
2.368334e+00 2.374167e+00 2.380000e+00 3.301723e-03
2.380000e+00 2.385834e+00 2.391667e+00 3.224176e-03
2.391667e+00 2.397500e+00 2.403334e+00 3.148342e-03
2.403334e+00 2.409167e+00 2.415000e+00 3.074186e-03
2.415000e+00 2.420834e+00 2.426667e+00 3.001677e-03
2.426667e+00 2.432500e+00 2.438334e+00 2.930780e-03
2.438334e+00 2.444167e+00 2.450000e+00 2.861464e-03
2.450000e+00 2.455834e+00 2.461667e+00 2.793697e-03
2.461667e+00 2.467500e+00 2.473334e+00 2.727447e-03
2.473334e+00 2.479167e+00 2.485000e+00 2.662683e-03
2.485000e+00 2.490834e+00 2.496667e+00 2.599376e-03
2.496667e+00 2.502500e+00 2.508334e+00 2.537495e-03
2.508334e+00 2.514167e+00 2.520000e+00 2.477011e-03
2.520000e+00 2.525834e+00 2.531667e+00 2.417895e-03
2.531667e+00 2.537500e+00 2.543334e+00 2.360120e-03
2.543334e+00 2.549167e+00 2.555000e+00 2.303656e-03
2.555000e+00 2.560834e+00 2.566667e+00 2.248478e-03
2.566667e+00 2.572500e+00 2.578334e+00 2.194557e-03
2.578334e+00 2.584167e+00 2.590000e+00 2.141867e-03
2.590000e+00 2.595834e+00 2.601667e+00 2.090384e-03
2.601667e+00 2.607500e+00 2.613334e+00 2.040080e-03
2.613334e+00 2.619167e+00 2.625000e+00 1.990932e-03
2.625000e+00 2.630834e+00 2.636667e+00 1.942914e-03
2.636667e+00 2.642500e+00 2.648334e+00 1.896002e-03
2.648334e+00 2.654167e+00 2.660000e+00 1.850173e-03
2.660000e+00 2.665834e+00 2.671667e+00 1.805404e-03
2.671667e+00 2.677500e+00 2.683334e+00 1.761672e-03
2.683334e+00 2.689167e+00 2.695000e+00 1.718954e-03
2.695000e+00 2.700834e+00 2.706667e+00 1.677229e-03
2.706667e+00 2.712500e+00 2.718334e+00 1.636475e-03
2.718334e+00 2.724167e+00 2.730000e+00 1.596670e-03
2.730000e+00 2.735834e+00 2.741667e+00 1.557795e-03
2.741667e+00 2.747500e+00 2.753334e+00 1.519828e-03
2.753334e+00 2.759167e+00 2.765000e+00 1.482751e-03
2.765000e+00 2.770834e+00 2.776667e+00 1.446543e-03
2.776667e+00 2.782500e+00 2.788334e+00 1.411185e-03
2.788334e+00 2.794167e+00 2.800000e+00 1.376659e-03
2.800000e+00 2.805834e+00 2.811667e+00 1.342946e-03
2.811667e+00 2.817500e+00 2.823334e+00 1.310028e-03
2.823334e+00 2.829167e+00 2.835000e+00 1.277887e-03
2.835000e+00 2.840834e+00 2.846667e+00 1.246507e-03
2.846667e+00 2.852500e+00 2.858334e+00 1.215869e-03
2.858334e+00 2.864167e+00 2.870000e+00 1.185958e-03
2.870000e+00 2.875834e+00 2.881667e+00 1.156757e-03
2.881667e+00 2.887500e+00 2.893334e+00 1.128251e-03
2.893334e+00 2.899167e+00 2.905000e+00 1.100423e-03
2.905000e+00 2.910834e+00 2.916667e+00 1.073258e-03
2.916667e+00 2.922500e+00 2.928333e+00 1.046742e-03
2.928333e+00 2.934167e+00 2.940000e+00 1.020859e-03
2.940000e+00 2.945833e+00 2.951667e+00 9.955957e-04
2.951667e+00 2.957500e+00 2.963333e+00 9.709373e-04
2.963333e+00 2.969167e+00 2.975000e+00 9.468702e-04
2.975000e+00 2.980833e+00 2.986667e+00 9.233810e-04
2.986667e+00 2.992500e+00 2.998333e+00 9.004565e-04
2.998333e+00 3.004167e+00 3.010000e+00 8.780836e-04
3.010000e+00 3.015833e+00 3.021667e+00 8.562497e-04
3.021667e+00 3.027500e+00 3.033333e+00 8.349425e-04
3.033333e+00 3.039167e+00 3.045000e+00 8.141497e-04
3.045000e+00 3.050833e+00 3.056667e+00 7.938596e-04
3.056667e+00 3.062500e+00 3.068333e+00 7.740605e-04
3.068333e+00 3.074167e+00 3.080000e+00 7.547410e-04
3.080000e+00 3.085833e+00 3.091667e+00 7.358900e-04
3.091667e+00 3.097500e+00 3.103333e+00 7.174967e-04
3.103333e+00 3.109167e+00 3.115000e+00 6.995503e-04
3.115000e+00 3.120833e+00 3.126667e+00 6.820405e-04
3.126667e+00 3.132500e+00 3.138333e+00 6.649570e-04
3.138333e+00 3.144167e+00 3.150000e+00 6.482900e-04
3.150000e+00 3.155833e+00 3.161667e+00 6.320296e-04
3.161667e+00 3.167500e+00 3.173333e+00 6.161663e-04
3.173333e+00 3.179167e+00 3.185000e+00 6.006909e-04
3.185000e+00 3.190833e+00 3.196667e+00 5.855941e-04
3.196667e+00 3.202500e+00 3.208333e+00 5.708670e-04
3.208333e+00 3.214167e+00 3.220000e+00 5.565010e-04
3.220000e+00 3.225833e+00 3.231667e+00 5.424875e-04
3.231667e+00 3.237500e+00 3.243333e+00 5.288182e-04
3.243333e+00 3.249167e+00 3.255000e+00 5.154849e-04
3.255000e+00 3.260833e+00 3.266667e+00 5.024797e-04
3.266667e+00 3.272500e+00 3.278333e+00 4.897947e-04
3.278333e+00 3.284167e+00 3.290000e+00 4.774224e-04
3.290000e+00 3.295833e+00 3.301667e+00 4.653553e-04
3.301667e+00 3.307500e+00 3.313333e+00 4.535861e-04
3.313333e+00 3.319167e+00 3.325000e+00 4.421078e-04
3.325000e+00 3.330833e+00 3.336667e+00 4.309133e-04
3.336667e+00 3.342500e+00 3.348333e+00 4.199959e-04
3.348333e+00 3.354167e+00 3.360000e+00 4.093489e-04
3.360000e+00 3.365833e+00 3.371667e+00 3.989659e-04
3.371667e+00 3.377500e+00 3.383333e+00 3.888406e-04
3.383333e+00 3.389167e+00 3.395000e+00 3.789666e-04
3.395000e+00 3.400833e+00 3.406667e+00 3.693380e-04
3.406667e+00 3.412500e+00 3.418333e+00 3.599489e-04
3.418333e+00 3.424167e+00 3.430000e+00 3.507935e-04
3.430000e+00 3.435833e+00 3.441667e+00 3.418661e-04
3.441667e+00 3.447500e+00 3.453333e+00 3.331612e-04
3.453333e+00 3.459167e+00 3.465000e+00 3.246735e-04
3.465000e+00 3.470833e+00 3.476667e+00 3.163977e-04
3.476667e+00 3.482500e+00 3.488333e+00 3.083286e-04
3.488333e+00 3.494167e+00 3.500000e+00 3.004612e-04
