1.000000e-06 5.834332e-03 1.166766e-02 3.301521e-05
1.166766e-02 1.750099e-02 2.333433e-02 2.820268e-04
2.333433e-02 2.916766e-02 3.500099e-02 7.463177e-04
3.500099e-02 4.083432e-02 4.666765e-02 1.396172e-03
4.666765e-02 5.250099e-02 5.833432e-02 2.205686e-03
5.833432e-02 6.416765e-02 7.000098e-02 3.151943e-03
7.000098e-02 7.583431e-02 8.166764e-02 4.214525e-03
8.166764e-02 8.750097e-02 9.333431e-02 5.375157e-03
9.333431e-02 9.916764e-02 1.050010e-01 6.617446e-03
1.050010e-01 1.108343e-01 1.166676e-01 7.926659e-03
1.166676e-01 1.225010e-01 1.283343e-01 9.289551e-03
1.283343e-01 1.341676e-01 1.400010e-01 1.069421e-02
1.400010e-01 1.458343e-01 1.516676e-01 1.212992e-02
1.516676e-01 1.575010e-01 1.633343e-01 1.358705e-02
1.633343e-01 1.691676e-01 1.750009e-01 1.505698e-02
1.750009e-01 1.808343e-01 1.866676e-01 1.653195e-02
1.866676e-01 1.925009e-01 1.983343e-01 1.800503e-02
1.983343e-01 2.041676e-01 2.100009e-01 1.947006e-02
2.100009e-01 2.158343e-01 2.216676e-01 2.092151e-02
2.216676e-01 2.275009e-01 2.333343e-01 2.235451e-02
2.333343e-01 2.391676e-01 2.450009e-01 2.376472e-02
2.450009e-01 2.508343e-01 2.566676e-01 2.514836e-02
2.566676e-01 2.625009e-01 2.683343e-01 2.650208e-02
2.683343e-01 2.741676e-01 2.800009e-01 2.782298e-02
2.800009e-01 2.858343e-01 2.916676e-01 2.910855e-02
2.916676e-01 2.975009e-01 3.033342e-01 3.035666e-02
3.033342e-01 3.091676e-01 3.150009e-01 3.156547e-02
3.150009e-01 3.208342e-01 3.266676e-01 3.273347e-02
3.266676e-01 3.325009e-01 3.383342e-01 3.385941e-02
3.383342e-01 3.441676e-01 3.500009e-01 3.494229e-02
3.500009e-01 3.558342e-01 3.616676e-01 3.598134e-02
3.616676e-01 3.675009e-01 3.733342e-01 3.697600e-02
3.733342e-01 3.791676e-01 3.850009e-01 3.792587e-02
3.850009e-01 3.908342e-01 3.966676e-01 3.883077e-02
3.966676e-01 4.025009e-01 4.083342e-01 3.969061e-02
4.083342e-01 4.141675e-01 4.200009e-01 4.050550e-02
4.200009e-01 4.258342e-01 4.316675e-01 4.127562e-02
4.316675e-01 4.375009e-01 4.433342e-01 4.200130e-02
4.433342e-01 4.491675e-01 4.550009e-01 4.268295e-02
4.550009e-01 4.608342e-01 4.666675e-01 4.332108e-02
4.666675e-01 4.725009e-01 4.783342e-01 4.391627e-02
4.783342e-01 4.841675e-01 4.900009e-01 4.446918e-02
4.900009e-01 4.958342e-01 5.016675e-01 4.498053e-02
5.016675e-01 5.075009e-01 5.133342e-01 4.545109e-02
5.133342e-01 5.191675e-01 5.250008e-01 4.588168e-02
5.250008e-01 5.308342e-01 5.366675e-01 4.627316e-02
5.366675e-01 5.425008e-01 5.483342e-01 4.662641e-02
5.483342e-01 5.541675e-01 5.600008e-01 4.694238e-02
5.600008e-01 5.658342e-01 5.716675e-01 4.722200e-02
5.716675e-01 5.775008e-01 5.833342e-01 4.746624e-02
5.833342e-01 5.891675e-01 5.950008e-01 4.767608e-02
5.950008e-01 6.008342e-01 6.066675e-01 4.785253e-02
6.066675e-01 6.125008e-01 6.183342e-01 4.799658e-02
6.183342e-01 6.241675e-01 6.300008e-01 4.810923e-02
6.300008e-01 6.358342e-01 6.416675e-01 4.819150e-02
6.416675e-01 6.475008e-01 6.533341e-01 4.824440e-02
6.533341e-01 6.591675e-01 6.650008e-01 4.826893e-02
6.650008e-01 6.708341e-01 6.766675e-01 4.826610e-02
6.766675e-01 6.825008e-01 6.883341e-01 4.823688e-02
6.883341e-01 6.941675e-01 7.000008e-01 4.818228e-02
7.000008e-01 7.058341e-01 7.116675e-01 4.810325e-02
7.116675e-01 7.175008e-01 7.233341e-01 4.800076e-02
7.233341e-01 7.291675e-01 7.350008e-01 4.787577e-02
7.350008e-01 7.408341e-01 7.466675e-01 4.772919e-02
7.466675e-01 7.525008e-01 7.583341e-01 4.756196e-02
7.583341e-01 7.641674e-01 7.700008e-01 4.737496e-02
7.700008e-01 7.758341e-01 7.816674e-01 4.716910e-02
7.816674e-01 7.875008e-01 7.933341e-01 4.694522e-02
7.933341e-01 7.991674e-01 8.050008e-01 4.670419e-02
8.050008e-01 8.108341e-01 8.166674e-01 4.644682e-02
8.166674e-01 8.225008e-01 8.283341e-01 4.617395e-02
8.283341e-01 8.341674e-01 8.400008e-01 4.588634e-02
8.400008e-01 8.458341e-01 8.516674e-01 4.558479e-02
8.516674e-01 8.575008e-01 8.633341e-01 4.527004e-02
8.633341e-01 8.691674e-01 8.750007e-01 4.494282e-02
8.750007e-01 8.808341e-01 8.866674e-01 4.460385e-02
8.866674e-01 8.925007e-01 8.983341e-01 4.425382e-02
8.983341e-01 9.041674e-01 9.100007e-01 4.389341e-02
9.100007e-01 9.158341e-01 9.216674e-01 4.352326e-02
9.216674e-01 9.275007e-01 9.333341e-01 4.314403e-02
9.333341e-01 9.391674e-01 9.450007e-01 4.275631e-02
9.450007e-01 9.508341e-01 9.566674e-01 4.236072e-02
9.566674e-01 9.625007e-01 9.683341e-01 4.195781e-02
9.683341e-01 9.741674e-01 9.800007e-01 4.154817e-02
9.800007e-01 9.858341e-01 9.916674e-01 4.113231e-02
9.916674e-01 9.975007e-01 1.003334e+00 4.071077e-02
1.003334e+00 1.009167e+00 1.015001e+00 4.028405e-02
1.015001e+00 1.020834e+00 1.026667e+00 3.985263e-02
1.026667e+00 1.032501e+00 1.038334e+00 3.941699e-02
1.038334e+00 1.044167e+00 1.050001e+00 3.897757e-02
1.050001e+00 1.055834e+00 1.061667e+00 3.853481e-02
1.061667e+00 1.067501e+00 1.073334e+00 3.808914e-02
1.073334e+00 1.079167e+00 1.085001e+00 3.764094e-02
1.085001e+00 1.090834e+00 1.096667e+00 3.719061e-02
1.096667e+00 1.102501e+00 1.108334e+00 3.673852e-02
1.108334e+00 1.114167e+00 1.120001e+00 3.628503e-02
1.120001e+00 1.125834e+00 1.131667e+00 3.583048e-02
1.131667e+00 1.137501e+00 1.143334e+00 3.537519e-02
1.143334e+00 1.149167e+00 1.155001e+00 3.491948e-02
1.155001e+00 1.160834e+00 1.166667e+00 3.446366e-02
1.166667e+00 1.172501e+00 1.178334e+00 3.400800e-02
1.178334e+00 1.184167e+00 1.190001e+00 3.355278e-02
1.190001e+00 1.195834e+00 1.201667e+00 3.309827e-02
1.201667e+00 1.207501e+00 1.213334e+00 3.264471e-02
1.213334e+00 1.219167e+00 1.225001e+00 3.219234e-02
1.225001e+00 1.230834e+00 1.236667e+00 3.174138e-02
1.236667e+00 1.242501e+00 1.248334e+00 3.129206e-02
1.248334e+00 1.254167e+00 1.260001e+00 3.084458e-02
1.260001e+00 1.265834e+00 1.271667e+00 3.039913e-02
1.271667e+00 1.277501e+00 1.283334e+00 2.995589e-02
1.283334e+00 1.289167e+00 1.295001e+00 2.951504e-02
1.295001e+00 1.300834e+00 1.306667e+00 2.907675e-02
1.306667e+00 1.312501e+00 1.318334e+00 2.864116e-02
1.318334e+00 1.324167e+00 1.330001e+00 2.820844e-02
1.330001e+00 1.335834e+00 1.341667e+00 2.777870e-02
1.341667e+00 1.347501e+00 1.353334e+00 2.735209e-02
1.353334e+00 1.359167e+00 1.365001e+00 2.692873e-02
1.365001e+00 1.370834e+00 1.376667e+00 2.650872e-02
1.376667e+00 1.382501e+00 1.388334e+00 2.609219e-02
1.388334e+00 1.394167e+00 1.400001e+00 2.567921e-02
1.400001e+00 1.405834e+00 1.411667e+00 2.526990e-02
1.411667e+00 1.417501e+00 1.423334e+00 2.486433e-02
1.423334e+00 1.429167e+00 1.435001e+00 2.446258e-02
1.435001e+00 1.440834e+00 1.446667e+00 2.406474e-02
1.446667e+00 1.452501e+00 1.458334e+00 2.367085e-02
1.458334e+00 1.464167e+00 1.470001e+00 2.328099e-02
1.470001e+00 1.475834e+00 1.481667e+00 2.289521e-02
1.481667e+00 1.487501e+00 1.493334e+00 2.251357e-02
1.493334e+00 1.499167e+00 1.505001e+00 2.213610e-02
1.505001e+00 1.510834e+00 1.516667e+00 2.176285e-02
1.516667e+00 1.522501e+00 1.528334e+00 2.139386e-02
1.528334e+00 1.534167e+00 1.540001e+00 2.102915e-02
1.540001e+00 1.545834e+00 1.551667e+00 2.066876e-02
1.551667e+00 1.557501e+00 1.563334e+00 2.031270e-02
1.563334e+00 1.569167e+00 1.575001e+00 1.996100e-02
1.575001e+00 1.580834e+00 1.586667e+00 1.961367e-02
1.586667e+00 1.592501e+00 1.598334e+00 1.927073e-02
1.598334e+00 1.604167e+00 1.610001e+00 1.893218e-02
1.610001e+00 1.615834e+00 1.621667e+00 1.859802e-02
1.621667e+00 1.627501e+00 1.633334e+00 1.826827e-02
1.633334e+00 1.639167e+00 1.645001e+00 1.794291e-02
1.645001e+00 1.650834e+00 1.656667e+00 1.762195e-02
1.656667e+00 1.662501e+00 1.668334e+00 1.730538e-02
1.668334e+00 1.674167e+00 1.680001e+00 1.699319e-02
1.680001e+00 1.685834e+00 1.691667e+00 1.668537e-02
1.691667e+00 1.697501e+00 1.703334e+00 1.638190e-02
1.703334e+00 1.709167e+00 1.715001e+00 1.608277e-02
1.715001e+00 1.720834e+00 1.726667e+00 1.578797e-02
1.726667e+00 1.732501e+00 1.738334e+00 1.549746e-02
1.738334e+00 1.744167e+00 1.750000e+00 1.521124e-02
1.750000e+00 1.755834e+00 1.761667e+00 1.492927e-02
1.761667e+00 1.767500e+00 1.773334e+00 1.465153e-02
1.773334e+00 1.779167e+00 1.785000e+00 1.437800e-02
1.785000e+00 1.790834e+00 1.796667e+00 1.410864e-02
1.796667e+00 1.802500e+00 1.808334e+00 1.384343e-02
1.808334e+00 1.814167e+00 1.820000e+00 1.358233e-02
1.820000e+00 1.825834e+00 1.831667e+00 1.332532e-02
1.831667e+00 1.837500e+00 1.843334e+00 1.307236e-02
1.843334e+00 1.849167e+00 1.855000e+00 1.282341e-02
1.855000e+00 1.860834e+00 1.866667e+00 1.257845e-02
1.866667e+00 1.872500e+00 1.878334e+00 1.233743e-02
1.878334e+00 1.884167e+00 1.890000e+00 1.210032e-02
1.890000e+00 1.895834e+00 1.901667e+00 1.186708e-02
1.901667e+00 1.907500e+00 1.913334e+00 1.163767e-02
1.913334e+00 1.919167e+00 1.925000e+00 1.141205e-02
1.925000e+00 1.930834e+00 1.936667e+00 1.119019e-02
1.936667e+00 1.942500e+00 1.948334e+00 1.097204e-02
1.948334e+00 1.954167e+00 1.960000e+00 1.075756e-02
1.960000e+00 1.965834e+00 1.971667e+00 1.054672e-02
1.971667e+00 1.977500e+00 1.983334e+00 1.033946e-02
1.983334e+00 1.989167e+00 1.995000e+00 1.013575e-02
1.995000e+00 2.000834e+00 2.006667e+00 9.935551e-03
2.006667e+00 2.012500e+00 2.018334e+00 9.738813e-03
2.018334e+00 2.024167e+00 2.030000e+00 9.545496e-03
2.030000e+00 2.035834e+00 2.041667e+00 9.355558e-03
2.041667e+00 2.047500e+00 2.053334e+00 9.168956e-03
2.053334e+00 2.059167e+00 2.065000e+00 8.985646e-03
2.065000e+00 2.070834e+00 2.076667e+00 8.805586e-03
2.076667e+00 2.082500e+00 2.088334e+00 8.628733e-03
2.088334e+00 2.094167e+00 2.100000e+00 8.455044e-03
2.100000e+00 2.105834e+00 2.111667e+00 8.284476e-03
2.111667e+00 2.117500e+00 2.123334e+00 8.116986e-03
2.123334e+00 2.129167e+00 2.135000e+00 7.952530e-03
2.135000e+00 2.140834e+00 2.146667e+00 7.791067e-03
2.146667e+00 2.152500e+00 2.158334e+00 7.632554e-03
2.158334e+00 2.164167e+00 2.170000e+00 7.476948e-03
2.170000e+00 2.175834e+00 2.181667e+00 7.324208e-03
2.181667e+00 2.187500e+00 2.193334e+00 7.174290e-03
2.193334e+00 2.199167e+00 2.205000e+00 7.027153e-03
2.205000e+00 2.210834e+00 2.216667e+00 6.882756e-03
2.216667e+00 2.222500e+00 2.228334e+00 6.741057e-03
2.228334e+00 2.234167e+00 2.240000e+00 6.602016e-03
2.240000e+00 2.245834e+00 2.251667e+00 6.465590e-03
2.251667e+00 2.257500e+00 2.263334e+00 6.331740e-03
2.263334e+00 2.269167e+00 2.275000e+00 6.200426e-03
2.275000e+00 2.280834e+00 2.286667e+00 6.071607e-03
2.286667e+00 2.292500e+00 2.298334e+00 5.945244e-03
2.298334e+00 2.304167e+00 2.310000e+00 5.821298e-03
2.310000e+00 2.315834e+00 2.321667e+00 5.699730e-03
2.321667e+00 2.327500e+00 2.333334e+00 5.580501e-03
2.333334e+00 2.339167e+00 2.345000e+00 5.463573e-03
2.345000e+00 2.350834e+00 2.356667e+00 5.348908e-03
2.356667e+00 2.362500e+00 2.368334e+00 5.236469e-03
2.368334e+00 2.374167e+00 2.380000e+00 5.126219e-03
2.380000e+00 2.385834e+00 2.391667e+00 5.018122e-03
2.391667e+00 2.397500e+00 2.403334e+00 4.912140e-03
2.403334e+00 2.409167e+00 2.415000e+00 4.808238e-03
2.415000e+00 2.420834e+00 2.426667e+00 4.706381e-03
2.426667e+00 2.432500e+00 2.438334e+00 4.606534e-03
2.438334e+00 2.444167e+00 2.450000e+00 4.508661e-03
2.450000e+00 2.455834e+00 2.461667e+00 4.412730e-03
2.461667e+00 2.467500e+00 2.473334e+00 4.318705e-03
2.473334e+00 2.479167e+00 2.485000e+00 4.226554e-03
2.485000e+00 2.490834e+00 2.496667e+00 4.136244e-03
2.496667e+00 2.502500e+00 2.508334e+00 4.047742e-03
2.508334e+00 2.514167e+00 2.520000e+00 3.961016e-03
2.520000e+00 2.525834e+00 2.531667e+00 3.876034e-03
2.531667e+00 2.537500e+00 2.543334e+00 3.792766e-03
2.543334e+00 2.549167e+00 2.555000e+00 3.711180e-03
2.555000e+00 2.560834e+00 2.566667e+00 3.631246e-03
2.566667e+00 2.572500e+00 2.578334e+00 3.552934e-03
2.578334e+00 2.584167e+00 2.590000e+00 3.476214e-03
2.590000e+00 2.595834e+00 2.601667e+00 3.401058e-03
2.601667e+00 2.607500e+00 2.613334e+00 3.327436e-03
2.613334e+00 2.619167e+00 2.625000e+00 3.255321e-03
2.625000e+00 2.630834e+00 2.636667e+00 3.184683e-03
2.636667e+00 2.642500e+00 2.648334e+00 3.115497e-03
2.648334e+00 2.654167e+00 2.660000e+00 3.047735e-03
2.660000e+00 2.665834e+00 2.671667e+00 2.981369e-03
2.671667e+00 2.677500e+00 2.683334e+00 2.916375e-03
2.683334e+00 2.689167e+00 2.695000e+00 2.852726e-03
2.695000e+00 2.700834e+00 2.706667e+00 2.790396e-03
2.706667e+00 2.712500e+00 2.718334e+00 2.729361e-03
2.718334e+00 2.724167e+00 2.730000e+00 2.669596e-03
2.730000e+00 2.735834e+00 2.741667e+00 2.611077e-03
2.741667e+00 2.747500e+00 2.753334e+00 2.553779e-03
2.753334e+00 2.759167e+00 2.765000e+00 2.497680e-03
2.765000e+00 2.770834e+00 2.776667e+00 2.442756e-03
2.776667e+00 2.782500e+00 2.788334e+00 2.388985e-03
2.788334e+00 2.794167e+00 2.800000e+00 2.336344e-03
2.800000e+00 2.805834e+00 2.811667e+00 2.284811e-03
2.811667e+00 2.817500e+00 2.823334e+00 2.234365e-03
2.823334e+00 2.829167e+00 2.835000e+00 2.184984e-03
2.835000e+00 2.840834e+00 2.846667e+00 2.136647e-03
2.846667e+00 2.852500e+00 2.858334e+00 2.089335e-03
2.858334e+00 2.864167e+00 2.870000e+00 2.043026e-03
2.870000e+00 2.875834e+00 2.881667e+00 1.997701e-03
2.881667e+00 2.887500e+00 2.893334e+00 1.953340e-03
2.893334e+00 2.899167e+00 2.905000e+00 1.909925e-03
2.905000e+00 2.910834e+00 2.916667e+00 1.867435e-03
2.916667e+00 2.922500e+00 2.928333e+00 1.825854e-03
2.928333e+00 2.934167e+00 2.940000e+00 1.785163e-03
2.940000e+00 2.945833e+00 2.951667e+00 1.745344e-03
2.951667e+00 2.957500e+00 2.963333e+00 1.706378e-03
2.963333e+00 2.969167e+00 2.975000e+00 1.668250e-03
2.975000e+00 2.980833e+00 2.986667e+00 1.630943e-03
2.986667e+00 2.992500e+00 2.998333e+00 1.594439e-03
2.998333e+00 3.004167e+00 3.010000e+00 1.558722e-03
3.010000e+00 3.015833e+00 3.021667e+00 1.523776e-03
3.021667e+00 3.027500e+00 3.033333e+00 1.489586e-03
3.033333e+00 3.039167e+00 3.045000e+00 1.456137e-03
3.045000e+00 3.050833e+00 3.056667e+00 1.423412e-03
3.056667e+00 3.062500e+00 3.068333e+00 1.391398e-03
3.068333e+00 3.074167e+00 3.080000e+00 1.360079e-03
3.080000e+00 3.085833e+00 3.091667e+00 1.329441e-03
3.091667e+00 3.097500e+00 3.103333e+00 1.299471e-03
3.103333e+00 3.109167e+00 3.115000e+00 1.270154e-03
3.115000e+00 3.120833e+00 3.126667e+00 1.241477e-03
3.126667e+00 3.132500e+00 3.138333e+00 1.213427e-03
3.138333e+00 3.144167e+00 3.150000e+00 1.185991e-03
3.150000e+00 3.155833e+00 3.161667e+00 1.159155e-03
3.161667e+00 3.167500e+00 3.173333e+00 1.132908e-03
3.173333e+00 3.179167e+00 3.185000e+00 1.107237e-03
3.185000e+00 3.190833e+00 3.196667e+00 1.082129e-03
3.196667e+00 3.202500e+00 3.208333e+00 1.057575e-03
3.208333e+00 3.214167e+00 3.220000e+00 1.033560e-03
3.220000e+00 3.225833e+00 3.231667e+00 1.010075e-03
3.231667e+00 3.237500e+00 3.243333e+00 9.871082e-04
3.243333e+00 3.249167e+00 3.255000e+00 9.646485e-04
3.255000e+00 3.260833e+00 3.266667e+00 9.426853e-04
3.266667e+00 3.272500e+00 3.278333e+00 9.212080e-04
3.278333e+00 3.284167e+00 3.290000e+00 9.002065e-04
3.290000e+00 3.295833e+00 3.301667e+00 8.796705e-04
3.301667e+00 3.307500e+00 3.313333e+00 8.595902e-04
3.313333e+00 3.319167e+00 3.325000e+00 8.399560e-04
3.325000e+00 3.330833e+00 3.336667e+00 8.207582e-04
3.336667e+00 3.342500e+00 3.348333e+00 8.019876e-04
3.348333e+00 3.354167e+00 3.360000e+00 7.836351e-04
3.360000e+00 3.365833e+00 3.371667e+00 7.656917e-04
3.371667e+00 3.377500e+00 3.383333e+00 7.481486e-04
3.383333e+00 3.389167e+00 3.395000e+00 7.309973e-04
3.395000e+00 3.400833e+00 3.406667e+00 7.142293e-04
3.406667e+00 3.412500e+00 3.418333e+00 6.978364e-04
3.418333e+00 3.424167e+00 3.430000e+00 6.818105e-04
3.430000e+00 3.435833e+00 3.441667e+00 6.661437e-04
3.441667e+00 3.447500e+00 3.453333e+00 6.508282e-04
3.453333e+00 3.459167e+00 3.465000e+00 6.358565e-04
3.465000e+00 3.470833e+00 3.476667e+00 6.212210e-04
3.476667e+00 3.482500e+00 3.488333e+00 6.069146e-04
3.488333e+00 3.494167e+00 3.500000e+00 5.929300e-04
