1.000000e-06 5.834332e-03 1.166766e-02 3.309861e-05
1.166766e-02 1.750099e-02 2.333433e-02 2.830711e-04
2.333433e-02 2.916766e-02 3.500099e-02 7.489311e-04
3.500099e-02 4.083432e-02 4.666765e-02 1.399792e-03
4.666765e-02 5.250099e-02 5.833432e-02 2.208361e-03
5.833432e-02 6.416765e-02 7.000098e-02 3.150324e-03
7.000098e-02 7.583431e-02 8.166764e-02 4.203938e-03
8.166764e-02 8.750097e-02 9.333431e-02 5.349723e-03
9.333431e-02 9.916764e-02 1.050010e-01 6.570219e-03
1.050010e-01 1.108343e-01 1.166676e-01 7.849773e-03
1.166676e-01 1.225010e-01 1.283343e-01 9.174365e-03
1.283343e-01 1.341676e-01 1.400010e-01 1.053145e-02
1.400010e-01 1.458343e-01 1.516676e-01 1.190982e-02
1.516676e-01 1.575010e-01 1.633343e-01 1.329948e-02
1.633343e-01 1.691676e-01 1.750009e-01 1.469155e-02
1.750009e-01 1.808343e-01 1.866676e-01 1.607813e-02
1.866676e-01 1.925009e-01 1.983343e-01 1.745227e-02
1.983343e-01 2.041676e-01 2.100009e-01 1.880782e-02
2.100009e-01 2.158343e-01 2.216676e-01 2.013940e-02
2.216676e-01 2.275009e-01 2.333343e-01 2.144234e-02
2.333343e-01 2.391676e-01 2.450009e-01 2.271256e-02
2.450009e-01 2.508343e-01 2.566676e-01 2.394658e-02
2.566676e-01 2.625009e-01 2.683343e-01 2.514144e-02
2.683343e-01 2.741676e-01 2.800009e-01 2.629465e-02
2.800009e-01 2.858343e-01 2.916676e-01 2.740412e-02
2.916676e-01 2.975009e-01 3.033342e-01 2.846820e-02
3.033342e-01 3.091676e-01 3.150009e-01 2.948555e-02
3.150009e-01 3.208342e-01 3.266676e-01 3.045517e-02
3.266676e-01 3.325009e-01 3.383342e-01 3.137633e-02
3.383342e-01 3.441676e-01 3.500009e-01 3.224857e-02
3.500009e-01 3.558342e-01 3.616676e-01 3.307167e-02
3.616676e-01 3.675009e-01 3.733342e-01 3.384560e-02
3.733342e-01 3.791676e-01 3.850009e-01 3.457053e-02
3.850009e-01 3.908342e-01 3.966676e-01 3.524679e-02
3.966676e-01 4.025009e-01 4.083342e-01 3.587486e-02
4.083342e-01 4.141675e-01 4.200009e-01 3.645535e-02
4.200009e-01 4.258342e-01 4.316675e-01 3.698897e-02
4.316675e-01 4.375009e-01 4.433342e-01 3.747657e-02
4.433342e-01 4.491675e-01 4.550009e-01 3.791903e-02
4.550009e-01 4.608342e-01 4.666675e-01 3.831737e-02
4.666675e-01 4.725009e-01 4.783342e-01 3.867262e-02
4.783342e-01 4.841675e-01 4.900009e-01 3.898589e-02
4.900009e-01 4.958342e-01 5.016675e-01 3.925834e-02
5.016675e-01 5.075009e-01 5.133342e-01 3.949114e-02
5.133342e-01 5.191675e-01 5.250008e-01 3.968553e-02
5.250008e-01 5.308342e-01 5.366675e-01 3.984274e-02
5.366675e-01 5.425008e-01 5.483342e-01 3.996403e-02
5.483342e-01 5.541675e-01 5.600008e-01 4.005066e-02
5.600008e-01 5.658342e-01 5.716675e-01 4.010391e-02
5.716675e-01 5.775008e-01 5.833342e-01 4.012506e-02
5.833342e-01 5.891675e-01 5.950008e-01 4.011538e-02
5.950008e-01 6.008342e-01 6.066675e-01 4.007613e-02
6.066675e-01 6.125008e-01 6.183342e-01 4.000856e-02
6.183342e-01 6.241675e-01 6.300008e-01 3.991393e-02
6.300008e-01 6.358342e-01 6.416675e-01 3.979345e-02
6.416675e-01 6.475008e-01 6.533341e-01 3.964834e-02
6.533341e-01 6.591675e-01 6.650008e-01 3.947979e-02
6.650008e-01 6.708341e-01 6.766675e-01 3.928896e-02
6.766675e-01 6.825008e-01 6.883341e-01 3.907700e-02
6.883341e-01 6.941675e-01 7.000008e-01 3.884503e-02
7.000008e-01 7.058341e-01 7.116675e-01 3.859414e-02
7.116675e-01 7.175008e-01 7.233341e-01 3.832541e-02
7.233341e-01 7.291675e-01 7.350008e-01 3.803987e-02
7.350008e-01 7.408341e-01 7.466675e-01 3.773854e-02
7.466675e-01 7.525008e-01 7.583341e-01 3.742240e-02
7.583341e-01 7.641674e-01 7.700008e-01 3.709242e-02
7.700008e-01 7.758341e-01 7.816674e-01 3.674951e-02
7.816674e-01 7.875008e-01 7.933341e-01 3.639458e-02
7.933341e-01 7.991674e-01 8.050008e-01 3.602850e-02
8.050008e-01 8.108341e-01 8.166674e-01 3.565211e-02
8.166674e-01 8.225008e-01 8.283341e-01 3.526622e-02
8.283341e-01 8.341674e-01 8.400008e-01 3.487163e-02
8.400008e-01 8.458341e-01 8.516674e-01 3.446907e-02
8.516674e-01 8.575008e-01 8.633341e-01 3.405929e-02
8.633341e-01 8.691674e-01 8.750007e-01 3.364297e-02
8.750007e-01 8.808341e-01 8.866674e-01 3.322081e-02
8.866674e-01 8.925007e-01 8.983341e-01 3.279343e-02
8.983341e-01 9.041674e-01 9.100007e-01 3.236147e-02
9.100007e-01 9.158341e-01 9.216674e-01 3.192551e-02
9.216674e-01 9.275007e-01 9.333341e-01 3.148613e-02
9.333341e-01 9.391674e-01 9.450007e-01 3.104387e-02
9.450007e-01 9.508341e-01 9.566674e-01 3.059925e-02
9.566674e-01 9.625007e-01 9.683341e-01 3.015277e-02
9.683341e-01 9.741674e-01 9.800007e-01 2.970490e-02
9.800007e-01 9.858341e-01 9.916674e-01 2.925609e-02
9.916674e-01 9.975007e-01 1.003334e+00 2.880678e-02
1.003334e+00 1.009167e+00 1.015001e+00 2.835736e-02
1.015001e+00 1.020834e+00 1.026667e+00 2.790824e-02
1.026667e+00 1.032501e+00 1.038334e+00 2.745977e-02
1.038334e+00 1.044167e+00 1.050001e+00 2.701231e-02
1.050001e+00 1.055834e+00 1.061667e+00 2.656618e-02
1.061667e+00 1.067501e+00 1.073334e+00 2.612170e-02
1.073334e+00 1.079167e+00 1.085001e+00 2.567917e-02
1.085001e+00 1.090834e+00 1.096667e+00 2.523885e-02
1.096667e+00 1.102501e+00 1.108334e+00 2.480101e-02
1.108334e+00 1.114167e+00 1.120001e+00 2.436590e-02
1.120001e+00 1.125834e+00 1.131667e+00 2.393374e-02
1.131667e+00 1.137501e+00 1.143334e+00 2.350476e-02
1.143334e+00 1.149167e+00 1.155001e+00 2.307914e-02
1.155001e+00 1.160834e+00 1.166667e+00 2.265709e-02
1.166667e+00 1.172501e+00 1.178334e+00 2.223876e-02
1.178334e+00 1.184167e+00 1.190001e+00 2.182433e-02
1.190001e+00 1.195834e+00 1.201667e+00 2.141395e-02
1.201667e+00 1.207501e+00 1.213334e+00 2.100775e-02
1.213334e+00 1.219167e+00 1.225001e+00 2.060585e-02
1.225001e+00 1.230834e+00 1.236667e+00 2.020838e-02
1.236667e+00 1.242501e+00 1.248334e+00 1.981544e-02
1.248334e+00 1.254167e+00 1.260001e+00 1.942713e-02
1.260001e+00 1.265834e+00 1.271667e+00 1.904354e-02
1.271667e+00 1.277501e+00 1.283334e+00 1.866473e-02
1.283334e+00 1.289167e+00 1.295001e+00 1.829079e-02
1.295001e+00 1.300834e+00 1.306667e+00 1.792177e-02
1.306667e+00 1.312501e+00 1.318334e+00 1.755772e-02
1.318334e+00 1.324167e+00 1.330001e+00 1.719870e-02
1.330001e+00 1.335834e+00 1.341667e+00 1.684473e-02
1.341667e+00 1.347501e+00 1.353334e+00 1.649586e-02
1.353334e+00 1.359167e+00 1.365001e+00 1.615211e-02
1.365001e+00 1.370834e+00 1.376667e+00 1.581349e-02
1.376667e+00 1.382501e+00 1.388334e+00 1.548003e-02
1.388334e+00 1.394167e+00 1.400001e+00 1.515173e-02
1.400001e+00 1.405834e+00 1.411667e+00 1.482860e-02
1.411667e+00 1.417501e+00 1.423334e+00 1.451062e-02
1.423334e+00 1.429167e+00 1.435001e+00 1.419781e-02
1.435001e+00 1.440834e+00 1.446667e+00 1.389014e-02
1.446667e+00 1.452501e+00 1.458334e+00 1.358760e-02
1.458334e+00 1.464167e+00 1.470001e+00 1.329018e-02
1.470001e+00 1.475834e+00 1.481667e+00 1.299784e-02
1.481667e+00 1.487501e+00 1.493334e+00 1.271058e-02
1.493334e+00 1.499167e+00 1.505001e+00 1.242835e-02
1.505001e+00 1.510834e+00 1.516667e+00 1.215113e-02
1.516667e+00 1.522501e+00 1.528334e+00 1.187888e-02
1.528334e+00 1.534167e+00 1.540001e+00 1.161157e-02
1.540001e+00 1.545834e+00 1.551667e+00 1.134915e-02
1.551667e+00 1.557501e+00 1.563334e+00 1.109159e-02
1.563334e+00 1.569167e+00 1.575001e+00 1.083883e-02
1.575001e+00 1.580834e+00 1.586667e+00 1.059084e-02
1.586667e+00 1.592501e+00 1.598334e+00 1.034757e-02
1.598334e+00 1.604167e+00 1.610001e+00 1.010896e-02
1.610001e+00 1.615834e+00 1.621667e+00 9.874977e-03
1.621667e+00 1.627501e+00 1.633334e+00 9.645555e-03
1.633334e+00 1.639167e+00 1.645001e+00 9.420646e-03
1.645001e+00 1.650834e+00 1.656667e+00 9.200194e-03
1.656667e+00 1.662501e+00 1.668334e+00 8.984145e-03
1.668334e+00 1.674167e+00 1.680001e+00 8.772442e-03
1.680001e+00 1.685834e+00 1.691667e+00 8.565029e-03
1.691667e+00 1.697501e+00 1.703334e+00 8.361847e-03
1.703334e+00 1.709167e+00 1.715001e+00 8.162838e-03
1.715001e+00 1.720834e+00 1.726667e+00 7.967945e-03
1.726667e+00 1.732501e+00 1.738334e+00 7.777106e-03
1.738334e+00 1.744167e+00 1.750000e+00 7.590263e-03
1.750000e+00 1.755834e+00 1.761667e+00 7.407356e-03
1.761667e+00 1.767500e+00 1.773334e+00 7.228325e-03
1.773334e+00 1.779167e+00 1.785000e+00 7.053109e-03
1.785000e+00 1.790834e+00 1.796667e+00 6.881649e-03
1.796667e+00 1.802500e+00 1.808334e+00 6.713884e-03
1.808334e+00 1.814167e+00 1.820000e+00 6.549754e-03
1.820000e+00 1.825834e+00 1.831667e+00 6.389199e-03
1.831667e+00 1.837500e+00 1.843334e+00 6.232158e-03
1.843334e+00 1.849167e+00 1.855000e+00 6.078573e-03
1.855000e+00 1.860834e+00 1.866667e+00 5.928383e-03
1.866667e+00 1.872500e+00 1.878334e+00 5.781530e-03
1.878334e+00 1.884167e+00 1.890000e+00 5.637954e-03
1.890000e+00 1.895834e+00 1.901667e+00 5.497598e-03
1.901667e+00 1.907500e+00 1.913334e+00 5.360402e-03
1.913334e+00 1.919167e+00 1.925000e+00 5.226310e-03
1.925000e+00 1.930834e+00 1.936667e+00 5.095264e-03
1.936667e+00 1.942500e+00 1.948334e+00 4.967207e-03
1.948334e+00 1.954167e+00 1.960000e+00 4.842083e-03
1.960000e+00 1.965834e+00 1.971667e+00 4.719837e-03
1.971667e+00 1.977500e+00 1.983334e+00 4.600413e-03
1.983334e+00 1.989167e+00 1.995000e+00 4.483757e-03
1.995000e+00 2.000834e+00 2.006667e+00 4.369815e-03
2.006667e+00 2.012500e+00 2.018334e+00 4.258533e-03
2.018334e+00 2.024167e+00 2.030000e+00 4.149859e-03
2.030000e+00 2.035834e+00 2.041667e+00 4.043741e-03
2.041667e+00 2.047500e+00 2.053334e+00 3.940128e-03
2.053334e+00 2.059167e+00 2.065000e+00 3.838968e-03
2.065000e+00 2.070834e+00 2.076667e+00 3.740212e-03
2.076667e+00 2.082500e+00 2.088334e+00 3.643810e-03
2.088334e+00 2.094167e+00 2.100000e+00 3.549713e-03
2.100000e+00 2.105834e+00 2.111667e+00 3.457874e-03
2.111667e+00 2.117500e+00 2.123334e+00 3.368246e-03
2.123334e+00 2.129167e+00 2.135000e+00 3.280781e-03
2.135000e+00 2.140834e+00 2.146667e+00 3.195433e-03
2.146667e+00 2.152500e+00 2.158334e+00 3.112159e-03
2.158334e+00 2.164167e+00 2.170000e+00 3.030912e-03
2.170000e+00 2.175834e+00 2.181667e+00 2.951650e-03
2.181667e+00 2.187500e+00 2.193334e+00 2.874329e-03
2.193334e+00 2.199167e+00 2.205000e+00 2.798906e-03
2.205000e+00 2.210834e+00 2.216667e+00 2.725342e-03
2.216667e+00 2.222500e+00 2.228334e+00 2.653593e-03
2.228334e+00 2.234167e+00 2.240000e+00 2.583621e-03
2.240000e+00 2.245834e+00 2.251667e+00 2.515385e-03
2.251667e+00 2.257500e+00 2.263334e+00 2.448847e-03
2.263334e+00 2.269167e+00 2.275000e+00 2.383969e-03
2.275000e+00 2.280834e+00 2.286667e+00 2.320713e-03
2.286667e+00 2.292500e+00 2.298334e+00 2.259042e-03
2.298334e+00 2.304167e+00 2.310000e+00 2.198921e-03
2.310000e+00 2.315834e+00 2.321667e+00 2.140314e-03
2.321667e+00 2.327500e+00 2.333334e+00 2.083186e-03
2.333334e+00 2.339167e+00 2.345000e+00 2.027503e-03
2.345000e+00 2.350834e+00 2.356667e+00 1.973231e-03
2.356667e+00 2.362500e+00 2.368334e+00 1.920339e-03
2.368334e+00 2.374167e+00 2.380000e+00 1.868793e-03
2.380000e+00 2.385834e+00 2.391667e+00 1.818563e-03
2.391667e+00 2.397500e+00 2.403334e+00 1.769617e-03
2.403334e+00 2.409167e+00 2.415000e+00 1.721925e-03
2.415000e+00 2.420834e+00 2.426667e+00 1.675457e-03
2.426667e+00 2.432500e+00 2.438334e+00 1.630185e-03
2.438334e+00 2.444167e+00 2.450000e+00 1.586079e-03
2.450000e+00 2.455834e+00 2.461667e+00 1.543113e-03
2.461667e+00 2.467500e+00 2.473334e+00 1.501258e-03
2.473334e+00 2.479167e+00 2.485000e+00 1.460488e-03
2.485000e+00 2.490834e+00 2.496667e+00 1.420777e-03
2.496667e+00 2.502500e+00 2.508334e+00 1.382099e-03
2.508334e+00 2.514167e+00 2.520000e+00 1.344429e-03
2.520000e+00 2.525834e+00 2.531667e+00 1.307743e-03
2.531667e+00 2.537500e+00 2.543334e+00 1.272017e-03
2.543334e+00 2.549167e+00 2.555000e+00 1.237226e-03
2.555000e+00 2.560834e+00 2.566667e+00 1.203348e-03
2.566667e+00 2.572500e+00 2.578334e+00 1.170362e-03
2.578334e+00 2.584167e+00 2.590000e+00 1.138243e-03
2.590000e+00 2.595834e+00 2.601667e+00 1.106972e-03
2.601667e+00 2.607500e+00 2.613334e+00 1.076527e-03
2.613334e+00 2.619167e+00 2.625000e+00 1.046888e-03
2.625000e+00 2.630834e+00 2.636667e+00 1.018034e-03
2.636667e+00 2.642500e+00 2.648334e+00 9.899454e-04
2.648334e+00 2.654167e+00 2.660000e+00 9.626038e-04
2.660000e+00 2.665834e+00 2.671667e+00 9.359902e-04
2.671667e+00 2.677500e+00 2.683334e+00 9.100861e-04
2.683334e+00 2.689167e+00 2.695000e+00 8.848736e-04
2.695000e+00 2.700834e+00 2.706667e+00 8.603353e-04
2.706667e+00 2.712500e+00 2.718334e+00 8.364541e-04
2.718334e+00 2.724167e+00 2.730000e+00 8.132132e-04
2.730000e+00 2.735834e+00 2.741667e+00 7.905964e-04
2.741667e+00 2.747500e+00 2.753334e+00 7.685878e-04
2.753334e+00 2.759167e+00 2.765000e+00 7.471717e-04
2.765000e+00 2.770834e+00 2.776667e+00 7.263330e-04
2.776667e+00 2.782500e+00 2.788334e+00 7.060569e-04
2.788334e+00 2.794167e+00 2.800000e+00 6.863289e-04
2.800000e+00 2.805834e+00 2.811667e+00 6.671348e-04
2.811667e+00 2.817500e+00 2.823334e+00 6.484610e-04
2.823334e+00 2.829167e+00 2.835000e+00 6.302938e-04
2.835000e+00 2.840834e+00 2.846667e+00 6.126203e-04
2.846667e+00 2.852500e+00 2.858334e+00 5.954275e-04
2.858334e+00 2.864167e+00 2.870000e+00 5.787029e-04
2.870000e+00 2.875834e+00 2.881667e+00 5.624344e-04
2.881667e+00 2.887500e+00 2.893334e+00 5.466100e-04
2.893334e+00 2.899167e+00 2.905000e+00 5.312181e-04
2.905000e+00 2.910834e+00 2.916667e+00 5.162473e-04
2.916667e+00 2.922500e+00 2.928333e+00 5.016867e-04
2.928333e+00 2.934167e+00 2.940000e+00 4.875254e-04
2.940000e+00 2.945833e+00 2.951667e+00 4.737529e-04
2.951667e+00 2.957500e+00 2.963333e+00 4.603590e-04
2.963333e+00 2.969167e+00 2.975000e+00 4.473336e-04
2.975000e+00 2.980833e+00 2.986667e+00 4.346670e-04
2.986667e+00 2.992500e+00 2.998333e+00 4.223497e-04
2.998333e+00 3.004167e+00 3.010000e+00 4.103724e-04
3.010000e+00 3.015833e+00 3.021667e+00 3.987260e-04
3.021667e+00 3.027500e+00 3.033333e+00 3.874018e-04
3.033333e+00 3.039167e+00 3.045000e+00 3.763912e-04
3.045000e+00 3.050833e+00 3.056667e+00 3.656857e-04
3.056667e+00 3.062500e+00 3.068333e+00 3.552772e-04
3.068333e+00 3.074167e+00 3.080000e+00 3.451578e-04
3.080000e+00 3.085833e+00 3.091667e+00 3.353197e-04
3.091667e+00 3.097500e+00 3.103333e+00 3.257553e-04
3.103333e+00 3.109167e+00 3.115000e+00 3.164574e-04
3.115000e+00 3.120833e+00 3.126667e+00 3.074186e-04
3.126667e+00 3.132500e+00 3.138333e+00 2.986321e-04
3.138333e+00 3.144167e+00 3.150000e+00 2.900909e-04
3.150000e+00 3.155833e+00 3.161667e+00 2.817885e-04
3.161667e+00 3.167500e+00 3.173333e+00 2.737184e-04
3.173333e+00 3.179167e+00 3.185000e+00 2.658743e-04
3.185000e+00 3.190833e+00 3.196667e+00 2.582501e-04
3.196667e+00 3.202500e+00 3.208333e+00 2.508398e-04
3.208333e+00 3.214167e+00 3.220000e+00 2.436375e-04
3.220000e+00 3.225833e+00 3.231667e+00 2.366377e-04
3.231667e+00 3.237500e+00 3.243333e+00 2.298347e-04
3.243333e+00 3.249167e+00 3.255000e+00 2.232232e-04
3.255000e+00 3.260833e+00 3.266667e+00 2.167980e-04
3.266667e+00 3.272500e+00 3.278333e+00 2.105539e-04
3.278333e+00 3.284167e+00 3.290000e+00 2.044860e-04
3.290000e+00 3.295833e+00 3.301667e+00 1.985895e-04
3.301667e+00 3.307500e+00 3.313333e+00 1.928597e-04
3.313333e+00 3.319167e+00 3.325000e+00 1.872919e-04
3.325000e+00 3.330833e+00 3.336667e+00 1.818817e-04
3.336667e+00 3.342500e+00 3.348333e+00 1.766248e-04
3.348333e+00 3.354167e+00 3.360000e+00 1.715170e-04
3.360000e+00 3.365833e+00 3.371667e+00 1.665540e-04
3.371667e+00 3.377500e+00 3.383333e+00 1.617320e-04
3.383333e+00 3.389167e+00 3.395000e+00 1.570470e-04
3.395000e+00 3.400833e+00 3.406667e+00 1.524952e-04
3.406667e+00 3.412500e+00 3.418333e+00 1.480729e-04
3.418333e+00 3.424167e+00 3.430000e+00 1.437766e-04
3.430000e+00 3.435833e+00 3.441667e+00 1.396027e-04
3.441667e+00 3.447500e+00 3.453333e+00 1.355478e-04
3.453333e+00 3.459167e+00 3.465000e+00 1.316087e-04
3.465000e+00 3.470833e+00 3.476667e+00 1.277820e-04
3.476667e+00 3.482500e+00 3.488333e+00 1.240646e-04
3.488333e+00 3.494167e+00 3.500000e+00 1.204536e-04
