1.000000e-06 5.834332e-03 1.166766e-02 3.214847e-05
1.166766e-02 1.750099e-02 2.333433e-02 2.657289e-04
2.333433e-02 2.916766e-02 3.500099e-02 6.848683e-04
3.500099e-02 4.083432e-02 4.666765e-02 1.251880e-03
4.666765e-02 5.250099e-02 5.833432e-02 1.936525e-03
5.833432e-02 6.416765e-02 7.000098e-02 2.713831e-03
7.000098e-02 7.583431e-02 8.166764e-02 3.562870e-03
8.166764e-02 8.750097e-02 9.333431e-02 4.465955e-03
9.333431e-02 9.916764e-02 1.050010e-01 5.408061e-03
1.050010e-01 1.108343e-01 1.166676e-01 6.376389e-03
1.166676e-01 1.225010e-01 1.283343e-01 7.360024e-03
1.283343e-01 1.341676e-01 1.400010e-01 8.349655e-03
1.400010e-01 1.458343e-01 1.516676e-01 9.337354e-03
1.516676e-01 1.575010e-01 1.633343e-01 1.031639e-02
1.633343e-01 1.691676e-01 1.750009e-01 1.128105e-02
1.750009e-01 1.808343e-01 1.866676e-01 1.222654e-02
1.866676e-01 1.925009e-01 1.983343e-01 1.314884e-02
1.983343e-01 2.041676e-01 2.100009e-01 1.404462e-02
2.100009e-01 2.158343e-01 2.216676e-01 1.491113e-02
2.216676e-01 2.275009e-01 2.333343e-01 1.574618e-02
2.333343e-01 2.391676e-01 2.450009e-01 1.654799e-02
2.450009e-01 2.508343e-01 2.566676e-01 1.731523e-02
2.566676e-01 2.625009e-01 2.683343e-01 1.804689e-02
2.683343e-01 2.741676e-01 2.800009e-01 1.874228e-02
2.800009e-01 2.858343e-01 2.916676e-01 1.940095e-02
2.916676e-01 2.975009e-01 3.033342e-01 2.002273e-02
3.033342e-01 3.091676e-01 3.150009e-01 2.060761e-02
3.150009e-01 3.208342e-01 3.266676e-01 2.115578e-02
3.266676e-01 3.325009e-01 3.383342e-01 2.166756e-02
3.383342e-01 3.441676e-01 3.500009e-01 2.214343e-02
3.500009e-01 3.558342e-01 3.616676e-01 2.258394e-02
3.616676e-01 3.675009e-01 3.733342e-01 2.298978e-02
3.733342e-01 3.791676e-01 3.850009e-01 2.336167e-02
3.850009e-01 3.908342e-01 3.966676e-01 2.370045e-02
3.966676e-01 4.025009e-01 4.083342e-01 2.400696e-02
4.083342e-01 4.141675e-01 4.200009e-01 2.428212e-02
4.200009e-01 4.258342e-01 4.316675e-01 2.452688e-02
4.316675e-01 4.375009e-01 4.433342e-01 2.474220e-02
4.433342e-01 4.491675e-01 4.550009e-01 2.492907e-02
4.550009e-01 4.608342e-01 4.666675e-01 2.508850e-02
4.666675e-01 4.725009e-01 4.783342e-01 2.522149e-02
4.783342e-01 4.841675e-01 4.900009e-01 2.532907e-02
4.900009e-01 4.958342e-01 5.016675e-01 2.541223e-02
5.016675e-01 5.075009e-01 5.133342e-01 2.547199e-02
5.133342e-01 5.191675e-01 5.250008e-01 2.550933e-02
5.250008e-01 5.308342e-01 5.366675e-01 2.552525e-02
5.366675e-01 5.425008e-01 5.483342e-01 2.552071e-02
5.483342e-01 5.541675e-01 5.600008e-01 2.549667e-02
5.600008e-01 5.658342e-01 5.716675e-01 2.545406e-02
5.716675e-01 5.775008e-01 5.833342e-01 2.539381e-02
5.833342e-01 5.891675e-01 5.950008e-01 2.531680e-02
5.950008e-01 6.008342e-01 6.066675e-01 2.522390e-02
6.066675e-01 6.125008e-01 6.183342e-01 2.511598e-02
6.183342e-01 6.241675e-01 6.300008e-01 2.499386e-02
6.300008e-01 6.358342e-01 6.416675e-01 2.485834e-02
6.416675e-01 6.475008e-01 6.533341e-01 2.471020e-02
6.533341e-01 6.591675e-01 6.650008e-01 2.455021e-02
6.650008e-01 6.708341e-01 6.766675e-01 2.437908e-02
6.766675e-01 6.825008e-01 6.883341e-01 2.419754e-02
6.883341e-01 6.941675e-01 7.000008e-01 2.400625e-02
7.000008e-01 7.058341e-01 7.116675e-01 2.380589e-02
7.116675e-01 7.175008e-01 7.233341e-01 2.359709e-02
7.233341e-01 7.291675e-01 7.350008e-01 2.338046e-02
7.350008e-01 7.408341e-01 7.466675e-01 2.315658e-02
7.466675e-01 7.525008e-01 7.583341e-01 2.292603e-02
7.583341e-01 7.641674e-01 7.700008e-01 2.268935e-02
7.700008e-01 7.758341e-01 7.816674e-01 2.244706e-02
7.816674e-01 7.875008e-01 7.933341e-01 2.219965e-02
7.933341e-01 7.991674e-01 8.050008e-01 2.194761e-02
8.050008e-01 8.108341e-01 8.166674e-01 2.169140e-02
8.166674e-01 8.225008e-01 8.283341e-01 2.143145e-02
8.283341e-01 8.341674e-01 8.400008e-01 2.116818e-02
8.400008e-01 8.458341e-01 8.516674e-01 2.090200e-02
8.516674e-01 8.575008e-01 8.633341e-01 2.063328e-02
8.633341e-01 8.691674e-01 8.750007e-01 2.036239e-02
8.750007e-01 8.808341e-01 8.866674e-01 2.008966e-02
8.866674e-01 8.925007e-01 8.983341e-01 1.981545e-02
8.983341e-01 9.041674e-01 9.100007e-01 1.954004e-02
9.100007e-01 9.158341e-01 9.216674e-01 1.926375e-02
9.216674e-01 9.275007e-01 9.333341e-01 1.898685e-02
9.333341e-01 9.391674e-01 9.450007e-01 1.870961e-02
9.450007e-01 9.508341e-01 9.566674e-01 1.843229e-02
9.566674e-01 9.625007e-01 9.683341e-01 1.815512e-02
9.683341e-01 9.741674e-01 9.800007e-01 1.787833e-02
9.800007e-01 9.858341e-01 9.916674e-01 1.760213e-02
9.916674e-01 9.975007e-01 1.003334e+00 1.732673e-02
1.003334e+00 1.009167e+00 1.015001e+00 1.705231e-02
1.015001e+00 1.020834e+00 1.026667e+00 1.677906e-02
1.026667e+00 1.032501e+00 1.038334e+00 1.650713e-02
1.038334e+00 1.044167e+00 1.050001e+00 1.623669e-02
1.050001e+00 1.055834e+00 1.061667e+00 1.596789e-02
1.061667e+00 1.067501e+00 1.073334e+00 1.570085e-02
1.073334e+00 1.079167e+00 1.085001e+00 1.543572e-02
1.085001e+00 1.090834e+00 1.096667e+00 1.517260e-02
1.096667e+00 1.102501e+00 1.108334e+00 1.491162e-02
1.108334e+00 1.114167e+00 1.120001e+00 1.465286e-02
1.120001e+00 1.125834e+00 1.131667e+00 1.439644e-02
1.131667e+00 1.137501e+00 1.143334e+00 1.414242e-02
1.143334e+00 1.149167e+00 1.155001e+00 1.389091e-02
1.155001e+00 1.160834e+00 1.166667e+00 1.364196e-02
1.166667e+00 1.172501e+00 1.178334e+00 1.339565e-02
1.178334e+00 1.184167e+00 1.190001e+00 1.315204e-02
1.190001e+00 1.195834e+00 1.201667e+00 1.291118e-02
1.201667e+00 1.207501e+00 1.213334e+00 1.267313e-02
1.213334e+00 1.219167e+00 1.225001e+00 1.243793e-02
1.225001e+00 1.230834e+00 1.236667e+00 1.220561e-02
1.236667e+00 1.242501e+00 1.248334e+00 1.197622e-02
1.248334e+00 1.254167e+00 1.260001e+00 1.174979e-02
1.260001e+00 1.265834e+00 1.271667e+00 1.152633e-02
1.271667e+00 1.277501e+00 1.283334e+00 1.130587e-02
1.283334e+00 1.289167e+00 1.295001e+00 1.108843e-02
1.295001e+00 1.300834e+00 1.306667e+00 1.087403e-02
1.306667e+00 1.312501e+00 1.318334e+00 1.066267e-02
1.318334e+00 1.324167e+00 1.330001e+00 1.045437e-02
1.330001e+00 1.335834e+00 1.341667e+00 1.024912e-02
1.341667e+00 1.347501e+00 1.353334e+00 1.004692e-02
1.353334e+00 1.359167e+00 1.365001e+00 9.847789e-03
1.365001e+00 1.370834e+00 1.376667e+00 9.651707e-03
1.376667e+00 1.382501e+00 1.388334e+00 9.458672e-03
1.388334e+00 1.394167e+00 1.400001e+00 9.268675e-03
1.400001e+00 1.405834e+00 1.411667e+00 9.081705e-03
1.411667e+00 1.417501e+00 1.423334e+00 8.897749e-03
1.423334e+00 1.429167e+00 1.435001e+00 8.716792e-03
1.435001e+00 1.440834e+00 1.446667e+00 8.538818e-03
1.446667e+00 1.452501e+00 1.458334e+00 8.363809e-03
1.458334e+00 1.464167e+00 1.470001e+00 8.191745e-03
1.470001e+00 1.475834e+00 1.481667e+00 8.022604e-03
1.481667e+00 1.487501e+00 1.493334e+00 7.856364e-03
1.493334e+00 1.499167e+00 1.505001e+00 7.693001e-03
1.505001e+00 1.510834e+00 1.516667e+00 7.532490e-03
1.516667e+00 1.522501e+00 1.528334e+00 7.374806e-03
1.528334e+00 1.534167e+00 1.540001e+00 7.219920e-03
1.540001e+00 1.545834e+00 1.551667e+00 7.067806e-03
1.551667e+00 1.557501e+00 1.563334e+00 6.918434e-03
1.563334e+00 1.569167e+00 1.575001e+00 6.771775e-03
1.575001e+00 1.580834e+00 1.586667e+00 6.627799e-03
1.586667e+00 1.592501e+00 1.598334e+00 6.486475e-03
1.598334e+00 1.604167e+00 1.610001e+00 6.347771e-03
1.610001e+00 1.615834e+00 1.621667e+00 6.211656e-03
1.621667e+00 1.627501e+00 1.633334e+00 6.078098e-03
1.633334e+00 1.639167e+00 1.645001e+00 5.947064e-03
1.645001e+00 1.650834e+00 1.656667e+00 5.818521e-03
1.656667e+00 1.662501e+00 1.668334e+00 5.692436e-03
1.668334e+00 1.674167e+00 1.680001e+00 5.568776e-03
1.680001e+00 1.685834e+00 1.691667e+00 5.447506e-03
1.691667e+00 1.697501e+00 1.703334e+00 5.328594e-03
1.703334e+00 1.709167e+00 1.715001e+00 5.212005e-03
1.715001e+00 1.720834e+00 1.726667e+00 5.097705e-03
1.726667e+00 1.732501e+00 1.738334e+00 4.985660e-03
1.738334e+00 1.744167e+00 1.750000e+00 4.875837e-03
1.750000e+00 1.755834e+00 1.761667e+00 4.768201e-03
1.761667e+00 1.767500e+00 1.773334e+00 4.662718e-03
1.773334e+00 1.779167e+00 1.785000e+00 4.559356e-03
1.785000e+00 1.790834e+00 1.796667e+00 4.458079e-03
1.796667e+00 1.802500e+00 1.808334e+00 4.358854e-03
1.808334e+00 1.814167e+00 1.820000e+00 4.261649e-03
1.820000e+00 1.825834e+00 1.831667e+00 4.166429e-03
1.831667e+00 1.837500e+00 1.843334e+00 4.073162e-03
1.843334e+00 1.849167e+00 1.855000e+00 3.981815e-03
1.855000e+00 1.860834e+00 1.866667e+00 3.892355e-03
1.866667e+00 1.872500e+00 1.878334e+00 3.804751e-03
1.878334e+00 1.884167e+00 1.890000e+00 3.718969e-03
1.890000e+00 1.895834e+00 1.901667e+00 3.634978e-03
1.901667e+00 1.907500e+00 1.913334e+00 3.552746e-03
1.913334e+00 1.919167e+00 1.925000e+00 3.472243e-03
1.925000e+00 1.930834e+00 1.936667e+00 3.393437e-03
1.936667e+00 1.942500e+00 1.948334e+00 3.316298e-03
1.948334e+00 1.954167e+00 1.960000e+00 3.240795e-03
1.960000e+00 1.965834e+00 1.971667e+00 3.166899e-03
1.971667e+00 1.977500e+00 1.983334e+00 3.094580e-03
1.983334e+00 1.989167e+00 1.995000e+00 3.023809e-03
1.995000e+00 2.000834e+00 2.006667e+00 2.954556e-03
2.006667e+00 2.012500e+00 2.018334e+00 2.886794e-03
2.018334e+00 2.024167e+00 2.030000e+00 2.820493e-03
2.030000e+00 2.035834e+00 2.041667e+00 2.755627e-03
2.041667e+00 2.047500e+00 2.053334e+00 2.692168e-03
2.053334e+00 2.059167e+00 2.065000e+00 2.630088e-03
2.065000e+00 2.070834e+00 2.076667e+00 2.569361e-03
2.076667e+00 2.082500e+00 2.088334e+00 2.509961e-03
2.088334e+00 2.094167e+00 2.100000e+00 2.451862e-03
2.100000e+00 2.105834e+00 2.111667e+00 2.395038e-03
2.111667e+00 2.117500e+00 2.123334e+00 2.339464e-03
2.123334e+00 2.129167e+00 2.135000e+00 2.285115e-03
2.135000e+00 2.140834e+00 2.146667e+00 2.231967e-03
2.146667e+00 2.152500e+00 2.158334e+00 2.179996e-03
2.158334e+00 2.164167e+00 2.170000e+00 2.129178e-03
2.170000e+00 2.175834e+00 2.181667e+00 2.079489e-03
2.181667e+00 2.187500e+00 2.193334e+00 2.030908e-03
2.193334e+00 2.199167e+00 2.205000e+00 1.983411e-03
2.205000e+00 2.210834e+00 2.216667e+00 1.936976e-03
2.216667e+00 2.222500e+00 2.228334e+00 1.891581e-03
2.228334e+00 2.234167e+00 2.240000e+00 1.847205e-03
2.240000e+00 2.245834e+00 2.251667e+00 1.803827e-03
2.251667e+00 2.257500e+00 2.263334e+00 1.761426e-03
2.263334e+00 2.269167e+00 2.275000e+00 1.719982e-03
2.275000e+00 2.280834e+00 2.286667e+00 1.679475e-03
2.286667e+00 2.292500e+00 2.298334e+00 1.639885e-03
2.298334e+00 2.304167e+00 2.310000e+00 1.601192e-03
2.310000e+00 2.315834e+00 2.321667e+00 1.563379e-03
2.321667e+00 2.327500e+00 2.333334e+00 1.526426e-03
2.333334e+00 2.339167e+00 2.345000e+00 1.490315e-03
2.345000e+00 2.350834e+00 2.356667e+00 1.455028e-03
2.356667e+00 2.362500e+00 2.368334e+00 1.420547e-03
2.368334e+00 2.374167e+00 2.380000e+00 1.386855e-03
2.380000e+00 2.385834e+00 2.391667e+00 1.353936e-03
2.391667e+00 2.397500e+00 2.403334e+00 1.321773e-03
2.403334e+00 2.409167e+00 2.415000e+00 1.290348e-03
2.415000e+00 2.420834e+00 2.426667e+00 1.259647e-03
2.426667e+00 2.432500e+00 2.438334e+00 1.229654e-03
2.438334e+00 2.444167e+00 2.450000e+00 1.200353e-03
2.450000e+00 2.455834e+00 2.461667e+00 1.171729e-03
2.461667e+00 2.467500e+00 2.473334e+00 1.143767e-03
2.473334e+00 2.479167e+00 2.485000e+00 1.116453e-03
2.485000e+00 2.490834e+00 2.496667e+00 1.089772e-03
2.496667e+00 2.502500e+00 2.508334e+00 1.063711e-03
2.508334e+00 2.514167e+00 2.520000e+00 1.038256e-03
2.520000e+00 2.525834e+00 2.531667e+00 1.013393e-03
2.531667e+00 2.537500e+00 2.543334e+00 9.891099e-04
2.543334e+00 2.549167e+00 2.555000e+00 9.653931e-04
2.555000e+00 2.560834e+00 2.566667e+00 9.422303e-04
2.566667e+00 2.572500e+00 2.578334e+00 9.196090e-04
2.578334e+00 2.584167e+00 2.590000e+00 8.975171e-04
2.590000e+00 2.595834e+00 2.601667e+00 8.759428e-04
2.601667e+00 2.607500e+00 2.613334e+00 8.548746e-04
2.613334e+00 2.619167e+00 2.625000e+00 8.343009e-04
2.625000e+00 2.630834e+00 2.636667e+00 8.142108e-04
2.636667e+00 2.642500e+00 2.648334e+00 7.945932e-04
2.648334e+00 2.654167e+00 2.660000e+00 7.754376e-04
2.660000e+00 2.665834e+00 2.671667e+00 7.567334e-04
2.671667e+00 2.677500e+00 2.683334e+00 7.384705e-04
2.683334e+00 2.689167e+00 2.695000e+00 7.206387e-04
2.695000e+00 2.700834e+00 2.706667e+00 7.032284e-04
2.706667e+00 2.712500e+00 2.718334e+00 6.862300e-04
2.718334e+00 2.724167e+00 2.730000e+00 6.696339e-04
2.730000e+00 2.735834e+00 2.741667e+00 6.534311e-04
2.741667e+00 2.747500e+00 2.753334e+00 6.376126e-04
2.753334e+00 2.759167e+00 2.765000e+00 6.221694e-04
2.765000e+00 2.770834e+00 2.776667e+00 6.070931e-04
2.776667e+00 2.782500e+00 2.788334e+00 5.923752e-04
2.788334e+00 2.794167e+00 2.800000e+00 5.780075e-04
2.800000e+00 2.805834e+00 2.811667e+00 5.639819e-04
2.811667e+00 2.817500e+00 2.823334e+00 5.502904e-04
2.823334e+00 2.829167e+00 2.835000e+00 5.369255e-04
2.835000e+00 2.840834e+00 2.846667e+00 5.238794e-04
2.846667e+00 2.852500e+00 2.858334e+00 5.111449e-04
2.858334e+00 2.864167e+00 2.870000e+00 4.987148e-04
2.870000e+00 2.875834e+00 2.881667e+00 4.865819e-04
2.881667e+00 2.887500e+00 2.893334e+00 4.747393e-04
2.893334e+00 2.899167e+00 2.905000e+00 4.631804e-04
2.905000e+00 2.910834e+00 2.916667e+00 4.518984e-04
2.916667e+00 2.922500e+00 2.928333e+00 4.408869e-04
2.928333e+00 2.934167e+00 2.940000e+00 4.301397e-04
2.940000e+00 2.945833e+00 2.951667e+00 4.196505e-04
2.951667e+00 2.957500e+00 2.963333e+00 4.094133e-04
2.963333e+00 2.969167e+00 2.975000e+00 3.994222e-04
2.975000e+00 2.980833e+00 2.986667e+00 3.896715e-04
2.986667e+00 2.992500e+00 2.998333e+00 3.801554e-04
2.998333e+00 3.004167e+00 3.010000e+00 3.708685e-04
3.010000e+00 3.015833e+00 3.021667e+00 3.618053e-04
3.021667e+00 3.027500e+00 3.033333e+00 3.529607e-04
3.033333e+00 3.039167e+00 3.045000e+00 3.443294e-04
3.045000e+00 3.050833e+00 3.056667e+00 3.359065e-04
3.056667e+00 3.062500e+00 3.068333e+00 3.276870e-04
3.068333e+00 3.074167e+00 3.080000e+00 3.196661e-04
3.080000e+00 3.085833e+00 3.091667e+00 3.118391e-04
3.091667e+00 3.097500e+00 3.103333e+00 3.042014e-04
3.103333e+00 3.109167e+00 3.115000e+00 2.967486e-04
3.115000e+00 3.120833e+00 3.126667e+00 2.894762e-04
3.126667e+00 3.132500e+00 3.138333e+00 2.823800e-04
3.138333e+00 3.144167e+00 3.150000e+00 2.754558e-04
3.150000e+00 3.155833e+00 3.161667e+00 2.686995e-04
3.161667e+00 3.167500e+00 3.173333e+00 2.621070e-04
3.173333e+00 3.179167e+00 3.185000e+00 2.556746e-04
3.185000e+00 3.190833e+00 3.196667e+00 2.493984e-04
3.196667e+00 3.202500e+00 3.208333e+00 2.432746e-04
3.208333e+00 3.214167e+00 3.220000e+00 2.372996e-04
3.220000e+00 3.225833e+00 3.231667e+00 2.314700e-04
3.231667e+00 3.237500e+00 3.243333e+00 2.257821e-04
3.243333e+00 3.249167e+00 3.255000e+00 2.202326e-04
3.255000e+00 3.260833e+00 3.266667e+00 2.148183e-04
3.266667e+00 3.272500e+00 3.278333e+00 2.095357e-04
3.278333e+00 3.284167e+00 3.290000e+00 2.043819e-04
3.290000e+00 3.295833e+00 3.301667e+00 1.993538e-04
3.301667e+00 3.307500e+00 3.313333e+00 1.944482e-04
3.313333e+00 3.319167e+00 3.325000e+00 1.896622e-04
3.325000e+00 3.330833e+00 3.336667e+00 1.849931e-04
3.336667e+00 3.342500e+00 3.348333e+00 1.804379e-04
3.348333e+00 3.354167e+00 3.360000e+00 1.759940e-04
3.360000e+00 3.365833e+00 3.371667e+00 1.716586e-04
3.371667e+00 3.377500e+00 3.383333e+00 1.674292e-04
3.383333e+00 3.389167e+00 3.395000e+00 1.633031e-04
3.395000e+00 3.400833e+00 3.406667e+00 1.592780e-04
3.406667e+00 3.412500e+00 3.418333e+00 1.553513e-04
3.418333e+00 3.424167e+00 3.430000e+00 1.515207e-04
3.430000e+00 3.435833e+00 3.441667e+00 1.477838e-04
3.441667e+00 3.447500e+00 3.453333e+00 1.441385e-04
3.453333e+00 3.459167e+00 3.465000e+00 1.405824e-04
3.465000e+00 3.470833e+00 3.476667e+00 1.371135e-04
3.476667e+00 3.482500e+00 3.488333e+00 1.337296e-04
3.488333e+00 3.494167e+00 3.500000e+00 1.304286e-04
