1.000000e-06 5.834332e-03 1.166766e-02 3.209371e-05
1.166766e-02 1.750099e-02 2.333433e-02 2.648976e-04
2.333433e-02 2.916766e-02 3.500099e-02 6.821305e-04
3.500099e-02 4.083432e-02 4.666765e-02 1.246113e-03
4.666765e-02 5.250099e-02 5.833432e-02 1.926740e-03
5.833432e-02 6.416765e-02 7.000098e-02 2.699223e-03
7.000098e-02 7.583431e-02 8.166764e-02 3.542831e-03
8.166764e-02 8.750097e-02 9.333431e-02 4.440072e-03
9.333431e-02 9.916764e-02 1.050010e-01 5.376105e-03
1.050010e-01 1.108343e-01 1.166676e-01 6.338301e-03
1.166676e-01 1.225010e-01 1.283343e-01 7.315898e-03
1.283343e-01 1.341676e-01 1.400010e-01 8.299719e-03
1.400010e-01 1.458343e-01 1.516676e-01 9.281953e-03
1.516676e-01 1.575010e-01 1.633343e-01 1.025597e-02
1.633343e-01 1.691676e-01 1.750009e-01 1.121614e-02
1.750009e-01 1.808343e-01 1.866676e-01 1.215773e-02
1.866676e-01 1.925009e-01 1.983343e-01 1.307679e-02
1.983343e-01 2.041676e-01 2.100009e-01 1.397002e-02
2.100009e-01 2.158343e-01 2.216676e-01 1.483471e-02
2.216676e-01 2.275009e-01 2.333343e-01 1.566868e-02
2.333343e-01 2.391676e-01 2.450009e-01 1.647019e-02
2.450009e-01 2.508343e-01 2.566676e-01 1.723788e-02
2.566676e-01 2.625009e-01 2.683343e-01 1.797075e-02
2.683343e-01 2.741676e-01 2.800009e-01 1.866810e-02
2.800009e-01 2.858343e-01 2.916676e-01 1.932948e-02
2.916676e-01 2.975009e-01 3.033342e-01 1.995468e-02
3.033342e-01 3.091676e-01 3.150009e-01 2.054369e-02
3.150009e-01 3.208342e-01 3.266676e-01 2.109665e-02
3.266676e-01 3.325009e-01 3.383342e-01 2.161388e-02
3.383342e-01 3.441676e-01 3.500009e-01 2.209579e-02
3.500009e-01 3.558342e-01 3.616676e-01 2.254294e-02
3.616676e-01 3.675009e-01 3.733342e-01 2.295596e-02
3.733342e-01 3.791676e-01 3.850009e-01 2.333555e-02
3.850009e-01 3.908342e-01 3.966676e-01 2.368249e-02
3.966676e-01 4.025009e-01 4.083342e-01 2.399762e-02
4.083342e-01 4.141675e-01 4.200009e-01 2.428179e-02
4.200009e-01 4.258342e-01 4.316675e-01 2.453594e-02
4.316675e-01 4.375009e-01 4.433342e-01 2.476098e-02
4.433342e-01 4.491675e-01 4.550009e-01 2.495787e-02
4.550009e-01 4.608342e-01 4.666675e-01 2.512759e-02
4.666675e-01 4.725009e-01 4.783342e-01 2.527111e-02
4.783342e-01 4.841675e-01 4.900009e-01 2.538940e-02
4.900009e-01 4.958342e-01 5.016675e-01 2.548345e-02
5.016675e-01 5.075009e-01 5.133342e-01 2.555423e-02
5.133342e-01 5.191675e-01 5.250008e-01 2.560271e-02
5.250008e-01 5.308342e-01 5.366675e-01 2.562984e-02
5.366675e-01 5.425008e-01 5.483342e-01 2.563656e-02
5.483342e-01 5.541675e-01 5.600008e-01 2.562381e-02
5.600008e-01 5.658342e-01 5.716675e-01 2.559250e-02
5.716675e-01 5.775008e-01 5.833342e-01 2.554351e-02
5.833342e-01 5.891675e-01 5.950008e-01 2.547772e-02
5.950008e-01 6.008342e-01 6.066675e-01 2.539598e-02
6.066675e-01 6.125008e-01 6.183342e-01 2.529913e-02
6.183342e-01 6.241675e-01 6.300008e-01 2.518797e-02
6.300008e-01 6.358342e-01 6.416675e-01 2.506330e-02
6.416675e-01 6.475008e-01 6.533341e-01 2.492586e-02
6.533341e-01 6.591675e-01 6.650008e-01 2.477641e-02
6.650008e-01 6.708341e-01 6.766675e-01 2.461567e-02
6.766675e-01 6.825008e-01 6.883341e-01 2.444432e-02
6.883341e-01 6.941675e-01 7.000008e-01 2.426304e-02
7.000008e-01 7.058341e-01 7.116675e-01 2.407248e-02
7.116675e-01 7.175008e-01 7.233341e-01 2.387326e-02
7.233341e-01 7.291675e-01 7.350008e-01 2.366598e-02
7.350008e-01 7.408341e-01 7.466675e-01 2.345123e-02
7.466675e-01 7.525008e-01 7.583341e-01 2.322957e-02
7.583341e-01 7.641674e-01 7.700008e-01 2.300152e-02
7.700008e-01 7.758341e-01 7.816674e-01 2.276761e-02
7.816674e-01 7.875008e-01 7.933341e-01 2.252833e-02
7.933341e-01 7.991674e-01 8.050008e-01 2.228416e-02
8.050008e-01 8.108341e-01 8.166674e-01 2.203554e-02
8.166674e-01 8.225008e-01 8.283341e-01 2.178292e-02
8.283341e-01 8.341674e-01 8.400008e-01 2.152671e-02
8.400008e-01 8.458341e-01 8.516674e-01 2.126731e-02
8.516674e-01 8.575008e-01 8.633341e-01 2.100510e-02
8.633341e-01 8.691674e-01 8.750007e-01 2.074044e-02
8.750007e-01 8.808341e-01 8.866674e-01 2.047368e-02
8.866674e-01 8.925007e-01 8.983341e-01 2.020514e-02
8.983341e-01 9.041674e-01 9.100007e-01 1.993515e-02
9.100007e-01 9.158341e-01 9.216674e-01 1.966400e-02
9.216674e-01 9.275007e-01 9.333341e-01 1.939197e-02
9.333341e-01 9.391674e-01 9.450007e-01 1.911933e-02
9.450007e-01 9.508341e-01 9.566674e-01 1.884634e-02
9.566674e-01 9.625007e-01 9.683341e-01 1.857323e-02
9.683341e-01 9.741674e-01 9.800007e-01 1.830025e-02
9.800007e-01 9.858341e-01 9.916674e-01 1.802760e-02
9.916674e-01 9.975007e-01 1.003334e+00 1.775549e-02
1.003334e+00 1.009167e+00 1.015001e+00 1.748412e-02
1.015001e+00 1.020834e+00 1.026667e+00 1.721366e-02
1.026667e+00 1.032501e+00 1.038334e+00 1.694429e-02
1.038334e+00 1.044167e+00 1.050001e+00 1.667616e-02
1.050001e+00 1.055834e+00 1.061667e+00 1.640943e-02
1.061667e+00 1.067501e+00 1.073334e+00 1.614425e-02
1.073334e+00 1.079167e+00 1.085001e+00 1.588074e-02
1.085001e+00 1.090834e+00 1.096667e+00 1.561903e-02
1.096667e+00 1.102501e+00 1.108334e+00 1.535923e-02
1.108334e+00 1.114167e+00 1.120001e+00 1.510145e-02
1.120001e+00 1.125834e+00 1.131667e+00 1.484579e-02
1.131667e+00 1.137501e+00 1.143334e+00 1.459235e-02
1.143334e+00 1.149167e+00 1.155001e+00 1.434120e-02
1.155001e+00 1.160834e+00 1.166667e+00 1.409244e-02
1.166667e+00 1.172501e+00 1.178334e+00 1.384613e-02
1.178334e+00 1.184167e+00 1.190001e+00 1.360233e-02
1.190001e+00 1.195834e+00 1.201667e+00 1.336112e-02
1.201667e+00 1.207501e+00 1.213334e+00 1.312254e-02
1.213334e+00 1.219167e+00 1.225001e+00 1.288664e-02
1.225001e+00 1.230834e+00 1.236667e+00 1.265347e-02
1.236667e+00 1.242501e+00 1.248334e+00 1.242307e-02
1.248334e+00 1.254167e+00 1.260001e+00 1.219548e-02
1.260001e+00 1.265834e+00 1.271667e+00 1.197071e-02
1.271667e+00 1.277501e+00 1.283334e+00 1.174881e-02
1.283334e+00 1.289167e+00 1.295001e+00 1.152980e-02
1.295001e+00 1.300834e+00 1.306667e+00 1.131369e-02
1.306667e+00 1.312501e+00 1.318334e+00 1.110050e-02
1.318334e+00 1.324167e+00 1.330001e+00 1.089024e-02
1.330001e+00 1.335834e+00 1.341667e+00 1.068292e-02
1.341667e+00 1.347501e+00 1.353334e+00 1.047855e-02
1.353334e+00 1.359167e+00 1.365001e+00 1.027713e-02
1.365001e+00 1.370834e+00 1.376667e+00 1.007866e-02
1.376667e+00 1.382501e+00 1.388334e+00 9.883136e-03
1.388334e+00 1.394167e+00 1.400001e+00 9.690560e-03
1.400001e+00 1.405834e+00 1.411667e+00 9.500922e-03
1.411667e+00 1.417501e+00 1.423334e+00 9.314214e-03
1.423334e+00 1.429167e+00 1.435001e+00 9.130424e-03
1.435001e+00 1.440834e+00 1.446667e+00 8.949541e-03
1.446667e+00 1.452501e+00 1.458334e+00 8.771549e-03
1.458334e+00 1.464167e+00 1.470001e+00 8.596433e-03
1.470001e+00 1.475834e+00 1.481667e+00 8.424176e-03
1.481667e+00 1.487501e+00 1.493334e+00 8.254759e-03
1.493334e+00 1.499167e+00 1.505001e+00 8.088160e-03
1.505001e+00 1.510834e+00 1.516667e+00 7.924360e-03
1.516667e+00 1.522501e+00 1.528334e+00 7.763335e-03
1.528334e+00 1.534167e+00 1.540001e+00 7.605062e-03
1.540001e+00 1.545834e+00 1.551667e+00 7.449515e-03
1.551667e+00 1.557501e+00 1.563334e+00 7.296670e-03
1.563334e+00 1.569167e+00 1.575001e+00 7.146499e-03
1.575001e+00 1.580834e+00 1.586667e+00 6.998977e-03
1.586667e+00 1.592501e+00 1.598334e+00 6.854074e-03
1.598334e+00 1.604167e+00 1.610001e+00 6.711763e-03
1.610001e+00 1.615834e+00 1.621667e+00 6.572014e-03
1.621667e+00 1.627501e+00 1.633334e+00 6.434798e-03
1.633334e+00 1.639167e+00 1.645001e+00 6.300085e-03
1.645001e+00 1.650834e+00 1.656667e+00 6.167844e-03
1.656667e+00 1.662501e+00 1.668334e+00 6.038045e-03
1.668334e+00 1.674167e+00 1.680001e+00 5.910656e-03
1.680001e+00 1.685834e+00 1.691667e+00 5.785646e-03
1.691667e+00 1.697501e+00 1.703334e+00 5.662984e-03
1.703334e+00 1.709167e+00 1.715001e+00 5.542638e-03
1.715001e+00 1.720834e+00 1.726667e+00 5.424576e-03
1.726667e+00 1.732501e+00 1.738334e+00 5.308766e-03
1.738334e+00 1.744167e+00 1.750000e+00 5.195176e-03
1.750000e+00 1.755834e+00 1.761667e+00 5.083773e-03
1.761667e+00 1.767500e+00 1.773334e+00 4.974526e-03
1.773334e+00 1.779167e+00 1.785000e+00 4.867403e-03
1.785000e+00 1.790834e+00 1.796667e+00 4.762371e-03
1.796667e+00 1.802500e+00 1.808334e+00 4.659399e-03
1.808334e+00 1.814167e+00 1.820000e+00 4.558454e-03
1.820000e+00 1.825834e+00 1.831667e+00 4.459505e-03
1.831667e+00 1.837500e+00 1.843334e+00 4.362520e-03
1.843334e+00 1.849167e+00 1.855000e+00 4.267468e-03
1.855000e+00 1.860834e+00 1.866667e+00 4.174318e-03
1.866667e+00 1.872500e+00 1.878334e+00 4.083037e-03
1.878334e+00 1.884167e+00 1.890000e+00 3.993596e-03
1.890000e+00 1.895834e+00 1.901667e+00 3.905964e-03
1.901667e+00 1.907500e+00 1.913334e+00 3.820110e-03
1.913334e+00 1.919167e+00 1.925000e+00 3.736003e-03
1.925000e+00 1.930834e+00 1.936667e+00 3.653615e-03
1.936667e+00 1.942500e+00 1.948334e+00 3.572915e-03
1.948334e+00 1.954167e+00 1.960000e+00 3.493874e-03
1.960000e+00 1.965834e+00 1.971667e+00 3.416463e-03
1.971667e+00 1.977500e+00 1.983334e+00 3.340652e-03
1.983334e+00 1.989167e+00 1.995000e+00 3.266414e-03
1.995000e+00 2.000834e+00 2.006667e+00 3.193721e-03
2.006667e+00 2.012500e+00 2.018334e+00 3.122543e-03
2.018334e+00 2.024167e+00 2.030000e+00 3.052855e-03
2.030000e+00 2.035834e+00 2.041667e+00 2.984628e-03
2.041667e+00 2.047500e+00 2.053334e+00 2.917836e-03
2.053334e+00 2.059167e+00 2.065000e+00 2.852451e-03
2.065000e+00 2.070834e+00 2.076667e+00 2.788449e-03
2.076667e+00 2.082500e+00 2.088334e+00 2.725803e-03
2.088334e+00 2.094167e+00 2.100000e+00 2.664487e-03
2.100000e+00 2.105834e+00 2.111667e+00 2.604476e-03
2.111667e+00 2.117500e+00 2.123334e+00 2.545746e-03
2.123334e+00 2.129167e+00 2.135000e+00 2.488272e-03
2.135000e+00 2.140834e+00 2.146667e+00 2.432029e-03
2.146667e+00 2.152500e+00 2.158334e+00 2.376995e-03
2.158334e+00 2.164167e+00 2.170000e+00 2.323145e-03
2.170000e+00 2.175834e+00 2.181667e+00 2.270457e-03
2.181667e+00 2.187500e+00 2.193334e+00 2.218907e-03
2.193334e+00 2.199167e+00 2.205000e+00 2.168474e-03
2.205000e+00 2.210834e+00 2.216667e+00 2.119135e-03
2.216667e+00 2.222500e+00 2.228334e+00 2.070869e-03
2.228334e+00 2.234167e+00 2.240000e+00 2.023654e-03
2.240000e+00 2.245834e+00 2.251667e+00 1.977469e-03
2.251667e+00 2.257500e+00 2.263334e+00 1.932294e-03
2.263334e+00 2.269167e+00 2.275000e+00 1.888109e-03
2.275000e+00 2.280834e+00 2.286667e+00 1.844892e-03
2.286667e+00 2.292500e+00 2.298334e+00 1.802626e-03
2.298334e+00 2.304167e+00 2.310000e+00 1.761290e-03
2.310000e+00 2.315834e+00 2.321667e+00 1.720865e-03
2.321667e+00 2.327500e+00 2.333334e+00 1.681333e-03
2.333334e+00 2.339167e+00 2.345000e+00 1.642675e-03
2.345000e+00 2.350834e+00 2.356667e+00 1.604874e-03
2.356667e+00 2.362500e+00 2.368334e+00 1.567911e-03
2.368334e+00 2.374167e+00 2.380000e+00 1.531770e-03
2.380000e+00 2.385834e+00 2.391667e+00 1.496433e-03
2.391667e+00 2.397500e+00 2.403334e+00 1.461883e-03
2.403334e+00 2.409167e+00 2.415000e+00 1.428105e-03
2.415000e+00 2.420834e+00 2.426667e+00 1.395081e-03
2.426667e+00 2.432500e+00 2.438334e+00 1.362797e-03
2.438334e+00 2.444167e+00 2.450000e+00 1.331236e-03
2.450000e+00 2.455834e+00 2.461667e+00 1.300383e-03
2.461667e+00 2.467500e+00 2.473334e+00 1.270223e-03
2.473334e+00 2.479167e+00 2.485000e+00 1.240741e-03
2.485000e+00 2.490834e+00 2.496667e+00 1.211924e-03
2.496667e+00 2.502500e+00 2.508334e+00 1.183756e-03
2.508334e+00 2.514167e+00 2.520000e+00 1.156225e-03
2.520000e+00 2.525834e+00 2.531667e+00 1.129316e-03
2.531667e+00 2.537500e+00 2.543334e+00 1.103015e-03
2.543334e+00 2.549167e+00 2.555000e+00 1.077311e-03
2.555000e+00 2.560834e+00 2.566667e+00 1.052190e-03
2.566667e+00 2.572500e+00 2.578334e+00 1.027639e-03
2.578334e+00 2.584167e+00 2.590000e+00 1.003646e-03
2.590000e+00 2.595834e+00 2.601667e+00 9.801988e-04
2.601667e+00 2.607500e+00 2.613334e+00 9.572860e-04
2.613334e+00 2.619167e+00 2.625000e+00 9.348957e-04
2.625000e+00 2.630834e+00 2.636667e+00 9.130164e-04
2.636667e+00 2.642500e+00 2.648334e+00 8.916371e-04
2.648334e+00 2.654167e+00 2.660000e+00 8.707467e-04
2.660000e+00 2.665834e+00 2.671667e+00 8.503345e-04
2.671667e+00 2.677500e+00 2.683334e+00 8.303901e-04
2.683334e+00 2.689167e+00 2.695000e+00 8.109031e-04
2.695000e+00 2.700834e+00 2.706667e+00 7.918635e-04
2.706667e+00 2.712500e+00 2.718334e+00 7.732613e-04
2.718334e+00 2.724167e+00 2.730000e+00 7.550869e-04
2.730000e+00 2.735834e+00 2.741667e+00 7.373309e-04
2.741667e+00 2.747500e+00 2.753334e+00 7.199838e-04
2.753334e+00 2.759167e+00 2.765000e+00 7.030368e-04
2.765000e+00 2.770834e+00 2.776667e+00 6.864808e-04
2.776667e+00 2.782500e+00 2.788334e+00 6.703071e-04
2.788334e+00 2.794167e+00 2.800000e+00 6.545072e-04
2.800000e+00 2.805834e+00 2.811667e+00 6.390728e-04
2.811667e+00 2.817500e+00 2.823334e+00 6.239956e-04
2.823334e+00 2.829167e+00 2.835000e+00 6.092677e-04
2.835000e+00 2.840834e+00 2.846667e+00 5.948813e-04
2.846667e+00 2.852500e+00 2.858334e+00 5.808286e-04
2.858334e+00 2.864167e+00 2.870000e+00 5.671022e-04
2.870000e+00 2.875834e+00 2.881667e+00 5.536946e-04
2.881667e+00 2.887500e+00 2.893334e+00 5.405988e-04
2.893334e+00 2.899167e+00 2.905000e+00 5.278076e-04
2.905000e+00 2.910834e+00 2.916667e+00 5.153143e-04
2.916667e+00 2.922500e+00 2.928333e+00 5.031120e-04
2.928333e+00 2.934167e+00 2.940000e+00 4.911941e-04
2.940000e+00 2.945833e+00 2.951667e+00 4.795542e-04
2.951667e+00 2.957500e+00 2.963333e+00 4.681860e-04
2.963333e+00 2.969167e+00 2.975000e+00 4.570834e-04
2.975000e+00 2.980833e+00 2.986667e+00 4.462401e-04
2.986667e+00 2.992500e+00 2.998333e+00 4.356505e-04
2.998333e+00 3.004167e+00 3.010000e+00 4.253086e-04
3.010000e+00 3.015833e+00 3.021667e+00 4.152088e-04
3.021667e+00 3.027500e+00 3.033333e+00 4.053457e-04
3.033333e+00 3.039167e+00 3.045000e+00 3.957137e-04
3.045000e+00 3.050833e+00 3.056667e+00 3.863075e-04
3.056667e+00 3.062500e+00 3.068333e+00 3.771221e-04
3.068333e+00 3.074167e+00 3.080000e+00 3.681523e-04
3.080000e+00 3.085833e+00 3.091667e+00 3.593932e-04
3.091667e+00 3.097500e+00 3.103333e+00 3.508400e-04
3.103333e+00 3.109167e+00 3.115000e+00 3.424878e-04
3.115000e+00 3.120833e+00 3.126667e+00 3.343322e-04
3.126667e+00 3.132500e+00 3.138333e+00 3.263684e-04
3.138333e+00 3.144167e+00 3.150000e+00 3.185923e-04
3.150000e+00 3.155833e+00 3.161667e+00 3.109993e-04
3.161667e+00 3.167500e+00 3.173333e+00 3.035853e-04
3.173333e+00 3.179167e+00 3.185000e+00 2.963461e-04
3.185000e+00 3.190833e+00 3.196667e+00 2.892777e-04
3.196667e+00 3.202500e+00 3.208333e+00 2.823761e-04
3.208333e+00 3.214167e+00 3.220000e+00 2.756375e-04
3.220000e+00 3.225833e+00 3.231667e+00 2.690581e-04
3.231667e+00 3.237500e+00 3.243333e+00 2.626342e-04
3.243333e+00 3.249167e+00 3.255000e+00 2.563622e-04
3.255000e+00 3.260833e+00 3.266667e+00 2.502385e-04
3.266667e+00 3.272500e+00 3.278333e+00 2.442597e-04
3.278333e+00 3.284167e+00 3.290000e+00 2.384224e-04
3.290000e+00 3.295833e+00 3.301667e+00 2.327234e-04
3.301667e+00 3.307500e+00 3.313333e+00 2.271594e-04
3.313333e+00 3.319167e+00 3.325000e+00 2.217272e-04
3.325000e+00 3.330833e+00 3.336667e+00 2.164239e-04
3.336667e+00 3.342500e+00 3.348333e+00 2.112463e-04
3.348333e+00 3.354167e+00 3.360000e+00 2.061916e-04
3.360000e+00 3.365833e+00 3.371667e+00 2.012568e-04
3.371667e+00 3.377500e+00 3.383333e+00 1.964392e-04
3.383333e+00 3.389167e+00 3.395000e+00 1.917360e-04
3.395000e+00 3.400833e+00 3.406667e+00 1.871445e-04
3.406667e+00 3.412500e+00 3.418333e+00 1.826622e-04
3.418333e+00 3.424167e+00 3.430000e+00 1.782865e-04
3.430000e+00 3.435833e+00 3.441667e+00 1.740148e-04
3.441667e+00 3.447500e+00 3.453333e+00 1.698447e-04
3.453333e+00 3.459167e+00 3.465000e+00 1.657739e-04
3.465000e+00 3.470833e+00 3.476667e+00 1.617999e-04
3.476667e+00 3.482500e+00 3.488333e+00 1.579206e-04
3.488333e+00 3.494167e+00 3.500000e+00 1.541337e-04
