1.000000e-06 5.834332e-03 1.166766e-02 3.152124e-05
1.166766e-02 1.750099e-02 2.333433e-02 2.566379e-04
2.333433e-02 2.916766e-02 3.500099e-02 6.556117e-04
3.500099e-02 4.083432e-02 4.666765e-02 1.191216e-03
4.666765e-02 5.250099e-02 5.833432e-02 1.834836e-03
5.833432e-02 6.416765e-02 7.000098e-02 2.563504e-03
7.000098e-02 7.583431e-02 8.166764e-02 3.358367e-03
8.166764e-02 8.750097e-02 9.333431e-02 4.203735e-03
9.333431e-02 9.916764e-02 1.050010e-01 5.086435e-03
1.050010e-01 1.108343e-01 1.166676e-01 5.995343e-03
1.166676e-01 1.225010e-01 1.283343e-01 6.921026e-03
1.283343e-01 1.341676e-01 1.400010e-01 7.855470e-03
1.400010e-01 1.458343e-01 1.516676e-01 8.791859e-03
1.516676e-01 1.575010e-01 1.633343e-01 9.724399e-03
1.633343e-01 1.691676e-01 1.750009e-01 1.064817e-02
1.750009e-01 1.808343e-01 1.866676e-01 1.155901e-02
1.866676e-01 1.925009e-01 1.983343e-01 1.245340e-02
1.983343e-01 2.041676e-01 2.100009e-01 1.332839e-02
2.100009e-01 2.158343e-01 2.216676e-01 1.418152e-02
2.216676e-01 2.275009e-01 2.333343e-01 1.501078e-02
2.333343e-01 2.391676e-01 2.450009e-01 1.581449e-02
2.450009e-01 2.508343e-01 2.566676e-01 1.659134e-02
2.566676e-01 2.625009e-01 2.683343e-01 1.734028e-02
2.683343e-01 2.741676e-01 2.800009e-01 1.806051e-02
2.800009e-01 2.858343e-01 2.916676e-01 1.875146e-02
2.916676e-01 2.975009e-01 3.033342e-01 1.941276e-02
3.033342e-01 3.091676e-01 3.150009e-01 2.004417e-02
3.150009e-01 3.208342e-01 3.266676e-01 2.064563e-02
3.266676e-01 3.325009e-01 3.383342e-01 2.121719e-02
3.383342e-01 3.441676e-01 3.500009e-01 2.175901e-02
3.500009e-01 3.558342e-01 3.616676e-01 2.227137e-02
3.616676e-01 3.675009e-01 3.733342e-01 2.275458e-02
3.733342e-01 3.791676e-01 3.850009e-01 2.320908e-02
3.850009e-01 3.908342e-01 3.966676e-01 2.363532e-02
3.966676e-01 4.025009e-01 4.083342e-01 2.403383e-02
4.083342e-01 4.141675e-01 4.200009e-01 2.440518e-02
4.200009e-01 4.258342e-01 4.316675e-01 2.474996e-02
4.316675e-01 4.375009e-01 4.433342e-01 2.506882e-02
4.433342e-01 4.491675e-01 4.550009e-01 2.536239e-02
4.550009e-01 4.608342e-01 4.666675e-01 2.563136e-02
4.666675e-01 4.725009e-01 4.783342e-01 2.587641e-02
4.783342e-01 4.841675e-01 4.900009e-01 2.609824e-02
4.900009e-01 4.958342e-01 5.016675e-01 2.629755e-02
5.016675e-01 5.075009e-01 5.133342e-01 2.647505e-02
5.133342e-01 5.191675e-01 5.250008e-01 2.663145e-02
5.250008e-01 5.308342e-01 5.366675e-01 2.676745e-02
5.366675e-01 5.425008e-01 5.483342e-01 2.688376e-02
5.483342e-01 5.541675e-01 5.600008e-01 2.698107e-02
5.600008e-01 5.658342e-01 5.716675e-01 2.706008e-02
5.716675e-01 5.775008e-01 5.833342e-01 2.712147e-02
5.833342e-01 5.891675e-01 5.950008e-01 2.716590e-02
5.950008e-01 6.008342e-01 6.066675e-01 2.719405e-02
6.066675e-01 6.125008e-01 6.183342e-01 2.720656e-02
6.183342e-01 6.241675e-01 6.300008e-01 2.720408e-02
6.300008e-01 6.358342e-01 6.416675e-01 2.718722e-02
6.416675e-01 6.475008e-01 6.533341e-01 2.715659e-02
6.533341e-01 6.591675e-01 6.650008e-01 2.711281e-02
6.650008e-01 6.708341e-01 6.766675e-01 2.705644e-02
6.766675e-01 6.825008e-01 6.883341e-01 2.698806e-02
6.883341e-01 6.941675e-01 7.000008e-01 2.690822e-02
7.000008e-01 7.058341e-01 7.116675e-01 2.681747e-02
7.116675e-01 7.175008e-01 7.233341e-01 2.671633e-02
7.233341e-01 7.291675e-01 7.350008e-01 2.660531e-02
7.350008e-01 7.408341e-01 7.466675e-01 2.648491e-02
7.466675e-01 7.525008e-01 7.583341e-01 2.635560e-02
7.583341e-01 7.641674e-01 7.700008e-01 2.621786e-02
7.700008e-01 7.758341e-01 7.816674e-01 2.607213e-02
7.816674e-01 7.875008e-01 7.933341e-01 2.591886e-02
7.933341e-01 7.991674e-01 8.050008e-01 2.575846e-02
8.050008e-01 8.108341e-01 8.166674e-01 2.559136e-02
8.166674e-01 8.225008e-01 8.283341e-01 2.541794e-02
8.283341e-01 8.341674e-01 8.400008e-01 2.523859e-02
8.400008e-01 8.458341e-01 8.516674e-01 2.505368e-02
8.516674e-01 8.575008e-01 8.633341e-01 2.486356e-02
8.633341e-01 8.691674e-01 8.750007e-01 2.466859e-02
8.750007e-01 8.808341e-01 8.866674e-01 2.446909e-02
8.866674e-01 8.925007e-01 8.983341e-01 2.426538e-02
8.983341e-01 9.041674e-01 9.100007e-01 2.405777e-02
9.100007e-01 9.158341e-01 9.216674e-01 2.384656e-02
9.216674e-01 9.275007e-01 9.333341e-01 2.363203e-02
9.333341e-01 9.391674e-01 9.450007e-01 2.341446e-02
9.450007e-01 9.508341e-01 9.566674e-01 2.319412e-02
9.566674e-01 9.625007e-01 9.683341e-01 2.297124e-02
9.683341e-01 9.741674e-01 9.800007e-01 2.274609e-02
9.800007e-01 9.858341e-01 9.916674e-01 2.251889e-02
9.916674e-01 9.975007e-01 1.003334e+00 2.228987e-02
1.003334e+00 1.009167e+00 1.015001e+00 2.205924e-02
1.015001e+00 1.020834e+00 1.026667e+00 2.182721e-02
1.026667e+00 1.032501e+00 1.038334e+00 2.159398e-02
1.038334e+00 1.044167e+00 1.050001e+00 2.135973e-02
1.050001e+00 1.055834e+00 1.061667e+00 2.112464e-02
1.061667e+00 1.067501e+00 1.073334e+00 2.088889e-02
1.073334e+00 1.079167e+00 1.085001e+00 2.065265e-02
1.085001e+00 1.090834e+00 1.096667e+00 2.041607e-02
1.096667e+00 1.102501e+00 1.108334e+00 2.017930e-02
1.108334e+00 1.114167e+00 1.120001e+00 1.994248e-02
1.120001e+00 1.125834e+00 1.131667e+00 1.970576e-02
1.131667e+00 1.137501e+00 1.143334e+00 1.946926e-02
1.143334e+00 1.149167e+00 1.155001e+00 1.923310e-02
1.155001e+00 1.160834e+00 1.166667e+00 1.899741e-02
1.166667e+00 1.172501e+00 1.178334e+00 1.876230e-02
1.178334e+00 1.184167e+00 1.190001e+00 1.852786e-02
1.190001e+00 1.195834e+00 1.201667e+00 1.829422e-02
1.201667e+00 1.207501e+00 1.213334e+00 1.806145e-02
1.213334e+00 1.219167e+00 1.225001e+00 1.782966e-02
1.225001e+00 1.230834e+00 1.236667e+00 1.759892e-02
1.236667e+00 1.242501e+00 1.248334e+00 1.736932e-02
1.248334e+00 1.254167e+00 1.260001e+00 1.714093e-02
1.260001e+00 1.265834e+00 1.271667e+00 1.691383e-02
1.271667e+00 1.277501e+00 1.283334e+00 1.668808e-02
1.283334e+00 1.289167e+00 1.295001e+00 1.646376e-02
1.295001e+00 1.300834e+00 1.306667e+00 1.624091e-02
1.306667e+00 1.312501e+00 1.318334e+00 1.601960e-02
1.318334e+00 1.324167e+00 1.330001e+00 1.579988e-02
1.330001e+00 1.335834e+00 1.341667e+00 1.558179e-02
1.341667e+00 1.347501e+00 1.353334e+00 1.536539e-02
1.353334e+00 1.359167e+00 1.365001e+00 1.515071e-02
1.365001e+00 1.370834e+00 1.376667e+00 1.493780e-02
1.376667e+00 1.382501e+00 1.388334e+00 1.472670e-02
1.388334e+00 1.394167e+00 1.400001e+00 1.451743e-02
1.400001e+00 1.405834e+00 1.411667e+00 1.431002e-02
1.411667e+00 1.417501e+00 1.423334e+00 1.410452e-02
1.423334e+00 1.429167e+00 1.435001e+00 1.390094e-02
1.435001e+00 1.440834e+00 1.446667e+00 1.369930e-02
1.446667e+00 1.452501e+00 1.458334e+00 1.349963e-02
1.458334e+00 1.464167e+00 1.470001e+00 1.330195e-02
1.470001e+00 1.475834e+00 1.481667e+00 1.310628e-02
1.481667e+00 1.487501e+00 1.493334e+00 1.291262e-02
1.493334e+00 1.499167e+00 1.505001e+00 1.272100e-02
1.505001e+00 1.510834e+00 1.516667e+00 1.253143e-02
1.516667e+00 1.522501e+00 1.528334e+00 1.234390e-02
1.528334e+00 1.534167e+00 1.540001e+00 1.215844e-02
1.540001e+00 1.545834e+00 1.551667e+00 1.197505e-02
1.551667e+00 1.557501e+00 1.563334e+00 1.179374e-02
1.563334e+00 1.569167e+00 1.575001e+00 1.161450e-02
1.575001e+00 1.580834e+00 1.586667e+00 1.143734e-02
1.586667e+00 1.592501e+00 1.598334e+00 1.126226e-02
1.598334e+00 1.604167e+00 1.610001e+00 1.108926e-02
1.610001e+00 1.615834e+00 1.621667e+00 1.091834e-02
1.621667e+00 1.627501e+00 1.633334e+00 1.074950e-02
1.633334e+00 1.639167e+00 1.645001e+00 1.058272e-02
1.645001e+00 1.650834e+00 1.656667e+00 1.041802e-02
1.656667e+00 1.662501e+00 1.668334e+00 1.025537e-02
1.668334e+00 1.674167e+00 1.680001e+00 1.009478e-02
1.680001e+00 1.685834e+00 1.691667e+00 9.936238e-03
1.691667e+00 1.697501e+00 1.703334e+00 9.779732e-03
1.703334e+00 1.709167e+00 1.715001e+00 9.625256e-03
1.715001e+00 1.720834e+00 1.726667e+00 9.472799e-03
1.726667e+00 1.732501e+00 1.738334e+00 9.322351e-03
1.738334e+00 1.744167e+00 1.750000e+00 9.173900e-03
1.750000e+00 1.755834e+00 1.761667e+00 9.027434e-03
1.761667e+00 1.767500e+00 1.773334e+00 8.882941e-03
1.773334e+00 1.779167e+00 1.785000e+00 8.740408e-03
1.785000e+00 1.790834e+00 1.796667e+00 8.599822e-03
1.796667e+00 1.802500e+00 1.808334e+00 8.461168e-03
1.808334e+00 1.814167e+00 1.820000e+00 8.324432e-03
1.820000e+00 1.825834e+00 1.831667e+00 8.189599e-03
1.831667e+00 1.837500e+00 1.843334e+00 8.056654e-03
1.843334e+00 1.849167e+00 1.855000e+00 7.925582e-03
1.855000e+00 1.860834e+00 1.866667e+00 7.796366e-03
1.866667e+00 1.872500e+00 1.878334e+00 7.668990e-03
1.878334e+00 1.884167e+00 1.890000e+00 7.543438e-03
1.890000e+00 1.895834e+00 1.901667e+00 7.419693e-03
1.901667e+00 1.907500e+00 1.913334e+00 7.297739e-03
1.913334e+00 1.919167e+00 1.925000e+00 7.177557e-03
1.925000e+00 1.930834e+00 1.936667e+00 7.059131e-03
1.936667e+00 1.942500e+00 1.948334e+00 6.942442e-03
1.948334e+00 1.954167e+00 1.960000e+00 6.827474e-03
1.960000e+00 1.965834e+00 1.971667e+00 6.714209e-03
1.971667e+00 1.977500e+00 1.983334e+00 6.602628e-03
1.983334e+00 1.989167e+00 1.995000e+00 6.492714e-03
1.995000e+00 2.000834e+00 2.006667e+00 6.384448e-03
2.006667e+00 2.012500e+00 2.018334e+00 6.277812e-03
2.018334e+00 2.024167e+00 2.030000e+00 6.172789e-03
2.030000e+00 2.035834e+00 2.041667e+00 6.069358e-03
2.041667e+00 2.047500e+00 2.053334e+00 5.967504e-03
2.053334e+00 2.059167e+00 2.065000e+00 5.867206e-03
2.065000e+00 2.070834e+00 2.076667e+00 5.768446e-03
2.076667e+00 2.082500e+00 2.088334e+00 5.671207e-03
2.088334e+00 2.094167e+00 2.100000e+00 5.575470e-03
2.100000e+00 2.105834e+00 2.111667e+00 5.481217e-03
2.111667e+00 2.117500e+00 2.123334e+00 5.388429e-03
2.123334e+00 2.129167e+00 2.135000e+00 5.297088e-03
2.135000e+00 2.140834e+00 2.146667e+00 5.207176e-03
2.146667e+00 2.152500e+00 2.158334e+00 5.118675e-03
2.158334e+00 2.164167e+00 2.170000e+00 5.031566e-03
2.170000e+00 2.175834e+00 2.181667e+00 4.945833e-03
2.181667e+00 2.187500e+00 2.193334e+00 4.861456e-03
2.193334e+00 2.199167e+00 2.205000e+00 4.778419e-03
2.205000e+00 2.210834e+00 2.216667e+00 4.696703e-03
2.216667e+00 2.222500e+00 2.228334e+00 4.616291e-03
2.228334e+00 2.234167e+00 2.240000e+00 4.537165e-03
2.240000e+00 2.245834e+00 2.251667e+00 4.459309e-03
2.251667e+00 2.257500e+00 2.263334e+00 4.382704e-03
2.263334e+00 2.269167e+00 2.275000e+00 4.307333e-03
2.275000e+00 2.280834e+00 2.286667e+00 4.233180e-03
2.286667e+00 2.292500e+00 2.298334e+00 4.160228e-03
2.298334e+00 2.304167e+00 2.310000e+00 4.088460e-03
2.310000e+00 2.315834e+00 2.321667e+00 4.017859e-03
2.321667e+00 2.327500e+00 2.333334e+00 3.948409e-03
2.333334e+00 2.339167e+00 2.345000e+00 3.880093e-03
2.345000e+00 2.350834e+00 2.356667e+00 3.812896e-03
2.356667e+00 2.362500e+00 2.368334e+00 3.746801e-03
2.368334e+00 2.374167e+00 2.380000e+00 3.681792e-03
2.380000e+00 2.385834e+00 2.391667e+00 3.617853e-03
2.391667e+00 2.397500e+00 2.403334e+00 3.554970e-03
2.403334e+00 2.409167e+00 2.415000e+00 3.493126e-03
2.415000e+00 2.420834e+00 2.426667e+00 3.432306e-03
2.426667e+00 2.432500e+00 2.438334e+00 3.372495e-03
2.438334e+00 2.444167e+00 2.450000e+00 3.313678e-03
2.450000e+00 2.455834e+00 2.461667e+00 3.255841e-03
2.461667e+00 2.467500e+00 2.473334e+00 3.198968e-03
2.473334e+00 2.479167e+00 2.485000e+00 3.143045e-03
2.485000e+00 2.490834e+00 2.496667e+00 3.088058e-03
2.496667e+00 2.502500e+00 2.508334e+00 3.033993e-03
2.508334e+00 2.514167e+00 2.520000e+00 2.980835e-03
2.520000e+00 2.525834e+00 2.531667e+00 2.928571e-03
2.531667e+00 2.537500e+00 2.543334e+00 2.877186e-03
2.543334e+00 2.549167e+00 2.555000e+00 2.826669e-03
2.555000e+00 2.560834e+00 2.566667e+00 2.777004e-03
2.566667e+00 2.572500e+00 2.578334e+00 2.728179e-03
2.578334e+00 2.584167e+00 2.590000e+00 2.680181e-03
2.590000e+00 2.595834e+00 2.601667e+00 2.632997e-03
2.601667e+00 2.607500e+00 2.613334e+00 2.586614e-03
2.613334e+00 2.619167e+00 2.625000e+00 2.541020e-03
2.625000e+00 2.630834e+00 2.636667e+00 2.496203e-03
2.636667e+00 2.642500e+00 2.648334e+00 2.452149e-03
2.648334e+00 2.654167e+00 2.660000e+00 2.408847e-03
2.660000e+00 2.665834e+00 2.671667e+00 2.366285e-03
2.671667e+00 2.677500e+00 2.683334e+00 2.324452e-03
2.683334e+00 2.689167e+00 2.695000e+00 2.283335e-03
2.695000e+00 2.700834e+00 2.706667e+00 2.242924e-03
2.706667e+00 2.712500e+00 2.718334e+00 2.203206e-03
2.718334e+00 2.724167e+00 2.730000e+00 2.164171e-03
2.730000e+00 2.735834e+00 2.741667e+00 2.125807e-03
2.741667e+00 2.747500e+00 2.753334e+00 2.088105e-03
2.753334e+00 2.759167e+00 2.765000e+00 2.051053e-03
2.765000e+00 2.770834e+00 2.776667e+00 2.014640e-03
2.776667e+00 2.782500e+00 2.788334e+00 1.978857e-03
2.788334e+00 2.794167e+00 2.800000e+00 1.943693e-03
2.800000e+00 2.805834e+00 2.811667e+00 1.909137e-03
2.811667e+00 2.817500e+00 2.823334e+00 1.875181e-03
2.823334e+00 2.829167e+00 2.835000e+00 1.841813e-03
2.835000e+00 2.840834e+00 2.846667e+00 1.809025e-03
2.846667e+00 2.852500e+00 2.858334e+00 1.776807e-03
2.858334e+00 2.864167e+00 2.870000e+00 1.745149e-03
2.870000e+00 2.875834e+00 2.881667e+00 1.714043e-03
2.881667e+00 2.887500e+00 2.893334e+00 1.683478e-03
2.893334e+00 2.899167e+00 2.905000e+00 1.653447e-03
2.905000e+00 2.910834e+00 2.916667e+00 1.623940e-03
2.916667e+00 2.922500e+00 2.928333e+00 1.594948e-03
2.928333e+00 2.934167e+00 2.940000e+00 1.566464e-03
2.940000e+00 2.945833e+00 2.951667e+00 1.538477e-03
2.951667e+00 2.957500e+00 2.963333e+00 1.510981e-03
2.963333e+00 2.969167e+00 2.975000e+00 1.483967e-03
2.975000e+00 2.980833e+00 2.986667e+00 1.457426e-03
2.986667e+00 2.992500e+00 2.998333e+00 1.431352e-03
2.998333e+00 3.004167e+00 3.010000e+00 1.405735e-03
3.010000e+00 3.015833e+00 3.021667e+00 1.380568e-03
3.021667e+00 3.027500e+00 3.033333e+00 1.355844e-03
3.033333e+00 3.039167e+00 3.045000e+00 1.331556e-03
3.045000e+00 3.050833e+00 3.056667e+00 1.307695e-03
3.056667e+00 3.062500e+00 3.068333e+00 1.284254e-03
3.068333e+00 3.074167e+00 3.080000e+00 1.261227e-03
3.080000e+00 3.085833e+00 3.091667e+00 1.238607e-03
3.091667e+00 3.097500e+00 3.103333e+00 1.216385e-03
3.103333e+00 3.109167e+00 3.115000e+00 1.194557e-03
3.115000e+00 3.120833e+00 3.126667e+00 1.173114e-03
3.126667e+00 3.132500e+00 3.138333e+00 1.152050e-03
3.138333e+00 3.144167e+00 3.150000e+00 1.131360e-03
3.150000e+00 3.155833e+00 3.161667e+00 1.111036e-03
3.161667e+00 3.167500e+00 3.173333e+00 1.091072e-03
3.173333e+00 3.179167e+00 3.185000e+00 1.071462e-03
3.185000e+00 3.190833e+00 3.196667e+00 1.052199e-03
3.196667e+00 3.202500e+00 3.208333e+00 1.033279e-03
3.208333e+00 3.214167e+00 3.220000e+00 1.014695e-03
3.220000e+00 3.225833e+00 3.231667e+00 9.964403e-04
3.231667e+00 3.237500e+00 3.243333e+00 9.785106e-04
3.243333e+00 3.249167e+00 3.255000e+00 9.608998e-04
3.255000e+00 3.260833e+00 3.266667e+00 9.436023e-04
3.266667e+00 3.272500e+00 3.278333e+00 9.266127e-04
3.278333e+00 3.284167e+00 3.290000e+00 9.099257e-04
3.290000e+00 3.295833e+00 3.301667e+00 8.935360e-04
3.301667e+00 3.307500e+00 3.313333e+00 8.774385e-04
3.313333e+00 3.319167e+00 3.325000e+00 8.616280e-04
3.325000e+00 3.330833e+00 3.336667e+00 8.460997e-04
3.336667e+00 3.342500e+00 3.348333e+00 8.308485e-04
3.348333e+00 3.354167e+00 3.360000e+00 8.158696e-04
3.360000e+00 3.365833e+00 3.371667e+00 8.011584e-04
3.371667e+00 3.377500e+00 3.383333e+00 7.867100e-04
3.383333e+00 3.389167e+00 3.395000e+00 7.725199e-04
3.395000e+00 3.400833e+00 3.406667e+00 7.585836e-04
3.406667e+00 3.412500e+00 3.418333e+00 7.448966e-04
3.418333e+00 3.424167e+00 3.430000e+00 7.314547e-04
3.430000e+00 3.435833e+00 3.441667e+00 7.182534e-04
3.441667e+00 3.447500e+00 3.453333e+00 7.052885e-04
3.453333e+00 3.459167e+00 3.465000e+00 6.925559e-04
3.465000e+00 3.470833e+00 3.476667e+00 6.800516e-04
3.476667e+00 3.482500e+00 3.488333e+00 6.677714e-04
3.488333e+00 3.494167e+00 3.500000e+00 6.557115e-04
