1.000000e-06 5.834332e-03 1.166766e-02 3.157861e-05
1.166766e-02 1.750099e-02 2.333433e-02 2.574335e-04
2.333433e-02 2.916766e-02 3.500099e-02 6.581155e-04
3.500099e-02 4.083432e-02 4.666765e-02 1.196328e-03
4.666765e-02 5.250099e-02 5.833432e-02 1.843302e-03
5.833432e-02 6.416765e-02 7.000098e-02 2.575896e-03
7.000098e-02 7.583431e-02 8.166764e-02 3.375082e-03
8.166764e-02 8.750097e-02 9.333431e-02 4.225007e-03
9.333431e-02 9.916764e-02 1.050010e-01 5.112351e-03
1.050010e-01 1.108343e-01 1.166676e-01 6.025857e-03
1.166676e-01 1.225010e-01 1.283343e-01 6.955976e-03
1.283343e-01 1.341676e-01 1.400010e-01 7.894595e-03
1.400010e-01 1.458343e-01 1.516676e-01 8.834814e-03
1.516676e-01 1.575010e-01 1.633343e-01 9.770767e-03
1.633343e-01 1.691676e-01 1.750009e-01 1.069748e-02
1.750009e-01 1.808343e-01 1.866676e-01 1.161073e-02
1.866676e-01 1.925009e-01 1.983343e-01 1.250698e-02
1.983343e-01 2.041676e-01 2.100009e-01 1.338324e-02
2.100009e-01 2.158343e-01 2.216676e-01 1.423704e-02
2.216676e-01 2.275009e-01 2.333343e-01 1.506634e-02
2.333343e-01 2.391676e-01 2.450009e-01 1.586948e-02
2.450009e-01 2.508343e-01 2.566676e-01 1.664512e-02
2.566676e-01 2.625009e-01 2.683343e-01 1.739223e-02
2.683343e-01 2.741676e-01 2.800009e-01 1.811003e-02
2.800009e-01 2.858343e-01 2.916676e-01 1.879795e-02
2.916676e-01 2.975009e-01 3.033342e-01 1.945563e-02
3.033342e-01 3.091676e-01 3.150009e-01 2.008285e-02
3.150009e-01 3.208342e-01 3.266676e-01 2.067957e-02
3.266676e-01 3.325009e-01 3.383342e-01 2.124588e-02
3.383342e-01 3.441676e-01 3.500009e-01 2.178194e-02
3.500009e-01 3.558342e-01 3.616676e-01 2.228805e-02
3.616676e-01 3.675009e-01 3.733342e-01 2.276457e-02
3.733342e-01 3.791676e-01 3.850009e-01 2.321194e-02
3.850009e-01 3.908342e-01 3.966676e-01 2.363066e-02
3.966676e-01 4.025009e-01 4.083342e-01 2.402127e-02
4.083342e-01 4.141675e-01 4.200009e-01 2.438437e-02
4.200009e-01 4.258342e-01 4.316675e-01 2.472059e-02
4.316675e-01 4.375009e-01 4.433342e-01 2.503057e-02
4.433342e-01 4.491675e-01 4.550009e-01 2.531501e-02
4.550009e-01 4.608342e-01 4.666675e-01 2.557460e-02
4.666675e-01 4.725009e-01 4.783342e-01 2.581005e-02
4.783342e-01 4.841675e-01 4.900009e-01 2.602208e-02
4.900009e-01 4.958342e-01 5.016675e-01 2.621142e-02
5.016675e-01 5.075009e-01 5.133342e-01 2.637880e-02
5.133342e-01 5.191675e-01 5.250008e-01 2.652495e-02
5.250008e-01 5.308342e-01 5.366675e-01 2.665061e-02
5.366675e-01 5.425008e-01 5.483342e-01 2.675648e-02
5.483342e-01 5.541675e-01 5.600008e-01 2.684330e-02
5.600008e-01 5.658342e-01 5.716675e-01 2.691176e-02
5.716675e-01 5.775008e-01 5.833342e-01 2.696259e-02
5.833342e-01 5.891675e-01 5.950008e-01 2.699645e-02
5.950008e-01 6.008342e-01 6.066675e-01 2.701403e-02
6.066675e-01 6.125008e-01 6.183342e-01 2.701600e-02
6.183342e-01 6.241675e-01 6.300008e-01 2.700302e-02
6.300008e-01 6.358342e-01 6.416675e-01 2.697571e-02
6.416675e-01 6.475008e-01 6.533341e-01 2.693472e-02
6.533341e-01 6.591675e-01 6.650008e-01 2.688064e-02
6.650008e-01 6.708341e-01 6.766675e-01 2.681407e-02
6.766675e-01 6.825008e-01 6.883341e-01 2.673560e-02
6.883341e-01 6.941675e-01 7.000008e-01 2.664579e-02
7.000008e-01 7.058341e-01 7.116675e-01 2.654520e-02
7.116675e-01 7.175008e-01 7.233341e-01 2.643435e-02
7.233341e-01 7.291675e-01 7.350008e-01 2.631376e-02
7.350008e-01 7.408341e-01 7.466675e-01 2.618394e-02
7.466675e-01 7.525008e-01 7.583341e-01 2.604539e-02
7.583341e-01 7.641674e-01 7.700008e-01 2.589856e-02
7.700008e-01 7.758341e-01 7.816674e-01 2.574393e-02
7.816674e-01 7.875008e-01 7.933341e-01 2.558193e-02
7.933341e-01 7.991674e-01 8.050008e-01 2.541300e-02
8.050008e-01 8.108341e-01 8.166674e-01 2.523755e-02
8.166674e-01 8.225008e-01 8.283341e-01 2.505598e-02
8.283341e-01 8.341674e-01 8.400008e-01 2.486867e-02
8.400008e-01 8.458341e-01 8.516674e-01 2.467601e-02
8.516674e-01 8.575008e-01 8.633341e-01 2.447835e-02
8.633341e-01 8.691674e-01 8.750007e-01 2.427604e-02
8.750007e-01 8.808341e-01 8.866674e-01 2.406941e-02
8.866674e-01 8.925007e-01 8.983341e-01 2.385878e-02
8.983341e-01 9.041674e-01 9.100007e-01 2.364447e-02
9.100007e-01 9.158341e-01 9.216674e-01 2.342678e-02
9.216674e-01 9.275007e-01 9.333341e-01 2.320598e-02
9.333341e-01 9.391674e-01 9.450007e-01 2.298235e-02
9.450007e-01 9.508341e-01 9.566674e-01 2.275616e-02
9.566674e-01 9.625007e-01 9.683341e-01 2.252767e-02
9.683341e-01 9.741674e-01 9.800007e-01 2.229711e-02
9.800007e-01 9.858341e-01 9.916674e-01 2.206471e-02
9.916674e-01 9.975007e-01 1.003334e+00 2.183071e-02
1.003334e+00 1.009167e+00 1.015001e+00 2.159531e-02
1.015001e+00 1.020834e+00 1.026667e+00 2.135872e-02
1.026667e+00 1.032501e+00 1.038334e+00 2.112114e-02
1.038334e+00 1.044167e+00 1.050001e+00 2.088275e-02
1.050001e+00 1.055834e+00 1.061667e+00 2.064374e-02
1.061667e+00 1.067501e+00 1.073334e+00 2.040426e-02
1.073334e+00 1.079167e+00 1.085001e+00 2.016449e-02
1.085001e+00 1.090834e+00 1.096667e+00 1.992459e-02
1.096667e+00 1.102501e+00 1.108334e+00 1.968469e-02
1.108334e+00 1.114167e+00 1.120001e+00 1.944494e-02
1.120001e+00 1.125834e+00 1.131667e+00 1.920548e-02
1.131667e+00 1.137501e+00 1.143334e+00 1.896643e-02
1.143334e+00 1.149167e+00 1.155001e+00 1.872791e-02
1.155001e+00 1.160834e+00 1.166667e+00 1.849004e-02
1.166667e+00 1.172501e+00 1.178334e+00 1.825293e-02
1.178334e+00 1.184167e+00 1.190001e+00 1.801668e-02
1.190001e+00 1.195834e+00 1.201667e+00 1.778139e-02
1.201667e+00 1.207501e+00 1.213334e+00 1.754715e-02
1.213334e+00 1.219167e+00 1.225001e+00 1.731405e-02
1.225001e+00 1.230834e+00 1.236667e+00 1.708217e-02
1.236667e+00 1.242501e+00 1.248334e+00 1.685160e-02
1.248334e+00 1.254167e+00 1.260001e+00 1.662240e-02
1.260001e+00 1.265834e+00 1.271667e+00 1.639464e-02
1.271667e+00 1.277501e+00 1.283334e+00 1.616838e-02
1.283334e+00 1.289167e+00 1.295001e+00 1.594370e-02
1.295001e+00 1.300834e+00 1.306667e+00 1.572064e-02
1.306667e+00 1.312501e+00 1.318334e+00 1.549926e-02
1.318334e+00 1.324167e+00 1.330001e+00 1.527960e-02
1.330001e+00 1.335834e+00 1.341667e+00 1.506172e-02
1.341667e+00 1.347501e+00 1.353334e+00 1.484566e-02
1.353334e+00 1.359167e+00 1.365001e+00 1.463145e-02
1.365001e+00 1.370834e+00 1.376667e+00 1.441913e-02
1.376667e+00 1.382501e+00 1.388334e+00 1.420874e-02
1.388334e+00 1.394167e+00 1.400001e+00 1.400030e-02
1.400001e+00 1.405834e+00 1.411667e+00 1.379385e-02
1.411667e+00 1.417501e+00 1.423334e+00 1.358940e-02
1.423334e+00 1.429167e+00 1.435001e+00 1.338699e-02
1.435001e+00 1.440834e+00 1.446667e+00 1.318664e-02
1.446667e+00 1.452501e+00 1.458334e+00 1.298835e-02
1.458334e+00 1.464167e+00 1.470001e+00 1.279215e-02
1.470001e+00 1.475834e+00 1.481667e+00 1.259805e-02
1.481667e+00 1.487501e+00 1.493334e+00 1.240607e-02
1.493334e+00 1.499167e+00 1.505001e+00 1.221621e-02
1.505001e+00 1.510834e+00 1.516667e+00 1.202849e-02
1.516667e+00 1.522501e+00 1.528334e+00 1.184290e-02
1.528334e+00 1.534167e+00 1.540001e+00 1.165946e-02
1.540001e+00 1.545834e+00 1.551667e+00 1.147817e-02
1.551667e+00 1.557501e+00 1.563334e+00 1.129903e-02
1.563334e+00 1.569167e+00 1.575001e+00 1.112203e-02
1.575001e+00 1.580834e+00 1.586667e+00 1.094719e-02
1.586667e+00 1.592501e+00 1.598334e+00 1.077450e-02
1.598334e+00 1.604167e+00 1.610001e+00 1.060396e-02
1.610001e+00 1.615834e+00 1.621667e+00 1.043555e-02
1.621667e+00 1.627501e+00 1.633334e+00 1.026929e-02
1.633334e+00 1.639167e+00 1.645001e+00 1.010515e-02
1.645001e+00 1.650834e+00 1.656667e+00 9.943132e-03
1.656667e+00 1.662501e+00 1.668334e+00 9.783231e-03
1.668334e+00 1.674167e+00 1.680001e+00 9.625436e-03
1.680001e+00 1.685834e+00 1.691667e+00 9.469735e-03
1.691667e+00 1.697501e+00 1.703334e+00 9.316120e-03
1.703334e+00 1.709167e+00 1.715001e+00 9.164577e-03
1.715001e+00 1.720834e+00 1.726667e+00 9.015096e-03
1.726667e+00 1.732501e+00 1.738334e+00 8.867663e-03
1.738334e+00 1.744167e+00 1.750000e+00 8.722265e-03
1.750000e+00 1.755834e+00 1.761667e+00 8.578888e-03
1.761667e+00 1.767500e+00 1.773334e+00 8.437518e-03
1.773334e+00 1.779167e+00 1.785000e+00 8.298139e-03
1.785000e+00 1.790834e+00 1.796667e+00 8.160737e-03
1.796667e+00 1.802500e+00 1.808334e+00 8.025295e-03
1.808334e+00 1.814167e+00 1.820000e+00 7.891797e-03
1.820000e+00 1.825834e+00 1.831667e+00 7.760227e-03
1.831667e+00 1.837500e+00 1.843334e+00 7.630568e-03
1.843334e+00 1.849167e+00 1.855000e+00 7.502801e-03
1.855000e+00 1.860834e+00 1.866667e+00 7.376911e-03
1.866667e+00 1.872500e+00 1.878334e+00 7.252879e-03
1.878334e+00 1.884167e+00 1.890000e+00 7.130686e-03
1.890000e+00 1.895834e+00 1.901667e+00 7.010316e-03
1.901667e+00 1.907500e+00 1.913334e+00 6.891748e-03
1.913334e+00 1.919167e+00 1.925000e+00 6.774966e-03
1.925000e+00 1.930834e+00 1.936667e+00 6.659949e-03
1.936667e+00 1.942500e+00 1.948334e+00 6.546679e-03
1.948334e+00 1.954167e+00 1.960000e+00 6.435137e-03
1.960000e+00 1.965834e+00 1.971667e+00 6.325304e-03
1.971667e+00 1.977500e+00 1.983334e+00 6.217161e-03
1.983334e+00 1.989167e+00 1.995000e+00 6.110688e-03
1.995000e+00 2.000834e+00 2.006667e+00 6.005866e-03
2.006667e+00 2.012500e+00 2.018334e+00 5.902676e-03
2.018334e+00 2.024167e+00 2.030000e+00 5.801098e-03
2.030000e+00 2.035834e+00 2.041667e+00 5.701114e-03
2.041667e+00 2.047500e+00 2.053334e+00 5.602703e-03
2.053334e+00 2.059167e+00 2.065000e+00 5.505846e-03
2.065000e+00 2.070834e+00 2.076667e+00 5.410524e-03
2.076667e+00 2.082500e+00 2.088334e+00 5.316718e-03
2.088334e+00 2.094167e+00 2.100000e+00 5.224409e-03
2.100000e+00 2.105834e+00 2.111667e+00 5.133577e-03
2.111667e+00 2.117500e+00 2.123334e+00 5.044202e-03
2.123334e+00 2.129167e+00 2.135000e+00 4.956267e-03
2.135000e+00 2.140834e+00 2.146667e+00 4.869752e-03
2.146667e+00 2.152500e+00 2.158334e+00 4.784639e-03
2.158334e+00 2.164167e+00 2.170000e+00 4.700907e-03
2.170000e+00 2.175834e+00 2.181667e+00 4.618540e-03
2.181667e+00 2.187500e+00 2.193334e+00 4.537517e-03
2.193334e+00 2.199167e+00 2.205000e+00 4.457822e-03
2.205000e+00 2.210834e+00 2.216667e+00 4.379435e-03
2.216667e+00 2.222500e+00 2.228334e+00 4.302338e-03
2.228334e+00 2.234167e+00 2.240000e+00 4.226513e-03
2.240000e+00 2.245834e+00 2.251667e+00 4.151942e-03
2.251667e+00 2.257500e+00 2.263334e+00 4.078608e-03
2.263334e+00 2.269167e+00 2.275000e+00 4.006492e-03
2.275000e+00 2.280834e+00 2.286667e+00 3.935578e-03
2.286667e+00 2.292500e+00 2.298334e+00 3.865847e-03
2.298334e+00 2.304167e+00 2.310000e+00 3.797283e-03
2.310000e+00 2.315834e+00 2.321667e+00 3.729869e-03
2.321667e+00 2.327500e+00 2.333334e+00 3.663587e-03
2.333334e+00 2.339167e+00 2.345000e+00 3.598421e-03
2.345000e+00 2.350834e+00 2.356667e+00 3.534354e-03
2.356667e+00 2.362500e+00 2.368334e+00 3.471371e-03
2.368334e+00 2.374167e+00 2.380000e+00 3.409453e-03
2.380000e+00 2.385834e+00 2.391667e+00 3.348587e-03
2.391667e+00 2.397500e+00 2.403334e+00 3.288755e-03
2.403334e+00 2.409167e+00 2.415000e+00 3.229943e-03
2.415000e+00 2.420834e+00 2.426667e+00 3.172133e-03
2.426667e+00 2.432500e+00 2.438334e+00 3.115312e-03
2.438334e+00 2.444167e+00 2.450000e+00 3.059463e-03
2.450000e+00 2.455834e+00 2.461667e+00 3.004572e-03
2.461667e+00 2.467500e+00 2.473334e+00 2.950624e-03
2.473334e+00 2.479167e+00 2.485000e+00 2.897604e-03
2.485000e+00 2.490834e+00 2.496667e+00 2.845498e-03
2.496667e+00 2.502500e+00 2.508334e+00 2.794291e-03
2.508334e+00 2.514167e+00 2.520000e+00 2.743969e-03
2.520000e+00 2.525834e+00 2.531667e+00 2.694518e-03
2.531667e+00 2.537500e+00 2.543334e+00 2.645925e-03
2.543334e+00 2.549167e+00 2.555000e+00 2.598175e-03
2.555000e+00 2.560834e+00 2.566667e+00 2.551255e-03
2.566667e+00 2.572500e+00 2.578334e+00 2.505152e-03
2.578334e+00 2.584167e+00 2.590000e+00 2.459853e-03
2.590000e+00 2.595834e+00 2.601667e+00 2.415345e-03
2.601667e+00 2.607500e+00 2.613334e+00 2.371614e-03
2.613334e+00 2.619167e+00 2.625000e+00 2.328649e-03
2.625000e+00 2.630834e+00 2.636667e+00 2.286437e-03
2.636667e+00 2.642500e+00 2.648334e+00 2.244966e-03
2.648334e+00 2.654167e+00 2.660000e+00 2.204223e-03
2.660000e+00 2.665834e+00 2.671667e+00 2.164196e-03
2.671667e+00 2.677500e+00 2.683334e+00 2.124875e-03
2.683334e+00 2.689167e+00 2.695000e+00 2.086246e-03
2.695000e+00 2.700834e+00 2.706667e+00 2.048300e-03
2.706667e+00 2.712500e+00 2.718334e+00 2.011023e-03
2.718334e+00 2.724167e+00 2.730000e+00 1.974406e-03
2.730000e+00 2.735834e+00 2.741667e+00 1.938438e-03
2.741667e+00 2.747500e+00 2.753334e+00 1.903107e-03
2.753334e+00 2.759167e+00 2.765000e+00 1.868403e-03
2.765000e+00 2.770834e+00 2.776667e+00 1.834315e-03
2.776667e+00 2.782500e+00 2.788334e+00 1.800833e-03
2.788334e+00 2.794167e+00 2.800000e+00 1.767947e-03
2.800000e+00 2.805834e+00 2.811667e+00 1.735647e-03
2.811667e+00 2.817500e+00 2.823334e+00 1.703922e-03
2.823334e+00 2.829167e+00 2.835000e+00 1.672764e-03
2.835000e+00 2.840834e+00 2.846667e+00 1.642162e-03
2.846667e+00 2.852500e+00 2.858334e+00 1.612108e-03
2.858334e+00 2.864167e+00 2.870000e+00 1.582591e-03
2.870000e+00 2.875834e+00 2.881667e+00 1.553603e-03
2.881667e+00 2.887500e+00 2.893334e+00 1.525134e-03
2.893334e+00 2.899167e+00 2.905000e+00 1.497176e-03
2.905000e+00 2.910834e+00 2.916667e+00 1.469720e-03
2.916667e+00 2.922500e+00 2.928333e+00 1.442757e-03
2.928333e+00 2.934167e+00 2.940000e+00 1.416279e-03
2.940000e+00 2.945833e+00 2.951667e+00 1.390278e-03
2.951667e+00 2.957500e+00 2.963333e+00 1.364745e-03
2.963333e+00 2.969167e+00 2.975000e+00 1.339671e-03
2.975000e+00 2.980833e+00 2.986667e+00 1.315051e-03
2.986667e+00 2.992500e+00 2.998333e+00 1.290874e-03
2.998333e+00 3.004167e+00 3.010000e+00 1.267134e-03
3.010000e+00 3.015833e+00 3.021667e+00 1.243823e-03
3.021667e+00 3.027500e+00 3.033333e+00 1.220934e-03
3.033333e+00 3.039167e+00 3.045000e+00 1.198459e-03
3.045000e+00 3.050833e+00 3.056667e+00 1.176391e-03
3.056667e+00 3.062500e+00 3.068333e+00 1.154723e-03
3.068333e+00 3.074167e+00 3.080000e+00 1.133447e-03
3.080000e+00 3.085833e+00 3.091667e+00 1.112558e-03
3.091667e+00 3.097500e+00 3.103333e+00 1.092048e-03
3.103333e+00 3.109167e+00 3.115000e+00 1.071910e-03
3.115000e+00 3.120833e+00 3.126667e+00 1.052139e-03
3.126667e+00 3.132500e+00 3.138333e+00 1.032727e-03
3.138333e+00 3.144167e+00 3.150000e+00 1.013668e-03
3.150000e+00 3.155833e+00 3.161667e+00 9.949566e-04
3.161667e+00 3.167500e+00 3.173333e+00 9.765858e-04
3.173333e+00 3.179167e+00 3.185000e+00 9.585498e-04
3.185000e+00 3.190833e+00 3.196667e+00 9.408426e-04
3.196667e+00 3.202500e+00 3.208333e+00 9.234586e-04
3.208333e+00 3.214167e+00 3.220000e+00 9.063919e-04
3.220000e+00 3.225833e+00 3.231667e+00 8.896368e-04
3.231667e+00 3.237500e+00 3.243333e+00 8.731880e-04
3.243333e+00 3.249167e+00 3.255000e+00 8.570398e-04
3.255000e+00 3.260833e+00 3.266667e+00 8.411869e-04
3.266667e+00 3.272500e+00 3.278333e+00 8.256242e-04
3.278333e+00 3.284167e+00 3.290000e+00 8.103463e-04
3.290000e+00 3.295833e+00 3.301667e+00 7.953483e-04
3.301667e+00 3.307500e+00 3.313333e+00 7.806250e-04
3.313333e+00 3.319167e+00 3.325000e+00 7.661716e-04
3.325000e+00 3.330833e+00 3.336667e+00 7.519833e-04
3.336667e+00 3.342500e+00 3.348333e+00 7.380553e-04
3.348333e+00 3.354167e+00 3.360000e+00 7.243828e-04
3.360000e+00 3.365833e+00 3.371667e+00 7.109615e-04
3.371667e+00 3.377500e+00 3.383333e+00 6.977866e-04
3.383333e+00 3.389167e+00 3.395000e+00 6.848538e-04
3.395000e+00 3.400833e+00 3.406667e+00 6.721587e-04
3.406667e+00 3.412500e+00 3.418333e+00 6.596971e-04
3.418333e+00 3.424167e+00 3.430000e+00 6.474647e-04
3.430000e+00 3.435833e+00 3.441667e+00 6.354574e-04
3.441667e+00 3.447500e+00 3.453333e+00 6.236711e-04
3.453333e+00 3.459167e+00 3.465000e+00 6.121019e-04
3.465000e+00 3.470833e+00 3.476667e+00 6.007457e-04
3.476667e+00 3.482500e+00 3.488333e+00 5.895988e-04
3.488333e+00 3.494167e+00 3.500000e+00 5.786574e-04
