1.000000e-06 5.834332e-03 1.166766e-02 3.171951e-05
1.166766e-02 1.750099e-02 2.333433e-02 2.594162e-04
2.333433e-02 2.916766e-02 3.500099e-02 6.644000e-04
3.500099e-02 4.083432e-02 4.666765e-02 1.209221e-03
4.666765e-02 5.250099e-02 5.833432e-02 1.864739e-03
5.833432e-02 6.416765e-02 7.000098e-02 2.607372e-03
7.000098e-02 7.583431e-02 8.166764e-02 3.417654e-03
8.166764e-02 8.750097e-02 9.333431e-02 4.279316e-03
9.333431e-02 9.916764e-02 1.050010e-01 5.178656e-03
1.050010e-01 1.108343e-01 1.166676e-01 6.104078e-03
1.166676e-01 1.225010e-01 1.283343e-01 7.045735e-03
1.283343e-01 1.341676e-01 1.400010e-01 7.995254e-03
1.400010e-01 1.458343e-01 1.516676e-01 8.945515e-03
1.516676e-01 1.575010e-01 1.633343e-01 9.890467e-03
1.633343e-01 1.691676e-01 1.750009e-01 1.082498e-02
1.750009e-01 1.808343e-01 1.866676e-01 1.174472e-02
1.866676e-01 1.925009e-01 1.983343e-01 1.264603e-02
1.983343e-01 2.041676e-01 2.100009e-01 1.352587e-02
2.100009e-01 2.158343e-01 2.216676e-01 1.438171e-02
2.216676e-01 2.275009e-01 2.333343e-01 1.521147e-02
2.333343e-01 2.391676e-01 2.450009e-01 1.601348e-02
2.450009e-01 2.508343e-01 2.566676e-01 1.678639e-02
2.566676e-01 2.625009e-01 2.683343e-01 1.752920e-02
2.683343e-01 2.741676e-01 2.800009e-01 1.824113e-02
2.800009e-01 2.858343e-01 2.916676e-01 1.892164e-02
2.916676e-01 2.975009e-01 3.033342e-01 1.957042e-02
3.033342e-01 3.091676e-01 3.150009e-01 2.018730e-02
3.150009e-01 3.208342e-01 3.266676e-01 2.077228e-02
3.266676e-01 3.325009e-01 3.383342e-01 2.132550e-02
3.383342e-01 3.441676e-01 3.500009e-01 2.184720e-02
3.500009e-01 3.558342e-01 3.616676e-01 2.233773e-02
3.616676e-01 3.675009e-01 3.733342e-01 2.279752e-02
3.733342e-01 3.791676e-01 3.850009e-01 2.322707e-02
3.850009e-01 3.908342e-01 3.966676e-01 2.362695e-02
3.966676e-01 4.025009e-01 4.083342e-01 2.399778e-02
4.083342e-01 4.141675e-01 4.200009e-01 2.434021e-02
4.200009e-01 4.258342e-01 4.316675e-01 2.465495e-02
4.316675e-01 4.375009e-01 4.433342e-01 2.494271e-02
4.433342e-01 4.491675e-01 4.550009e-01 2.520425e-02
4.550009e-01 4.608342e-01 4.666675e-01 2.544032e-02
4.666675e-01 4.725009e-01 4.783342e-01 2.565171e-02
4.783342e-01 4.841675e-01 4.900009e-01 2.583919e-02
4.900009e-01 4.958342e-01 5.016675e-01 2.600356e-02
5.016675e-01 5.075009e-01 5.133342e-01 2.614561e-02
5.133342e-01 5.191675e-01 5.250008e-01 2.626613e-02
5.250008e-01 5.308342e-01 5.366675e-01 2.636590e-02
5.366675e-01 5.425008e-01 5.483342e-01 2.644570e-02
5.483342e-01 5.541675e-01 5.600008e-01 2.650629e-02
5.600008e-01 5.658342e-01 5.716675e-01 2.654845e-02
5.716675e-01 5.775008e-01 5.833342e-01 2.657291e-02
5.833342e-01 5.891675e-01 5.950008e-01 2.658041e-02
5.950008e-01 6.008342e-01 6.066675e-01 2.657168e-02
6.066675e-01 6.125008e-01 6.183342e-01 2.654743e-02
6.183342e-01 6.241675e-01 6.300008e-01 2.650834e-02
6.300008e-01 6.358342e-01 6.416675e-01 2.645509e-02
6.416675e-01 6.475008e-01 6.533341e-01 2.638835e-02
6.533341e-01 6.591675e-01 6.650008e-01 2.630875e-02
6.650008e-01 6.708341e-01 6.766675e-01 2.621693e-02
6.766675e-01 6.825008e-01 6.883341e-01 2.611350e-02
6.883341e-01 6.941675e-01 7.000008e-01 2.599905e-02
7.000008e-01 7.058341e-01 7.116675e-01 2.587415e-02
7.116675e-01 7.175008e-01 7.233341e-01 2.573936e-02
7.233341e-01 7.291675e-01 7.350008e-01 2.559523e-02
7.350008e-01 7.408341e-01 7.466675e-01 2.544228e-02
7.466675e-01 7.525008e-01 7.583341e-01 2.528102e-02
7.583341e-01 7.641674e-01 7.700008e-01 2.511194e-02
7.700008e-01 7.758341e-01 7.816674e-01 2.493551e-02
7.816674e-01 7.875008e-01 7.933341e-01 2.475219e-02
7.933341e-01 7.991674e-01 8.050008e-01 2.456243e-02
8.050008e-01 8.108341e-01 8.166674e-01 2.436665e-02
8.166674e-01 8.225008e-01 8.283341e-01 2.416525e-02
8.283341e-01 8.341674e-01 8.400008e-01 2.395865e-02
8.400008e-01 8.458341e-01 8.516674e-01 2.374722e-02
8.516674e-01 8.575008e-01 8.633341e-01 2.353132e-02
8.633341e-01 8.691674e-01 8.750007e-01 2.331131e-02
8.750007e-01 8.808341e-01 8.866674e-01 2.308753e-02
8.866674e-01 8.925007e-01 8.983341e-01 2.286030e-02
8.983341e-01 9.041674e-01 9.100007e-01 2.262994e-02
9.100007e-01 9.158341e-01 9.216674e-01 2.239674e-02
9.216674e-01 9.275007e-01 9.333341e-01 2.216100e-02
9.333341e-01 9.391674e-01 9.450007e-01 2.192299e-02
9.450007e-01 9.508341e-01 9.566674e-01 2.168296e-02
9.566674e-01 9.625007e-01 9.683341e-01 2.144119e-02
9.683341e-01 9.741674e-01 9.800007e-01 2.119790e-02
9.800007e-01 9.858341e-01 9.916674e-01 2.095332e-02
9.916674e-01 9.975007e-01 1.003334e+00 2.070768e-02
1.003334e+00 1.009167e+00 1.015001e+00 2.046120e-02
1.015001e+00 1.020834e+00 1.026667e+00 2.021405e-02
1.026667e+00 1.032501e+00 1.038334e+00 1.996645e-02
1.038334e+00 1.044167e+00 1.050001e+00 1.971857e-02
1.050001e+00 1.055834e+00 1.061667e+00 1.947059e-02
1.061667e+00 1.067501e+00 1.073334e+00 1.922266e-02
1.073334e+00 1.079167e+00 1.085001e+00 1.897495e-02
1.085001e+00 1.090834e+00 1.096667e+00 1.872761e-02
1.096667e+00 1.102501e+00 1.108334e+00 1.848078e-02
1.108334e+00 1.114167e+00 1.120001e+00 1.823458e-02
1.120001e+00 1.125834e+00 1.131667e+00 1.798916e-02
1.131667e+00 1.137501e+00 1.143334e+00 1.774462e-02
1.143334e+00 1.149167e+00 1.155001e+00 1.750109e-02
1.155001e+00 1.160834e+00 1.166667e+00 1.725866e-02
1.166667e+00 1.172501e+00 1.178334e+00 1.701744e-02
1.178334e+00 1.184167e+00 1.190001e+00 1.677753e-02
1.190001e+00 1.195834e+00 1.201667e+00 1.653901e-02
1.201667e+00 1.207501e+00 1.213334e+00 1.630198e-02
1.213334e+00 1.219167e+00 1.225001e+00 1.606650e-02
1.225001e+00 1.230834e+00 1.236667e+00 1.583265e-02
1.236667e+00 1.242501e+00 1.248334e+00 1.560050e-02
1.248334e+00 1.254167e+00 1.260001e+00 1.537012e-02
1.260001e+00 1.265834e+00 1.271667e+00 1.514157e-02
1.271667e+00 1.277501e+00 1.283334e+00 1.491489e-02
1.283334e+00 1.289167e+00 1.295001e+00 1.469015e-02
1.295001e+00 1.300834e+00 1.306667e+00 1.446740e-02
1.306667e+00 1.312501e+00 1.318334e+00 1.424666e-02
1.318334e+00 1.324167e+00 1.330001e+00 1.402800e-02
1.330001e+00 1.335834e+00 1.341667e+00 1.381143e-02
1.341667e+00 1.347501e+00 1.353334e+00 1.359701e-02
1.353334e+00 1.359167e+00 1.365001e+00 1.338475e-02
1.365001e+00 1.370834e+00 1.376667e+00 1.317469e-02
1.376667e+00 1.382501e+00 1.388334e+00 1.296684e-02
1.388334e+00 1.394167e+00 1.400001e+00 1.276125e-02
1.400001e+00 1.405834e+00 1.411667e+00 1.255791e-02
1.411667e+00 1.417501e+00 1.423334e+00 1.235685e-02
1.423334e+00 1.429167e+00 1.435001e+00 1.215809e-02
1.435001e+00 1.440834e+00 1.446667e+00 1.196163e-02
1.446667e+00 1.452501e+00 1.458334e+00 1.176749e-02
1.458334e+00 1.464167e+00 1.470001e+00 1.157567e-02
1.470001e+00 1.475834e+00 1.481667e+00 1.138618e-02
1.481667e+00 1.487501e+00 1.493334e+00 1.119903e-02
1.493334e+00 1.499167e+00 1.505001e+00 1.101422e-02
1.505001e+00 1.510834e+00 1.516667e+00 1.083175e-02
1.516667e+00 1.522501e+00 1.528334e+00 1.065161e-02
1.528334e+00 1.534167e+00 1.540001e+00 1.047381e-02
1.540001e+00 1.545834e+00 1.551667e+00 1.029834e-02
1.551667e+00 1.557501e+00 1.563334e+00 1.012520e-02
1.563334e+00 1.569167e+00 1.575001e+00 9.954381e-03
1.575001e+00 1.580834e+00 1.586667e+00 9.785874e-03
1.586667e+00 1.592501e+00 1.598334e+00 9.619672e-03
1.598334e+00 1.604167e+00 1.610001e+00 9.455764e-03
1.610001e+00 1.615834e+00 1.621667e+00 9.294141e-03
1.621667e+00 1.627501e+00 1.633334e+00 9.134790e-03
1.633334e+00 1.639167e+00 1.645001e+00 8.977699e-03
1.645001e+00 1.650834e+00 1.656667e+00 8.822855e-03
1.656667e+00 1.662501e+00 1.668334e+00 8.670243e-03
1.668334e+00 1.674167e+00 1.680001e+00 8.519847e-03
1.680001e+00 1.685834e+00 1.691667e+00 8.371654e-03
1.691667e+00 1.697501e+00 1.703334e+00 8.225645e-03
1.703334e+00 1.709167e+00 1.715001e+00 8.081805e-03
1.715001e+00 1.720834e+00 1.726667e+00 7.940115e-03
1.726667e+00 1.732501e+00 1.738334e+00 7.800557e-03
1.738334e+00 1.744167e+00 1.750000e+00 7.663114e-03
1.750000e+00 1.755834e+00 1.761667e+00 7.527766e-03
1.761667e+00 1.767500e+00 1.773334e+00 7.394494e-03
1.773334e+00 1.779167e+00 1.785000e+00 7.263278e-03
1.785000e+00 1.790834e+00 1.796667e+00 7.134098e-03
1.796667e+00 1.802500e+00 1.808334e+00 7.006933e-03
1.808334e+00 1.814167e+00 1.820000e+00 6.881763e-03
1.820000e+00 1.825834e+00 1.831667e+00 6.758568e-03
1.831667e+00 1.837500e+00 1.843334e+00 6.637325e-03
1.843334e+00 1.849167e+00 1.855000e+00 6.518013e-03
1.855000e+00 1.860834e+00 1.866667e+00 6.400612e-03
1.866667e+00 1.872500e+00 1.878334e+00 6.285098e-03
1.878334e+00 1.884167e+00 1.890000e+00 6.171451e-03
1.890000e+00 1.895834e+00 1.901667e+00 6.059649e-03
1.901667e+00 1.907500e+00 1.913334e+00 5.949669e-03
1.913334e+00 1.919167e+00 1.925000e+00 5.841490e-03
1.925000e+00 1.930834e+00 1.936667e+00 5.735089e-03
1.936667e+00 1.942500e+00 1.948334e+00 5.630444e-03
1.948334e+00 1.954167e+00 1.960000e+00 5.527534e-03
1.960000e+00 1.965834e+00 1.971667e+00 5.426335e-03
1.971667e+00 1.977500e+00 1.983334e+00 5.326826e-03
1.983334e+00 1.989167e+00 1.995000e+00 5.228984e-03
1.995000e+00 2.000834e+00 2.006667e+00 5.132788e-03
2.006667e+00 2.012500e+00 2.018334e+00 5.038216e-03
2.018334e+00 2.024167e+00 2.030000e+00 4.945245e-03
2.030000e+00 2.035834e+00 2.041667e+00 4.853854e-03
2.041667e+00 2.047500e+00 2.053334e+00 4.764021e-03
2.053334e+00 2.059167e+00 2.065000e+00 4.675724e-03
2.065000e+00 2.070834e+00 2.076667e+00 4.588942e-03
2.076667e+00 2.082500e+00 2.088334e+00 4.503653e-03
2.088334e+00 2.094167e+00 2.100000e+00 4.419835e-03
2.100000e+00 2.105834e+00 2.111667e+00 4.337469e-03
2.111667e+00 2.117500e+00 2.123334e+00 4.256532e-03
2.123334e+00 2.129167e+00 2.135000e+00 4.177003e-03
2.135000e+00 2.140834e+00 2.146667e+00 4.098863e-03
2.146667e+00 2.152500e+00 2.158334e+00 4.022090e-03
2.158334e+00 2.164167e+00 2.170000e+00 3.946663e-03
2.170000e+00 2.175834e+00 2.181667e+00 3.872564e-03
2.181667e+00 2.187500e+00 2.193334e+00 3.799770e-03
2.193334e+00 2.199167e+00 2.205000e+00 3.728264e-03
2.205000e+00 2.210834e+00 2.216667e+00 3.658024e-03
2.216667e+00 2.222500e+00 2.228334e+00 3.589031e-03
2.228334e+00 2.234167e+00 2.240000e+00 3.521266e-03
2.240000e+00 2.245834e+00 2.251667e+00 3.454711e-03
2.251667e+00 2.257500e+00 2.263334e+00 3.389345e-03
2.263334e+00 2.269167e+00 2.275000e+00 3.325150e-03
2.275000e+00 2.280834e+00 2.286667e+00 3.262107e-03
2.286667e+00 2.292500e+00 2.298334e+00 3.200199e-03
2.298334e+00 2.304167e+00 2.310000e+00 3.139406e-03
2.310000e+00 2.315834e+00 2.321667e+00 3.079712e-03
2.321667e+00 2.327500e+00 2.333334e+00 3.021098e-03
2.333334e+00 2.339167e+00 2.345000e+00 2.963546e-03
2.345000e+00 2.350834e+00 2.356667e+00 2.907040e-03
2.356667e+00 2.362500e+00 2.368334e+00 2.851562e-03
2.368334e+00 2.374167e+00 2.380000e+00 2.797096e-03
2.380000e+00 2.385834e+00 2.391667e+00 2.743624e-03
2.391667e+00 2.397500e+00 2.403334e+00 2.691130e-03
2.403334e+00 2.409167e+00 2.415000e+00 2.639598e-03
2.415000e+00 2.420834e+00 2.426667e+00 2.589012e-03
2.426667e+00 2.432500e+00 2.438334e+00 2.539356e-03
2.438334e+00 2.444167e+00 2.450000e+00 2.490614e-03
2.450000e+00 2.455834e+00 2.461667e+00 2.442771e-03
2.461667e+00 2.467500e+00 2.473334e+00 2.395812e-03
2.473334e+00 2.479167e+00 2.485000e+00 2.349721e-03
2.485000e+00 2.490834e+00 2.496667e+00 2.304484e-03
2.496667e+00 2.502500e+00 2.508334e+00 2.260087e-03
2.508334e+00 2.514167e+00 2.520000e+00 2.216514e-03
2.520000e+00 2.525834e+00 2.531667e+00 2.173751e-03
2.531667e+00 2.537500e+00 2.543334e+00 2.131786e-03
2.543334e+00 2.549167e+00 2.555000e+00 2.090603e-03
2.555000e+00 2.560834e+00 2.566667e+00 2.050189e-03
2.566667e+00 2.572500e+00 2.578334e+00 2.010531e-03
2.578334e+00 2.584167e+00 2.590000e+00 1.971615e-03
2.590000e+00 2.595834e+00 2.601667e+00 1.933429e-03
2.601667e+00 2.607500e+00 2.613334e+00 1.895960e-03
2.613334e+00 2.619167e+00 2.625000e+00 1.859195e-03
2.625000e+00 2.630834e+00 2.636667e+00 1.823122e-03
2.636667e+00 2.642500e+00 2.648334e+00 1.787728e-03
2.648334e+00 2.654167e+00 2.660000e+00 1.753002e-03
2.660000e+00 2.665834e+00 2.671667e+00 1.718931e-03
2.671667e+00 2.677500e+00 2.683334e+00 1.685504e-03
2.683334e+00 2.689167e+00 2.695000e+00 1.652710e-03
2.695000e+00 2.700834e+00 2.706667e+00 1.620537e-03
2.706667e+00 2.712500e+00 2.718334e+00 1.588974e-03
2.718334e+00 2.724167e+00 2.730000e+00 1.558009e-03
2.730000e+00 2.735834e+00 2.741667e+00 1.527633e-03
2.741667e+00 2.747500e+00 2.753334e+00 1.497835e-03
2.753334e+00 2.759167e+00 2.765000e+00 1.468603e-03
2.765000e+00 2.770834e+00 2.776667e+00 1.439929e-03
2.776667e+00 2.782500e+00 2.788334e+00 1.411802e-03
2.788334e+00 2.794167e+00 2.800000e+00 1.384211e-03
2.800000e+00 2.805834e+00 2.811667e+00 1.357147e-03
2.811667e+00 2.817500e+00 2.823334e+00 1.330601e-03
2.823334e+00 2.829167e+00 2.835000e+00 1.304563e-03
2.835000e+00 2.840834e+00 2.846667e+00 1.279023e-03
2.846667e+00 2.852500e+00 2.858334e+00 1.253973e-03
2.858334e+00 2.864167e+00 2.870000e+00 1.229404e-03
2.870000e+00 2.875834e+00 2.881667e+00 1.205306e-03
2.881667e+00 2.887500e+00 2.893334e+00 1.181672e-03
2.893334e+00 2.899167e+00 2.905000e+00 1.158492e-03
2.905000e+00 2.910834e+00 2.916667e+00 1.135758e-03
2.916667e+00 2.922500e+00 2.928333e+00 1.113462e-03
2.928333e+00 2.934167e+00 2.940000e+00 1.091595e-03
2.940000e+00 2.945833e+00 2.951667e+00 1.070150e-03
2.951667e+00 2.957500e+00 2.963333e+00 1.049119e-03
2.963333e+00 2.969167e+00 2.975000e+00 1.028495e-03
2.975000e+00 2.980833e+00 2.986667e+00 1.008268e-03
2.986667e+00 2.992500e+00 2.998333e+00 9.884336e-04
2.998333e+00 3.004167e+00 3.010000e+00 9.689825e-04
3.010000e+00 3.015833e+00 3.021667e+00 9.499080e-04
3.021667e+00 3.027500e+00 3.033333e+00 9.312032e-04
3.033333e+00 3.039167e+00 3.045000e+00 9.128611e-04
3.045000e+00 3.050833e+00 3.056667e+00 8.948748e-04
3.056667e+00 3.062500e+00 3.068333e+00 8.772377e-04
3.068333e+00 3.074167e+00 3.080000e+00 8.599432e-04
3.080000e+00 3.085833e+00 3.091667e+00 8.429848e-04
3.091667e+00 3.097500e+00 3.103333e+00 8.263561e-04
3.103333e+00 3.109167e+00 3.115000e+00 8.100511e-04
3.115000e+00 3.120833e+00 3.126667e+00 7.940635e-04
3.126667e+00 3.132500e+00 3.138333e+00 7.783872e-04
3.138333e+00 3.144167e+00 3.150000e+00 7.630166e-04
3.150000e+00 3.155833e+00 3.161667e+00 7.479456e-04
3.161667e+00 3.167500e+00 3.173333e+00 7.331686e-04
3.173333e+00 3.179167e+00 3.185000e+00 7.186801e-04
3.185000e+00 3.190833e+00 3.196667e+00 7.044746e-04
3.196667e+00 3.202500e+00 3.208333e+00 6.905466e-04
3.208333e+00 3.214167e+00 3.220000e+00 6.768908e-04
3.220000e+00 3.225833e+00 3.231667e+00 6.635021e-04
3.231667e+00 3.237500e+00 3.243333e+00 6.503754e-04
3.243333e+00 3.249167e+00 3.255000e+00 6.375056e-04
3.255000e+00 3.260833e+00 3.266667e+00 6.248879e-04
3.266667e+00 3.272500e+00 3.278333e+00 6.125174e-04
3.278333e+00 3.284167e+00 3.290000e+00 6.003893e-04
3.290000e+00 3.295833e+00 3.301667e+00 5.884991e-04
3.301667e+00 3.307500e+00 3.313333e+00 5.768421e-04
3.313333e+00 3.319167e+00 3.325000e+00 5.654139e-04
3.325000e+00 3.330833e+00 3.336667e+00 5.542100e-04
3.336667e+00 3.342500e+00 3.348333e+00 5.432262e-04
3.348333e+00 3.354167e+00 3.360000e+00 5.324582e-04
3.360000e+00 3.365833e+00 3.371667e+00 5.219018e-04
3.371667e+00 3.377500e+00 3.383333e+00 5.115530e-04
3.383333e+00 3.389167e+00 3.395000e+00 5.014078e-04
3.395000e+00 3.400833e+00 3.406667e+00 4.914622e-04
3.406667e+00 3.412500e+00 3.418333e+00 4.817123e-04
3.418333e+00 3.424167e+00 3.430000e+00 4.721544e-04
3.430000e+00 3.435833e+00 3.441667e+00 4.627848e-04
3.441667e+00 3.447500e+00 3.453333e+00 4.535998e-04
3.453333e+00 3.459167e+00 3.465000e+00 4.445958e-04
3.465000e+00 3.470833e+00 3.476667e+00 4.357694e-04
3.476667e+00 3.482500e+00 3.488333e+00 4.271170e-04
3.488333e+00 3.494167e+00 3.500000e+00 4.186354e-04
