1.000000e-06 5.834332e-03 1.166766e-02 3.247125e-05
1.166766e-02 1.750099e-02 2.333433e-02 2.708047e-04
2.333433e-02 2.916766e-02 3.500099e-02 7.018871e-04
3.500099e-02 4.083432e-02 4.666765e-02 1.288179e-03
4.666765e-02 5.250099e-02 5.833432e-02 1.998710e-03
5.833432e-02 6.416765e-02 7.000098e-02 2.807412e-03
7.000098e-02 7.583431e-02 8.166764e-02 3.692123e-03
8.166764e-02 8.750097e-02 9.333431e-02 4.633904e-03
9.333431e-02 9.916764e-02 1.050010e-01 5.616526e-03
1.050010e-01 1.108343e-01 1.166676e-01 6.626069e-03
1.166676e-01 1.225010e-01 1.283343e-01 7.650598e-03
1.283343e-01 1.341676e-01 1.400010e-01 8.679895e-03
1.400010e-01 1.458343e-01 1.516676e-01 9.705236e-03
1.516676e-01 1.575010e-01 1.633343e-01 1.071920e-02
1.633343e-01 1.691676e-01 1.750009e-01 1.171549e-02
1.750009e-01 1.808343e-01 1.866676e-01 1.268885e-02
1.866676e-01 1.925009e-01 1.983343e-01 1.363484e-02
1.983343e-01 2.041676e-01 2.100009e-01 1.454983e-02
2.100009e-01 2.158343e-01 2.216676e-01 1.543087e-02
2.216676e-01 2.275009e-01 2.333343e-01 1.627557e-02
2.333343e-01 2.391676e-01 2.450009e-01 1.708208e-02
2.450009e-01 2.508343e-01 2.566676e-01 1.784901e-02
2.566676e-01 2.625009e-01 2.683343e-01 1.857537e-02
2.683343e-01 2.741676e-01 2.800009e-01 1.926051e-02
2.800009e-01 2.858343e-01 2.916676e-01 1.990408e-02
2.916676e-01 2.975009e-01 3.033342e-01 2.050601e-02
3.033342e-01 3.091676e-01 3.150009e-01 2.106645e-02
3.150009e-01 3.208342e-01 3.266676e-01 2.158576e-02
3.266676e-01 3.325009e-01 3.383342e-01 2.206445e-02
3.383342e-01 3.441676e-01 3.500009e-01 2.250319e-02
3.500009e-01 3.558342e-01 3.616676e-01 2.290278e-02
3.616676e-01 3.675009e-01 3.733342e-01 2.326410e-02
3.733342e-01 3.791676e-01 3.850009e-01 2.358813e-02
3.850009e-01 3.908342e-01 3.966676e-01 2.387593e-02
3.966676e-01 4.025009e-01 4.083342e-01 2.412860e-02
4.083342e-01 4.141675e-01 4.200009e-01 2.434729e-02
4.200009e-01 4.258342e-01 4.316675e-01 2.453320e-02
4.316675e-01 4.375009e-01 4.433342e-01 2.468752e-02
4.433342e-01 4.491675e-01 4.550009e-01 2.481149e-02
4.550009e-01 4.608342e-01 4.666675e-01 2.490634e-02
4.666675e-01 4.725009e-01 4.783342e-01 2.497331e-02
4.783342e-01 4.841675e-01 4.900009e-01 2.501362e-02
4.900009e-01 4.958342e-01 5.016675e-01 2.502851e-02
5.016675e-01 5.075009e-01 5.133342e-01 2.501919e-02
5.133342e-01 5.191675e-01 5.250008e-01 2.498684e-02
5.250008e-01 5.308342e-01 5.366675e-01 2.493265e-02
5.366675e-01 5.425008e-01 5.483342e-01 2.485776e-02
5.483342e-01 5.541675e-01 5.600008e-01 2.476331e-02
5.600008e-01 5.658342e-01 5.716675e-01 2.465040e-02
5.716675e-01 5.775008e-01 5.833342e-01 2.452009e-02
5.833342e-01 5.891675e-01 5.950008e-01 2.437345e-02
5.950008e-01 6.008342e-01 6.066675e-01 2.421146e-02
6.066675e-01 6.125008e-01 6.183342e-01 2.403513e-02
6.183342e-01 6.241675e-01 6.300008e-01 2.384540e-02
6.300008e-01 6.358342e-01 6.416675e-01 2.364320e-02
6.416675e-01 6.475008e-01 6.533341e-01 2.342939e-02
6.533341e-01 6.591675e-01 6.650008e-01 2.320485e-02
6.650008e-01 6.708341e-01 6.766675e-01 2.297040e-02
6.766675e-01 6.825008e-01 6.883341e-01 2.272682e-02
6.883341e-01 6.941675e-01 7.000008e-01 2.247488e-02
7.000008e-01 7.058341e-01 7.116675e-01 2.221531e-02
7.116675e-01 7.175008e-01 7.233341e-01 2.194879e-02
7.233341e-01 7.291675e-01 7.350008e-01 2.167601e-02
7.350008e-01 7.408341e-01 7.466675e-01 2.139759e-02
7.466675e-01 7.525008e-01 7.583341e-01 2.111416e-02
7.583341e-01 7.641674e-01 7.700008e-01 2.082628e-02
7.700008e-01 7.758341e-01 7.816674e-01 2.053452e-02
7.816674e-01 7.875008e-01 7.933341e-01 2.023939e-02
7.933341e-01 7.991674e-01 8.050008e-01 1.994141e-02
8.050008e-01 8.108341e-01 8.166674e-01 1.964105e-02
8.166674e-01 8.225008e-01 8.283341e-01 1.933875e-02
8.283341e-01 8.341674e-01 8.400008e-01 1.903495e-02
8.400008e-01 8.458341e-01 8.516674e-01 1.873005e-02
8.516674e-01 8.575008e-01 8.633341e-01 1.842444e-02
8.633341e-01 8.691674e-01 8.750007e-01 1.811846e-02
8.750007e-01 8.808341e-01 8.866674e-01 1.781248e-02
8.866674e-01 8.925007e-01 8.983341e-01 1.750679e-02
8.983341e-01 9.041674e-01 9.100007e-01 1.720172e-02
9.100007e-01 9.158341e-01 9.216674e-01 1.689753e-02
9.216674e-01 9.275007e-01 9.333341e-01 1.659450e-02
9.333341e-01 9.391674e-01 9.450007e-01 1.629287e-02
9.450007e-01 9.508341e-01 9.566674e-01 1.599288e-02
9.566674e-01 9.625007e-01 9.683341e-01 1.569473e-02
9.683341e-01 9.741674e-01 9.800007e-01 1.539864e-02
9.800007e-01 9.858341e-01 9.916674e-01 1.510479e-02
9.916674e-01 9.975007e-01 1.003334e+00 1.481335e-02
1.003334e+00 1.009167e+00 1.015001e+00 1.452448e-02
1.015001e+00 1.020834e+00 1.026667e+00 1.423833e-02
1.026667e+00 1.032501e+00 1.038334e+00 1.395504e-02
1.038334e+00 1.044167e+00 1.050001e+00 1.367473e-02
1.050001e+00 1.055834e+00 1.061667e+00 1.339752e-02
1.061667e+00 1.067501e+00 1.073334e+00 1.312350e-02
1.073334e+00 1.079167e+00 1.085001e+00 1.285277e-02
1.085001e+00 1.090834e+00 1.096667e+00 1.258542e-02
1.096667e+00 1.102501e+00 1.108334e+00 1.232152e-02
1.108334e+00 1.114167e+00 1.120001e+00 1.206114e-02
1.120001e+00 1.125834e+00 1.131667e+00 1.180433e-02
1.131667e+00 1.137501e+00 1.143334e+00 1.155115e-02
1.143334e+00 1.149167e+00 1.155001e+00 1.130165e-02
1.155001e+00 1.160834e+00 1.166667e+00 1.105585e-02
1.166667e+00 1.172501e+00 1.178334e+00 1.081380e-02
1.178334e+00 1.184167e+00 1.190001e+00 1.057551e-02
1.190001e+00 1.195834e+00 1.201667e+00 1.034100e-02
1.201667e+00 1.207501e+00 1.213334e+00 1.011030e-02
1.213334e+00 1.219167e+00 1.225001e+00 9.883401e-03
1.225001e+00 1.230834e+00 1.236667e+00 9.660317e-03
1.236667e+00 1.242501e+00 1.248334e+00 9.441046e-03
1.248334e+00 1.254167e+00 1.260001e+00 9.225584e-03
1.260001e+00 1.265834e+00 1.271667e+00 9.013921e-03
1.271667e+00 1.277501e+00 1.283334e+00 8.806047e-03
1.283334e+00 1.289167e+00 1.295001e+00 8.601946e-03
1.295001e+00 1.300834e+00 1.306667e+00 8.401599e-03
1.306667e+00 1.312501e+00 1.318334e+00 8.204985e-03
1.318334e+00 1.324167e+00 1.330001e+00 8.012081e-03
1.330001e+00 1.335834e+00 1.341667e+00 7.822859e-03
1.341667e+00 1.347501e+00 1.353334e+00 7.637290e-03
1.353334e+00 1.359167e+00 1.365001e+00 7.455343e-03
1.365001e+00 1.370834e+00 1.376667e+00 7.276986e-03
1.376667e+00 1.382501e+00 1.388334e+00 7.102182e-03
1.388334e+00 1.394167e+00 1.400001e+00 6.930895e-03
1.400001e+00 1.405834e+00 1.411667e+00 6.763086e-03
1.411667e+00 1.417501e+00 1.423334e+00 6.598717e-03
1.423334e+00 1.429167e+00 1.435001e+00 6.437746e-03
1.435001e+00 1.440834e+00 1.446667e+00 6.280132e-03
1.446667e+00 1.452501e+00 1.458334e+00 6.125830e-03
1.458334e+00 1.464167e+00 1.470001e+00 5.974797e-03
1.470001e+00 1.475834e+00 1.481667e+00 5.826989e-03
1.481667e+00 1.487501e+00 1.493334e+00 5.682360e-03
1.493334e+00 1.499167e+00 1.505001e+00 5.540863e-03
1.505001e+00 1.510834e+00 1.516667e+00 5.402452e-03
1.516667e+00 1.522501e+00 1.528334e+00 5.267081e-03
1.528334e+00 1.534167e+00 1.540001e+00 5.134701e-03
1.540001e+00 1.545834e+00 1.551667e+00 5.005266e-03
1.551667e+00 1.557501e+00 1.563334e+00 4.878727e-03
1.563334e+00 1.569167e+00 1.575001e+00 4.755037e-03
1.575001e+00 1.580834e+00 1.586667e+00 4.634147e-03
1.586667e+00 1.592501e+00 1.598334e+00 4.516010e-03
1.598334e+00 1.604167e+00 1.610001e+00 4.400577e-03
1.610001e+00 1.615834e+00 1.621667e+00 4.287801e-03
1.621667e+00 1.627501e+00 1.633334e+00 4.177634e-03
1.633334e+00 1.639167e+00 1.645001e+00 4.070028e-03
1.645001e+00 1.650834e+00 1.656667e+00 3.964936e-03
1.656667e+00 1.662501e+00 1.668334e+00 3.862311e-03
1.668334e+00 1.674167e+00 1.680001e+00 3.762107e-03
1.680001e+00 1.685834e+00 1.691667e+00 3.664276e-03
1.691667e+00 1.697501e+00 1.703334e+00 3.568773e-03
1.703334e+00 1.709167e+00 1.715001e+00 3.475553e-03
1.715001e+00 1.720834e+00 1.726667e+00 3.384569e-03
1.726667e+00 1.732501e+00 1.738334e+00 3.295778e-03
1.738334e+00 1.744167e+00 1.750000e+00 3.209135e-03
1.750000e+00 1.755834e+00 1.761667e+00 3.124595e-03
1.761667e+00 1.767500e+00 1.773334e+00 3.042117e-03
1.773334e+00 1.779167e+00 1.785000e+00 2.961656e-03
1.785000e+00 1.790834e+00 1.796667e+00 2.883171e-03
1.796667e+00 1.802500e+00 1.808334e+00 2.806620e-03
1.808334e+00 1.814167e+00 1.820000e+00 2.731962e-03
1.820000e+00 1.825834e+00 1.831667e+00 2.659156e-03
1.831667e+00 1.837500e+00 1.843334e+00 2.588163e-03
1.843334e+00 1.849167e+00 1.855000e+00 2.518942e-03
1.855000e+00 1.860834e+00 1.866667e+00 2.451455e-03
1.866667e+00 1.872500e+00 1.878334e+00 2.385664e-03
1.878334e+00 1.884167e+00 1.890000e+00 2.321530e-03
1.890000e+00 1.895834e+00 1.901667e+00 2.259018e-03
1.901667e+00 1.907500e+00 1.913334e+00 2.198091e-03
1.913334e+00 1.919167e+00 1.925000e+00 2.138712e-03
1.925000e+00 1.930834e+00 1.936667e+00 2.080847e-03
1.936667e+00 1.942500e+00 1.948334e+00 2.024461e-03
1.948334e+00 1.954167e+00 1.960000e+00 1.969520e-03
1.960000e+00 1.965834e+00 1.971667e+00 1.915990e-03
1.971667e+00 1.977500e+00 1.983334e+00 1.863839e-03
1.983334e+00 1.989167e+00 1.995000e+00 1.813035e-03
1.995000e+00 2.000834e+00 2.006667e+00 1.763546e-03
2.006667e+00 2.012500e+00 2.018334e+00 1.715341e-03
2.018334e+00 2.024167e+00 2.030000e+00 1.668389e-03
2.030000e+00 2.035834e+00 2.041667e+00 1.622662e-03
2.041667e+00 2.047500e+00 2.053334e+00 1.578129e-03
2.053334e+00 2.059167e+00 2.065000e+00 1.534761e-03
2.065000e+00 2.070834e+00 2.076667e+00 1.492532e-03
2.076667e+00 2.082500e+00 2.088334e+00 1.451413e-03
2.088334e+00 2.094167e+00 2.100000e+00 1.411378e-03
2.100000e+00 2.105834e+00 2.111667e+00 1.372399e-03
2.111667e+00 2.117500e+00 2.123334e+00 1.334452e-03
2.123334e+00 2.129167e+00 2.135000e+00 1.297510e-03
2.135000e+00 2.140834e+00 2.146667e+00 1.261550e-03
2.146667e+00 2.152500e+00 2.158334e+00 1.226546e-03
2.158334e+00 2.164167e+00 2.170000e+00 1.192476e-03
2.170000e+00 2.175834e+00 2.181667e+00 1.159315e-03
2.181667e+00 2.187500e+00 2.193334e+00 1.127041e-03
2.193334e+00 2.199167e+00 2.205000e+00 1.095632e-03
2.205000e+00 2.210834e+00 2.216667e+00 1.065067e-03
2.216667e+00 2.222500e+00 2.228334e+00 1.035323e-03
2.228334e+00 2.234167e+00 2.240000e+00 1.006381e-03
2.240000e+00 2.245834e+00 2.251667e+00 9.782188e-04
2.251667e+00 2.257500e+00 2.263334e+00 9.508180e-04
2.263334e+00 2.269167e+00 2.275000e+00 9.241589e-04
2.275000e+00 2.280834e+00 2.286667e+00 8.982223e-04
2.286667e+00 2.292500e+00 2.298334e+00 8.729899e-04
2.298334e+00 2.304167e+00 2.310000e+00 8.484434e-04
2.310000e+00 2.315834e+00 2.321667e+00 8.245653e-04
2.321667e+00 2.327500e+00 2.333334e+00 8.013382e-04
2.333334e+00 2.339167e+00 2.345000e+00 7.787454e-04
2.345000e+00 2.350834e+00 2.356667e+00 7.567703e-04
2.356667e+00 2.362500e+00 2.368334e+00 7.353970e-04
2.368334e+00 2.374167e+00 2.380000e+00 7.146096e-04
2.380000e+00 2.385834e+00 2.391667e+00 6.943929e-04
2.391667e+00 2.397500e+00 2.403334e+00 6.747319e-04
2.403334e+00 2.409167e+00 2.415000e+00 6.556121e-04
2.415000e+00 2.420834e+00 2.426667e+00 6.370193e-04
2.426667e+00 2.432500e+00 2.438334e+00 6.189394e-04
2.438334e+00 2.444167e+00 2.450000e+00 6.013591e-04
2.450000e+00 2.455834e+00 2.461667e+00 5.842650e-04
2.461667e+00 2.467500e+00 2.473334e+00 5.676443e-04
2.473334e+00 2.479167e+00 2.485000e+00 5.514844e-04
2.485000e+00 2.490834e+00 2.496667e+00 5.357730e-04
2.496667e+00 2.502500e+00 2.508334e+00 5.204982e-04
2.508334e+00 2.514167e+00 2.520000e+00 5.056484e-04
2.520000e+00 2.525834e+00 2.531667e+00 4.912120e-04
2.531667e+00 2.537500e+00 2.543334e+00 4.771781e-04
2.543334e+00 2.549167e+00 2.555000e+00 4.635359e-04
2.555000e+00 2.560834e+00 2.566667e+00 4.502748e-04
2.566667e+00 2.572500e+00 2.578334e+00 4.373845e-04
2.578334e+00 2.584167e+00 2.590000e+00 4.248551e-04
2.590000e+00 2.595834e+00 2.601667e+00 4.126767e-04
2.601667e+00 2.607500e+00 2.613334e+00 4.008399e-04
2.613334e+00 2.619167e+00 2.625000e+00 3.893355e-04
2.625000e+00 2.630834e+00 2.636667e+00 3.781543e-04
2.636667e+00 2.642500e+00 2.648334e+00 3.672876e-04
2.648334e+00 2.654167e+00 2.660000e+00 3.567269e-04
2.660000e+00 2.665834e+00 2.671667e+00 3.464637e-04
2.671667e+00 2.677500e+00 2.683334e+00 3.364900e-04
2.683334e+00 2.689167e+00 2.695000e+00 3.267978e-04
2.695000e+00 2.700834e+00 2.706667e+00 3.173795e-04
2.706667e+00 2.712500e+00 2.718334e+00 3.082275e-04
2.718334e+00 2.724167e+00 2.730000e+00 2.993345e-04
2.730000e+00 2.735834e+00 2.741667e+00 2.906933e-04
2.741667e+00 2.747500e+00 2.753334e+00 2.822971e-04
2.753334e+00 2.759167e+00 2.765000e+00 2.741391e-04
2.765000e+00 2.770834e+00 2.776667e+00 2.662128e-04
2.776667e+00 2.782500e+00 2.788334e+00 2.585116e-04
2.788334e+00 2.794167e+00 2.800000e+00 2.510294e-04
2.800000e+00 2.805834e+00 2.811667e+00 2.437602e-04
2.811667e+00 2.817500e+00 2.823334e+00 2.366979e-04
2.823334e+00 2.829167e+00 2.835000e+00 2.298369e-04
2.835000e+00 2.840834e+00 2.846667e+00 2.231716e-04
2.846667e+00 2.852500e+00 2.858334e+00 2.166966e-04
2.858334e+00 2.864167e+00 2.870000e+00 2.104064e-04
2.870000e+00 2.875834e+00 2.881667e+00 2.042960e-04
2.881667e+00 2.887500e+00 2.893334e+00 1.983604e-04
2.893334e+00 2.899167e+00 2.905000e+00 1.925946e-04
2.905000e+00 2.910834e+00 2.916667e+00 1.869939e-04
2.916667e+00 2.922500e+00 2.928333e+00 1.815538e-04
2.928333e+00 2.934167e+00 2.940000e+00 1.762696e-04
2.940000e+00 2.945833e+00 2.951667e+00 1.711370e-04
2.951667e+00 2.957500e+00 2.963333e+00 1.661518e-04
2.963333e+00 2.969167e+00 2.975000e+00 1.613098e-04
2.975000e+00 2.980833e+00 2.986667e+00 1.566070e-04
2.986667e+00 2.992500e+00 2.998333e+00 1.520395e-04
2.998333e+00 3.004167e+00 3.010000e+00 1.476034e-04
3.010000e+00 3.015833e+00 3.021667e+00 1.432950e-04
3.021667e+00 3.027500e+00 3.033333e+00 1.391108e-04
3.033333e+00 3.039167e+00 3.045000e+00 1.350472e-04
3.045000e+00 3.050833e+00 3.056667e+00 1.311009e-04
3.056667e+00 3.062500e+00 3.068333e+00 1.272684e-04
3.068333e+00 3.074167e+00 3.080000e+00 1.235466e-04
3.080000e+00 3.085833e+00 3.091667e+00 1.199323e-04
3.091667e+00 3.097500e+00 3.103333e+00 1.164225e-04
3.103333e+00 3.109167e+00 3.115000e+00 1.130142e-04
3.115000e+00 3.120833e+00 3.126667e+00 1.097046e-04
3.126667e+00 3.132500e+00 3.138333e+00 1.064908e-04
3.138333e+00 3.144167e+00 3.150000e+00 1.033700e-04
3.150000e+00 3.155833e+00 3.161667e+00 1.003397e-04
3.161667e+00 3.167500e+00 3.173333e+00 9.739730e-05
3.173333e+00 3.179167e+00 3.185000e+00 9.454023e-05
3.185000e+00 3.190833e+00 3.196667e+00 9.176607e-05
3.196667e+00 3.202500e+00 3.208333e+00 8.907247e-05
3.208333e+00 3.214167e+00 3.220000e+00 8.645712e-05
3.220000e+00 3.225833e+00 3.231667e+00 8.391777e-05
3.231667e+00 3.237500e+00 3.243333e+00 8.145226e-05
3.243333e+00 3.249167e+00 3.255000e+00 7.905847e-05
3.255000e+00 3.260833e+00 3.266667e+00 7.673434e-05
3.266667e+00 3.272500e+00 3.278333e+00 7.447787e-05
3.278333e+00 3.284167e+00 3.290000e+00 7.228713e-05
3.290000e+00 3.295833e+00 3.301667e+00 7.016022e-05
3.301667e+00 3.307500e+00 3.313333e+00 6.809531e-05
3.313333e+00 3.319167e+00 3.325000e+00 6.609062e-05
3.325000e+00 3.330833e+00 3.336667e+00 6.414442e-05
3.336667e+00 3.342500e+00 3.348333e+00 6.225502e-05
3.348333e+00 3.354167e+00 3.360000e+00 6.042078e-05
3.360000e+00 3.365833e+00 3.371667e+00 5.864011e-05
3.371667e+00 3.377500e+00 3.383333e+00 5.691148e-05
3.383333e+00 3.389167e+00 3.395000e+00 5.523338e-05
3.395000e+00 3.400833e+00 3.406667e+00 5.360435e-05
3.406667e+00 3.412500e+00 3.418333e+00 5.202297e-05
3.418333e+00 3.424167e+00 3.430000e+00 5.048786e-05
3.430000e+00 3.435833e+00 3.441667e+00 4.899769e-05
3.441667e+00 3.447500e+00 3.453333e+00 4.755116e-05
3.453333e+00 3.459167e+00 3.465000e+00 4.614701e-05
3.465000e+00 3.470833e+00 3.476667e+00 4.478400e-05
3.476667e+00 3.482500e+00 3.488333e+00 4.346094e-05
3.488333e+00 3.494167e+00 3.500000e+00 4.217668e-05
