1.000000e-06 5.834332e-03 1.166766e-02 3.243817e-05
1.166766e-02 1.750099e-02 2.333433e-02 2.702696e-04
2.333433e-02 2.916766e-02 3.500099e-02 7.000672e-04
3.500099e-02 4.083432e-02 4.666765e-02 1.284259e-03
4.666765e-02 5.250099e-02 5.833432e-02 1.991944e-03
5.833432e-02 6.416765e-02 7.000098e-02 2.797166e-03
7.000098e-02 7.583431e-02 8.166764e-02 3.677897e-03
8.166764e-02 8.750097e-02 9.333431e-02 4.615334e-03
9.333431e-02 9.916764e-02 1.050010e-01 5.593381e-03
1.050010e-01 1.108343e-01 1.166676e-01 6.598245e-03
1.166676e-01 1.225010e-01 1.283343e-01 7.618104e-03
1.283343e-01 1.341676e-01 1.400010e-01 8.642846e-03
1.400010e-01 1.458343e-01 1.516676e-01 9.663836e-03
1.516676e-01 1.575010e-01 1.633343e-01 1.067373e-02
1.633343e-01 1.691676e-01 1.750009e-01 1.166632e-02
1.750009e-01 1.808343e-01 1.866676e-01 1.263636e-02
1.866676e-01 1.925009e-01 1.983343e-01 1.357951e-02
1.983343e-01 2.041676e-01 2.100009e-01 1.449215e-02
2.100009e-01 2.158343e-01 2.216676e-01 1.537134e-02
2.216676e-01 2.275009e-01 2.333343e-01 1.621474e-02
2.333343e-01 2.391676e-01 2.450009e-01 1.702051e-02
2.450009e-01 2.508343e-01 2.566676e-01 1.778725e-02
2.566676e-01 2.625009e-01 2.683343e-01 1.851398e-02
2.683343e-01 2.741676e-01 2.800009e-01 1.920003e-02
2.800009e-01 2.858343e-01 2.916676e-01 1.984507e-02
2.916676e-01 2.975009e-01 3.033342e-01 2.044899e-02
3.033342e-01 3.091676e-01 3.150009e-01 2.101194e-02
3.150009e-01 3.208342e-01 3.266676e-01 2.153425e-02
3.266676e-01 3.325009e-01 3.383342e-01 2.201642e-02
3.383342e-01 3.441676e-01 3.500009e-01 2.245909e-02
3.500009e-01 3.558342e-01 3.616676e-01 2.286303e-02
3.616676e-01 3.675009e-01 3.733342e-01 2.322911e-02
3.733342e-01 3.791676e-01 3.850009e-01 2.355827e-02
3.850009e-01 3.908342e-01 3.966676e-01 2.385154e-02
3.966676e-01 4.025009e-01 4.083342e-01 2.411001e-02
4.083342e-01 4.141675e-01 4.200009e-01 2.433479e-02
4.200009e-01 4.258342e-01 4.316675e-01 2.452704e-02
4.316675e-01 4.375009e-01 4.433342e-01 2.468794e-02
4.433342e-01 4.491675e-01 4.550009e-01 2.481871e-02
4.550009e-01 4.608342e-01 4.666675e-01 2.492053e-02
4.666675e-01 4.725009e-01 4.783342e-01 2.499463e-02
4.783342e-01 4.841675e-01 4.900009e-01 2.504220e-02
4.900009e-01 4.958342e-01 5.016675e-01 2.506446e-02
5.016675e-01 5.075009e-01 5.133342e-01 2.506259e-02
5.133342e-01 5.191675e-01 5.250008e-01 2.503775e-02
5.250008e-01 5.308342e-01 5.366675e-01 2.499111e-02
5.366675e-01 5.425008e-01 5.483342e-01 2.492379e-02
5.483342e-01 5.541675e-01 5.600008e-01 2.483691e-02
5.600008e-01 5.658342e-01 5.716675e-01 2.473155e-02
5.716675e-01 5.775008e-01 5.833342e-01 2.460875e-02
5.833342e-01 5.891675e-01 5.950008e-01 2.446956e-02
5.950008e-01 6.008342e-01 6.066675e-01 2.431497e-02
6.066675e-01 6.125008e-01 6.183342e-01 2.414594e-02
6.183342e-01 6.241675e-01 6.300008e-01 2.396341e-02
6.300008e-01 6.358342e-01 6.416675e-01 2.376829e-02
6.416675e-01 6.475008e-01 6.533341e-01 2.356146e-02
6.533341e-01 6.591675e-01 6.650008e-01 2.334375e-02
6.650008e-01 6.708341e-01 6.766675e-01 2.311599e-02
6.766675e-01 6.825008e-01 6.883341e-01 2.287895e-02
6.883341e-01 6.941675e-01 7.000008e-01 2.263338e-02
7.000008e-01 7.058341e-01 7.116675e-01 2.238002e-02
7.116675e-01 7.175008e-01 7.233341e-01 2.211954e-02
7.233341e-01 7.291675e-01 7.350008e-01 2.185260e-02
7.350008e-01 7.408341e-01 7.466675e-01 2.157986e-02
7.466675e-01 7.525008e-01 7.583341e-01 2.130190e-02
7.583341e-01 7.641674e-01 7.700008e-01 2.101930e-02
7.700008e-01 7.758341e-01 7.816674e-01 2.073262e-02
7.816674e-01 7.875008e-01 7.933341e-01 2.044238e-02
7.933341e-01 7.991674e-01 8.050008e-01 2.014909e-02
8.050008e-01 8.108341e-01 8.166674e-01 1.985320e-02
8.166674e-01 8.225008e-01 8.283341e-01 1.955518e-02
8.283341e-01 8.341674e-01 8.400008e-01 1.925545e-02
8.400008e-01 8.458341e-01 8.516674e-01 1.895442e-02
8.516674e-01 8.575008e-01 8.633341e-01 1.865247e-02
8.633341e-01 8.691674e-01 8.750007e-01 1.834995e-02
8.750007e-01 8.808341e-01 8.866674e-01 1.804722e-02
8.866674e-01 8.925007e-01 8.983341e-01 1.774460e-02
8.983341e-01 9.041674e-01 9.100007e-01 1.744238e-02
9.100007e-01 9.158341e-01 9.216674e-01 1.714085e-02
9.216674e-01 9.275007e-01 9.333341e-01 1.684028e-02
9.333341e-01 9.391674e-01 9.450007e-01 1.654093e-02
9.450007e-01 9.508341e-01 9.566674e-01 1.624302e-02
9.566674e-01 9.625007e-01 9.683341e-01 1.594677e-02
9.683341e-01 9.741674e-01 9.800007e-01 1.565240e-02
9.800007e-01 9.858341e-01 9.916674e-01 1.536008e-02
9.916674e-01 9.975007e-01 1.003334e+00 1.507001e-02
1.003334e+00 1.009167e+00 1.015001e+00 1.478233e-02
1.015001e+00 1.020834e+00 1.026667e+00 1.449720e-02
1.026667e+00 1.032501e+00 1.038334e+00 1.421477e-02
1.038334e+00 1.044167e+00 1.050001e+00 1.393516e-02
1.050001e+00 1.055834e+00 1.061667e+00 1.365849e-02
1.061667e+00 1.067501e+00 1.073334e+00 1.338486e-02
1.073334e+00 1.079167e+00 1.085001e+00 1.311438e-02
1.085001e+00 1.090834e+00 1.096667e+00 1.284712e-02
1.096667e+00 1.102501e+00 1.108334e+00 1.258318e-02
1.108334e+00 1.114167e+00 1.120001e+00 1.232263e-02
1.120001e+00 1.125834e+00 1.131667e+00 1.206552e-02
1.131667e+00 1.137501e+00 1.143334e+00 1.181191e-02
1.143334e+00 1.149167e+00 1.155001e+00 1.156185e-02
1.155001e+00 1.160834e+00 1.166667e+00 1.131538e-02
1.166667e+00 1.172501e+00 1.178334e+00 1.107254e-02
1.178334e+00 1.184167e+00 1.190001e+00 1.083335e-02
1.190001e+00 1.195834e+00 1.201667e+00 1.059785e-02
1.201667e+00 1.207501e+00 1.213334e+00 1.036605e-02
1.213334e+00 1.219167e+00 1.225001e+00 1.013796e-02
1.225001e+00 1.230834e+00 1.236667e+00 9.913584e-03
1.236667e+00 1.242501e+00 1.248334e+00 9.692936e-03
1.248334e+00 1.254167e+00 1.260001e+00 9.476011e-03
1.260001e+00 1.265834e+00 1.271667e+00 9.262807e-03
1.271667e+00 1.277501e+00 1.283334e+00 9.053313e-03
1.283334e+00 1.289167e+00 1.295001e+00 8.847519e-03
1.295001e+00 1.300834e+00 1.306667e+00 8.645411e-03
1.306667e+00 1.312501e+00 1.318334e+00 8.446970e-03
1.318334e+00 1.324167e+00 1.330001e+00 8.252175e-03
1.330001e+00 1.335834e+00 1.341667e+00 8.061004e-03
1.341667e+00 1.347501e+00 1.353334e+00 7.873431e-03
1.353334e+00 1.359167e+00 1.365001e+00 7.689428e-03
1.365001e+00 1.370834e+00 1.376667e+00 7.508964e-03
1.376667e+00 1.382501e+00 1.388334e+00 7.332009e-03
1.388334e+00 1.394167e+00 1.400001e+00 7.158528e-03
1.400001e+00 1.405834e+00 1.411667e+00 6.988486e-03
1.411667e+00 1.417501e+00 1.423334e+00 6.821846e-03
1.423334e+00 1.429167e+00 1.435001e+00 6.658571e-03
1.435001e+00 1.440834e+00 1.446667e+00 6.498621e-03
1.446667e+00 1.452501e+00 1.458334e+00 6.341955e-03
1.458334e+00 1.464167e+00 1.470001e+00 6.188532e-03
1.470001e+00 1.475834e+00 1.481667e+00 6.038309e-03
1.481667e+00 1.487501e+00 1.493334e+00 5.891245e-03
1.493334e+00 1.499167e+00 1.505001e+00 5.747294e-03
1.505001e+00 1.510834e+00 1.516667e+00 5.606414e-03
1.516667e+00 1.522501e+00 1.528334e+00 5.468558e-03
1.528334e+00 1.534167e+00 1.540001e+00 5.333682e-03
1.540001e+00 1.545834e+00 1.551667e+00 5.201740e-03
1.551667e+00 1.557501e+00 1.563334e+00 5.072686e-03
1.563334e+00 1.569167e+00 1.575001e+00 4.946474e-03
1.575001e+00 1.580834e+00 1.586667e+00 4.823059e-03
1.586667e+00 1.592501e+00 1.598334e+00 4.702393e-03
1.598334e+00 1.604167e+00 1.610001e+00 4.584431e-03
1.610001e+00 1.615834e+00 1.621667e+00 4.469126e-03
1.621667e+00 1.627501e+00 1.633334e+00 4.356432e-03
1.633334e+00 1.639167e+00 1.645001e+00 4.246304e-03
1.645001e+00 1.650834e+00 1.656667e+00 4.138694e-03
1.656667e+00 1.662501e+00 1.668334e+00 4.033558e-03
1.668334e+00 1.674167e+00 1.680001e+00 3.930849e-03
1.680001e+00 1.685834e+00 1.691667e+00 3.830524e-03
1.691667e+00 1.697501e+00 1.703334e+00 3.732536e-03
1.703334e+00 1.709167e+00 1.715001e+00 3.636842e-03
1.715001e+00 1.720834e+00 1.726667e+00 3.543397e-03
1.726667e+00 1.732501e+00 1.738334e+00 3.452158e-03
1.738334e+00 1.744167e+00 1.750000e+00 3.363081e-03
1.750000e+00 1.755834e+00 1.761667e+00 3.276123e-03
1.761667e+00 1.767500e+00 1.773334e+00 3.191242e-03
1.773334e+00 1.779167e+00 1.785000e+00 3.108396e-03
1.785000e+00 1.790834e+00 1.796667e+00 3.027543e-03
1.796667e+00 1.802500e+00 1.808334e+00 2.948642e-03
1.808334e+00 1.814167e+00 1.820000e+00 2.871653e-03
1.820000e+00 1.825834e+00 1.831667e+00 2.796537e-03
1.831667e+00 1.837500e+00 1.843334e+00 2.723252e-03
1.843334e+00 1.849167e+00 1.855000e+00 2.651761e-03
1.855000e+00 1.860834e+00 1.866667e+00 2.582026e-03
1.866667e+00 1.872500e+00 1.878334e+00 2.514008e-03
1.878334e+00 1.884167e+00 1.890000e+00 2.447670e-03
1.890000e+00 1.895834e+00 1.901667e+00 2.382976e-03
1.901667e+00 1.907500e+00 1.913334e+00 2.319890e-03
1.913334e+00 1.919167e+00 1.925000e+00 2.258376e-03
1.925000e+00 1.930834e+00 1.936667e+00 2.198399e-03
1.936667e+00 1.942500e+00 1.948334e+00 2.139925e-03
1.948334e+00 1.954167e+00 1.960000e+00 2.082920e-03
1.960000e+00 1.965834e+00 1.971667e+00 2.027351e-03
1.971667e+00 1.977500e+00 1.983334e+00 1.973186e-03
1.983334e+00 1.989167e+00 1.995000e+00 1.920392e-03
1.995000e+00 2.000834e+00 2.006667e+00 1.868938e-03
2.006667e+00 2.012500e+00 2.018334e+00 1.818793e-03
2.018334e+00 2.024167e+00 2.030000e+00 1.769927e-03
2.030000e+00 2.035834e+00 2.041667e+00 1.722310e-03
2.041667e+00 2.047500e+00 2.053334e+00 1.675913e-03
2.053334e+00 2.059167e+00 2.065000e+00 1.630707e-03
2.065000e+00 2.070834e+00 2.076667e+00 1.586664e-03
2.076667e+00 2.082500e+00 2.088334e+00 1.543757e-03
2.088334e+00 2.094167e+00 2.100000e+00 1.501959e-03
2.100000e+00 2.105834e+00 2.111667e+00 1.461244e-03
2.111667e+00 2.117500e+00 2.123334e+00 1.421584e-03
2.123334e+00 2.129167e+00 2.135000e+00 1.382956e-03
2.135000e+00 2.140834e+00 2.146667e+00 1.345334e-03
2.146667e+00 2.152500e+00 2.158334e+00 1.308694e-03
2.158334e+00 2.164167e+00 2.170000e+00 1.273012e-03
2.170000e+00 2.175834e+00 2.181667e+00 1.238264e-03
2.181667e+00 2.187500e+00 2.193334e+00 1.204428e-03
2.193334e+00 2.199167e+00 2.205000e+00 1.171482e-03
2.205000e+00 2.210834e+00 2.216667e+00 1.139403e-03
2.216667e+00 2.222500e+00 2.228334e+00 1.108171e-03
2.228334e+00 2.234167e+00 2.240000e+00 1.077764e-03
2.240000e+00 2.245834e+00 2.251667e+00 1.048161e-03
2.251667e+00 2.257500e+00 2.263334e+00 1.019343e-03
2.263334e+00 2.269167e+00 2.275000e+00 9.912903e-04
2.275000e+00 2.280834e+00 2.286667e+00 9.639835e-04
2.286667e+00 2.292500e+00 2.298334e+00 9.374039e-04
2.298334e+00 2.304167e+00 2.310000e+00 9.115333e-04
2.310000e+00 2.315834e+00 2.321667e+00 8.863536e-04
2.321667e+00 2.327500e+00 2.333334e+00 8.618476e-04
2.333334e+00 2.339167e+00 2.345000e+00 8.379980e-04
2.345000e+00 2.350834e+00 2.356667e+00 8.147881e-04
2.356667e+00 2.362500e+00 2.368334e+00 7.922018e-04
2.368334e+00 2.374167e+00 2.380000e+00 7.702230e-04
2.380000e+00 2.385834e+00 2.391667e+00 7.488361e-04
2.391667e+00 2.397500e+00 2.403334e+00 7.280261e-04
2.403334e+00 2.409167e+00 2.415000e+00 7.077780e-04
2.415000e+00 2.420834e+00 2.426667e+00 6.880775e-04
2.426667e+00 2.432500e+00 2.438334e+00 6.689102e-04
2.438334e+00 2.444167e+00 2.450000e+00 6.502625e-04
2.450000e+00 2.455834e+00 2.461667e+00 6.321208e-04
2.461667e+00 2.467500e+00 2.473334e+00 6.144721e-04
2.473334e+00 2.479167e+00 2.485000e+00 5.973034e-04
2.485000e+00 2.490834e+00 2.496667e+00 5.806023e-04
2.496667e+00 2.502500e+00 2.508334e+00 5.643565e-04
2.508334e+00 2.514167e+00 2.520000e+00 5.485542e-04
2.520000e+00 2.525834e+00 2.531667e+00 5.331836e-04
2.531667e+00 2.537500e+00 2.543334e+00 5.182334e-04
2.543334e+00 2.549167e+00 2.555000e+00 5.036926e-04
2.555000e+00 2.560834e+00 2.566667e+00 4.895503e-04
2.566667e+00 2.572500e+00 2.578334e+00 4.757961e-04
2.578334e+00 2.584167e+00 2.590000e+00 4.624197e-04
2.590000e+00 2.595834e+00 2.601667e+00 4.494111e-04
2.601667e+00 2.607500e+00 2.613334e+00 4.367604e-04
2.613334e+00 2.619167e+00 2.625000e+00 4.244582e-04
2.625000e+00 2.630834e+00 2.636667e+00 4.124952e-04
2.636667e+00 2.642500e+00 2.648334e+00 4.008624e-04
2.648334e+00 2.654167e+00 2.660000e+00 3.895509e-04
2.660000e+00 2.665834e+00 2.671667e+00 3.785522e-04
2.671667e+00 2.677500e+00 2.683334e+00 3.678578e-04
2.683334e+00 2.689167e+00 2.695000e+00 3.574596e-04
2.695000e+00 2.700834e+00 2.706667e+00 3.473497e-04
2.706667e+00 2.712500e+00 2.718334e+00 3.375203e-04
2.718334e+00 2.724167e+00 2.730000e+00 3.279638e-04
2.730000e+00 2.735834e+00 2.741667e+00 3.186729e-04
2.741667e+00 2.747500e+00 2.753334e+00 3.096404e-04
2.753334e+00 2.759167e+00 2.765000e+00 3.008594e-04
2.765000e+00 2.770834e+00 2.776667e+00 2.923229e-04
2.776667e+00 2.782500e+00 2.788334e+00 2.840245e-04
2.788334e+00 2.794167e+00 2.800000e+00 2.759576e-04
2.800000e+00 2.805834e+00 2.811667e+00 2.681159e-04
2.811667e+00 2.817500e+00 2.823334e+00 2.604933e-04
2.823334e+00 2.829167e+00 2.835000e+00 2.530839e-04
2.835000e+00 2.840834e+00 2.846667e+00 2.458819e-04
2.846667e+00 2.852500e+00 2.858334e+00 2.388815e-04
2.858334e+00 2.864167e+00 2.870000e+00 2.320772e-04
2.870000e+00 2.875834e+00 2.881667e+00 2.254638e-04
2.881667e+00 2.887500e+00 2.893334e+00 2.190359e-04
2.893334e+00 2.899167e+00 2.905000e+00 2.127886e-04
2.905000e+00 2.910834e+00 2.916667e+00 2.067168e-04
2.916667e+00 2.922500e+00 2.928333e+00 2.008157e-04
2.928333e+00 2.934167e+00 2.940000e+00 1.950806e-04
2.940000e+00 2.945833e+00 2.951667e+00 1.895070e-04
2.951667e+00 2.957500e+00 2.963333e+00 1.840903e-04
2.963333e+00 2.969167e+00 2.975000e+00 1.788264e-04
2.975000e+00 2.980833e+00 2.986667e+00 1.737109e-04
2.986667e+00 2.992500e+00 2.998333e+00 1.687398e-04
2.998333e+00 3.004167e+00 3.010000e+00 1.639091e-04
3.010000e+00 3.015833e+00 3.021667e+00 1.592148e-04
3.021667e+00 3.027500e+00 3.033333e+00 1.546533e-04
3.033333e+00 3.039167e+00 3.045000e+00 1.502208e-04
3.045000e+00 3.050833e+00 3.056667e+00 1.459137e-04
3.056667e+00 3.062500e+00 3.068333e+00 1.417286e-04
3.068333e+00 3.074167e+00 3.080000e+00 1.376620e-04
3.080000e+00 3.085833e+00 3.091667e+00 1.337108e-04
3.091667e+00 3.097500e+00 3.103333e+00 1.298716e-04
3.103333e+00 3.109167e+00 3.115000e+00 1.261414e-04
3.115000e+00 3.120833e+00 3.126667e+00 1.225170e-04
3.126667e+00 3.132500e+00 3.138333e+00 1.189956e-04
3.138333e+00 3.144167e+00 3.150000e+00 1.155743e-04
3.150000e+00 3.155833e+00 3.161667e+00 1.122503e-04
3.161667e+00 3.167500e+00 3.173333e+00 1.090208e-04
3.173333e+00 3.179167e+00 3.185000e+00 1.058833e-04
3.185000e+00 3.190833e+00 3.196667e+00 1.028351e-04
3.196667e+00 3.202500e+00 3.208333e+00 9.987370e-05
3.208333e+00 3.214167e+00 3.220000e+00 9.699673e-05
3.220000e+00 3.225833e+00 3.231667e+00 9.420179e-05
3.231667e+00 3.237500e+00 3.243333e+00 9.148658e-05
3.243333e+00 3.249167e+00 3.255000e+00 8.884886e-05
3.255000e+00 3.260833e+00 3.266667e+00 8.628645e-05
3.266667e+00 3.272500e+00 3.278333e+00 8.379723e-05
3.278333e+00 3.284167e+00 3.290000e+00 8.137914e-05
3.290000e+00 3.295833e+00 3.301667e+00 7.903017e-05
3.301667e+00 3.307500e+00 3.313333e+00 7.674839e-05
3.313333e+00 3.319167e+00 3.325000e+00 7.453188e-05
3.325000e+00 3.330833e+00 3.336667e+00 7.237882e-05
3.336667e+00 3.342500e+00 3.348333e+00 7.028740e-05
3.348333e+00 3.354167e+00 3.360000e+00 6.825589e-05
3.360000e+00 3.365833e+00 3.371667e+00 6.628260e-05
3.371667e+00 3.377500e+00 3.383333e+00 6.436587e-05
3.383333e+00 3.389167e+00 3.395000e+00 6.250410e-05
3.395000e+00 3.400833e+00 3.406667e+00 6.069574e-05
3.406667e+00 3.412500e+00 3.418333e+00 5.893928e-05
3.418333e+00 3.424167e+00 3.430000e+00 5.723324e-05
3.430000e+00 3.435833e+00 3.441667e+00 5.557620e-05
3.441667e+00 3.447500e+00 3.453333e+00 5.396675e-05
3.453333e+00 3.459167e+00 3.465000e+00 5.240356e-05
3.465000e+00 3.470833e+00 3.476667e+00 5.088531e-05
3.476667e+00 3.482500e+00 3.488333e+00 4.941071e-05
3.488333e+00 3.494167e+00 3.500000e+00 4.797853e-05
