1.000000e-06 5.834332e-03 1.166766e-02 3.215924e-05
1.166766e-02 1.750099e-02 2.333433e-02 2.658933e-04
2.333433e-02 2.916766e-02 3.500099e-02 6.854114e-04
3.500099e-02 4.083432e-02 4.666765e-02 1.253026e-03
4.666765e-02 5.250099e-02 5.833432e-02 1.938473e-03
5.833432e-02 6.416765e-02 7.000098e-02 2.716743e-03
7.000098e-02 7.583431e-02 8.166764e-02 3.566869e-03
8.166764e-02 8.750097e-02 9.333431e-02 4.471125e-03
9.333431e-02 9.916764e-02 1.050010e-01 5.414449e-03
1.050010e-01 1.108343e-01 1.166676e-01 6.384009e-03
1.166676e-01 1.225010e-01 1.283343e-01 7.368858e-03
1.283343e-01 1.341676e-01 1.400010e-01 8.359659e-03
1.400010e-01 1.458343e-01 1.516676e-01 9.348460e-03
1.516676e-01 1.575010e-01 1.633343e-01 1.032851e-02
1.633343e-01 1.691676e-01 1.750009e-01 1.129408e-02
1.750009e-01 1.808343e-01 1.866676e-01 1.224036e-02
1.866676e-01 1.925009e-01 1.983343e-01 1.316332e-02
1.983343e-01 2.041676e-01 2.100009e-01 1.405962e-02
2.100009e-01 2.158343e-01 2.216676e-01 1.492651e-02
2.216676e-01 2.275009e-01 2.333343e-01 1.576178e-02
2.333343e-01 2.391676e-01 2.450009e-01 1.656368e-02
2.450009e-01 2.508343e-01 2.566676e-01 1.733084e-02
2.566676e-01 2.625009e-01 2.683343e-01 1.806227e-02
2.683343e-01 2.741676e-01 2.800009e-01 1.875727e-02
2.800009e-01 2.858343e-01 2.916676e-01 1.941542e-02
2.916676e-01 2.975009e-01 3.033342e-01 2.003653e-02
3.033342e-01 3.091676e-01 3.150009e-01 2.062060e-02
3.150009e-01 3.208342e-01 3.266676e-01 2.116782e-02
3.266676e-01 3.325009e-01 3.383342e-01 2.167853e-02
3.383342e-01 3.441676e-01 3.500009e-01 2.215319e-02
3.500009e-01 3.558342e-01 3.616676e-01 2.259239e-02
3.616676e-01 3.675009e-01 3.733342e-01 2.299680e-02
3.733342e-01 3.791676e-01 3.850009e-01 2.336718e-02
3.850009e-01 3.908342e-01 3.966676e-01 2.370433e-02
3.966676e-01 4.025009e-01 4.083342e-01 2.400913e-02
4.083342e-01 4.141675e-01 4.200009e-01 2.428250e-02
4.200009e-01 4.258342e-01 4.316675e-01 2.452539e-02
4.316675e-01 4.375009e-01 4.433342e-01 2.473878e-02
4.433342e-01 4.491675e-01 4.550009e-01 2.492367e-02
4.550009e-01 4.608342e-01 4.666675e-01 2.508105e-02
4.666675e-01 4.725009e-01 4.783342e-01 2.521196e-02
4.783342e-01 4.841675e-01 4.900009e-01 2.531740e-02
4.900009e-01 4.958342e-01 5.016675e-01 2.539840e-02
5.016675e-01 5.075009e-01 5.133342e-01 2.545597e-02
5.133342e-01 5.191675e-01 5.250008e-01 2.549111e-02
5.250008e-01 5.308342e-01 5.366675e-01 2.550480e-02
5.366675e-01 5.425008e-01 5.483342e-01 2.549803e-02
5.483342e-01 5.541675e-01 5.600008e-01 2.547175e-02
5.600008e-01 5.658342e-01 5.716675e-01 2.542690e-02
5.716675e-01 5.775008e-01 5.833342e-01 2.536441e-02
5.833342e-01 5.891675e-01 5.950008e-01 2.528518e-02
5.950008e-01 6.008342e-01 6.066675e-01 2.519007e-02
6.066675e-01 6.125008e-01 6.183342e-01 2.507996e-02
6.183342e-01 6.241675e-01 6.300008e-01 2.495566e-02
6.300008e-01 6.358342e-01 6.416675e-01 2.481800e-02
6.416675e-01 6.475008e-01 6.533341e-01 2.466775e-02
6.533341e-01 6.591675e-01 6.650008e-01 2.450566e-02
6.650008e-01 6.708341e-01 6.766675e-01 2.433249e-02
6.766675e-01 6.825008e-01 6.883341e-01 2.414893e-02
6.883341e-01 6.941675e-01 7.000008e-01 2.395567e-02
7.000008e-01 7.058341e-01 7.116675e-01 2.375337e-02
7.116675e-01 7.175008e-01 7.233341e-01 2.354268e-02
7.233341e-01 7.291675e-01 7.350008e-01 2.332420e-02
7.350008e-01 7.408341e-01 7.466675e-01 2.309853e-02
7.466675e-01 7.525008e-01 7.583341e-01 2.286623e-02
7.583341e-01 7.641674e-01 7.700008e-01 2.262785e-02
7.700008e-01 7.758341e-01 7.816674e-01 2.238391e-02
7.816674e-01 7.875008e-01 7.933341e-01 2.213491e-02
7.933341e-01 7.991674e-01 8.050008e-01 2.188133e-02
8.050008e-01 8.108341e-01 8.166674e-01 2.162362e-02
8.166674e-01 8.225008e-01 8.283341e-01 2.136224e-02
8.283341e-01 8.341674e-01 8.400008e-01 2.109759e-02
8.400008e-01 8.458341e-01 8.516674e-01 2.083008e-02
8.516674e-01 8.575008e-01 8.633341e-01 2.056009e-02
8.633341e-01 8.691674e-01 8.750007e-01 2.028798e-02
8.750007e-01 8.808341e-01 8.866674e-01 2.001410e-02
8.866674e-01 8.925007e-01 8.983341e-01 1.973877e-02
8.983341e-01 9.041674e-01 9.100007e-01 1.946231e-02
9.100007e-01 9.158341e-01 9.216674e-01 1.918502e-02
9.216674e-01 9.275007e-01 9.333341e-01 1.890718e-02
9.333341e-01 9.391674e-01 9.450007e-01 1.862906e-02
9.450007e-01 9.508341e-01 9.566674e-01 1.835090e-02
9.566674e-01 9.625007e-01 9.683341e-01 1.807294e-02
9.683341e-01 9.741674e-01 9.800007e-01 1.779542e-02
9.800007e-01 9.858341e-01 9.916674e-01 1.751855e-02
9.916674e-01 9.975007e-01 1.003334e+00 1.724251e-02
1.003334e+00 1.009167e+00 1.015001e+00 1.696752e-02
1.015001e+00 1.020834e+00 1.026667e+00 1.669373e-02
1.026667e+00 1.032501e+00 1.038334e+00 1.642133e-02
1.038334e+00 1.044167e+00 1.050001e+00 1.615045e-02
1.050001e+00 1.055834e+00 1.061667e+00 1.588126e-02
1.061667e+00 1.067501e+00 1.073334e+00 1.561388e-02
1.073334e+00 1.079167e+00 1.085001e+00 1.534845e-02
1.085001e+00 1.090834e+00 1.096667e+00 1.508508e-02
1.096667e+00 1.102501e+00 1.108334e+00 1.482388e-02
1.108334e+00 1.114167e+00 1.120001e+00 1.456496e-02
1.120001e+00 1.125834e+00 1.131667e+00 1.430841e-02
1.131667e+00 1.137501e+00 1.143334e+00 1.405430e-02
1.143334e+00 1.149167e+00 1.155001e+00 1.380274e-02
1.155001e+00 1.160834e+00 1.166667e+00 1.355378e-02
1.166667e+00 1.172501e+00 1.178334e+00 1.330749e-02
1.178334e+00 1.184167e+00 1.190001e+00 1.306394e-02
1.190001e+00 1.195834e+00 1.201667e+00 1.282318e-02
1.201667e+00 1.207501e+00 1.213334e+00 1.258526e-02
1.213334e+00 1.219167e+00 1.225001e+00 1.235021e-02
1.225001e+00 1.230834e+00 1.236667e+00 1.211809e-02
1.236667e+00 1.242501e+00 1.248334e+00 1.188892e-02
1.248334e+00 1.254167e+00 1.260001e+00 1.166273e-02
1.260001e+00 1.265834e+00 1.271667e+00 1.143956e-02
1.271667e+00 1.277501e+00 1.283334e+00 1.121941e-02
1.283334e+00 1.289167e+00 1.295001e+00 1.100230e-02
1.295001e+00 1.300834e+00 1.306667e+00 1.078826e-02
1.306667e+00 1.312501e+00 1.318334e+00 1.057728e-02
1.318334e+00 1.324167e+00 1.330001e+00 1.036938e-02
1.330001e+00 1.335834e+00 1.341667e+00 1.016456e-02
1.341667e+00 1.347501e+00 1.353334e+00 9.962819e-03
1.353334e+00 1.359167e+00 1.365001e+00 9.764155e-03
1.365001e+00 1.370834e+00 1.376667e+00 9.568564e-03
1.376667e+00 1.382501e+00 1.388334e+00 9.376038e-03
1.388334e+00 1.394167e+00 1.400001e+00 9.186568e-03
1.400001e+00 1.405834e+00 1.411667e+00 9.000142e-03
1.411667e+00 1.417501e+00 1.423334e+00 8.816747e-03
1.423334e+00 1.429167e+00 1.435001e+00 8.636367e-03
1.435001e+00 1.440834e+00 1.446667e+00 8.458984e-03
1.446667e+00 1.452501e+00 1.458334e+00 8.284579e-03
1.458334e+00 1.464167e+00 1.470001e+00 8.113133e-03
1.470001e+00 1.475834e+00 1.481667e+00 7.944622e-03
1.481667e+00 1.487501e+00 1.493334e+00 7.779024e-03
1.493334e+00 1.499167e+00 1.505001e+00 7.616314e-03
1.505001e+00 1.510834e+00 1.516667e+00 7.456466e-03
1.516667e+00 1.522501e+00 1.528334e+00 7.299454e-03
1.528334e+00 1.534167e+00 1.540001e+00 7.145250e-03
1.540001e+00 1.545834e+00 1.551667e+00 6.993825e-03
1.551667e+00 1.557501e+00 1.563334e+00 6.845151e-03
1.563334e+00 1.569167e+00 1.575001e+00 6.699196e-03
1.575001e+00 1.580834e+00 1.586667e+00 6.555930e-03
1.586667e+00 1.592501e+00 1.598334e+00 6.415323e-03
1.598334e+00 1.604167e+00 1.610001e+00 6.277341e-03
1.610001e+00 1.615834e+00 1.621667e+00 6.141953e-03
1.621667e+00 1.627501e+00 1.633334e+00 6.009125e-03
1.633334e+00 1.639167e+00 1.645001e+00 5.878826e-03
1.645001e+00 1.650834e+00 1.656667e+00 5.751021e-03
1.656667e+00 1.662501e+00 1.668334e+00 5.625676e-03
1.668334e+00 1.674167e+00 1.680001e+00 5.502759e-03
1.680001e+00 1.685834e+00 1.691667e+00 5.382233e-03
1.691667e+00 1.697501e+00 1.703334e+00 5.264067e-03
1.703334e+00 1.709167e+00 1.715001e+00 5.148225e-03
1.715001e+00 1.720834e+00 1.726667e+00 5.034672e-03
1.726667e+00 1.732501e+00 1.738334e+00 4.923375e-03
1.738334e+00 1.744167e+00 1.750000e+00 4.814299e-03
1.750000e+00 1.755834e+00 1.761667e+00 4.707410e-03
1.761667e+00 1.767500e+00 1.773334e+00 4.602674e-03
1.773334e+00 1.779167e+00 1.785000e+00 4.500056e-03
1.785000e+00 1.790834e+00 1.796667e+00 4.399523e-03
1.796667e+00 1.802500e+00 1.808334e+00 4.301040e-03
1.808334e+00 1.814167e+00 1.820000e+00 4.204574e-03
1.820000e+00 1.825834e+00 1.831667e+00 4.110091e-03
1.831667e+00 1.837500e+00 1.843334e+00 4.017559e-03
1.843334e+00 1.849167e+00 1.855000e+00 3.926943e-03
1.855000e+00 1.860834e+00 1.866667e+00 3.838212e-03
1.866667e+00 1.872500e+00 1.878334e+00 3.751332e-03
1.878334e+00 1.884167e+00 1.890000e+00 3.666271e-03
1.890000e+00 1.895834e+00 1.901667e+00 3.582997e-03
1.901667e+00 1.907500e+00 1.913334e+00 3.501479e-03
1.913334e+00 1.919167e+00 1.925000e+00 3.421685e-03
1.925000e+00 1.930834e+00 1.936667e+00 3.343584e-03
1.936667e+00 1.942500e+00 1.948334e+00 3.267145e-03
1.948334e+00 1.954167e+00 1.960000e+00 3.192338e-03
1.960000e+00 1.965834e+00 1.971667e+00 3.119132e-03
1.971667e+00 1.977500e+00 1.983334e+00 3.047499e-03
1.983334e+00 1.989167e+00 1.995000e+00 2.977407e-03
1.995000e+00 2.000834e+00 2.006667e+00 2.908830e-03
2.006667e+00 2.012500e+00 2.018334e+00 2.841737e-03
2.018334e+00 2.024167e+00 2.030000e+00 2.776100e-03
2.030000e+00 2.035834e+00 2.041667e+00 2.711892e-03
2.041667e+00 2.047500e+00 2.053334e+00 2.649085e-03
2.053334e+00 2.059167e+00 2.065000e+00 2.587652e-03
2.065000e+00 2.070834e+00 2.076667e+00 2.527566e-03
2.076667e+00 2.082500e+00 2.088334e+00 2.468801e-03
2.088334e+00 2.094167e+00 2.100000e+00 2.411330e-03
2.100000e+00 2.105834e+00 2.111667e+00 2.355128e-03
2.111667e+00 2.117500e+00 2.123334e+00 2.300170e-03
2.123334e+00 2.129167e+00 2.135000e+00 2.246431e-03
2.135000e+00 2.140834e+00 2.146667e+00 2.193887e-03
2.146667e+00 2.152500e+00 2.158334e+00 2.142513e-03
2.158334e+00 2.164167e+00 2.170000e+00 2.092285e-03
2.170000e+00 2.175834e+00 2.181667e+00 2.043181e-03
2.181667e+00 2.187500e+00 2.193334e+00 1.995178e-03
2.193334e+00 2.199167e+00 2.205000e+00 1.948252e-03
2.205000e+00 2.210834e+00 2.216667e+00 1.902381e-03
2.216667e+00 2.222500e+00 2.228334e+00 1.857545e-03
2.228334e+00 2.234167e+00 2.240000e+00 1.813721e-03
2.240000e+00 2.245834e+00 2.251667e+00 1.770888e-03
2.251667e+00 2.257500e+00 2.263334e+00 1.729026e-03
2.263334e+00 2.269167e+00 2.275000e+00 1.688114e-03
2.275000e+00 2.280834e+00 2.286667e+00 1.648132e-03
2.286667e+00 2.292500e+00 2.298334e+00 1.609061e-03
2.298334e+00 2.304167e+00 2.310000e+00 1.570881e-03
2.310000e+00 2.315834e+00 2.321667e+00 1.533573e-03
2.321667e+00 2.327500e+00 2.333334e+00 1.497119e-03
2.333334e+00 2.339167e+00 2.345000e+00 1.461501e-03
2.345000e+00 2.350834e+00 2.356667e+00 1.426700e-03
2.356667e+00 2.362500e+00 2.368334e+00 1.392700e-03
2.368334e+00 2.374167e+00 2.380000e+00 1.359482e-03
2.380000e+00 2.385834e+00 2.391667e+00 1.327030e-03
2.391667e+00 2.397500e+00 2.403334e+00 1.295327e-03
2.403334e+00 2.409167e+00 2.415000e+00 1.264357e-03
2.415000e+00 2.420834e+00 2.426667e+00 1.234104e-03
2.426667e+00 2.432500e+00 2.438334e+00 1.204553e-03
2.438334e+00 2.444167e+00 2.450000e+00 1.175687e-03
2.450000e+00 2.455834e+00 2.461667e+00 1.147493e-03
2.461667e+00 2.467500e+00 2.473334e+00 1.119954e-03
2.473334e+00 2.479167e+00 2.485000e+00 1.093057e-03
2.485000e+00 2.490834e+00 2.496667e+00 1.066788e-03
2.496667e+00 2.502500e+00 2.508334e+00 1.041132e-03
2.508334e+00 2.514167e+00 2.520000e+00 1.016076e-03
2.520000e+00 2.525834e+00 2.531667e+00 9.916069e-04
2.531667e+00 2.537500e+00 2.543334e+00 9.677112e-04
2.543334e+00 2.549167e+00 2.555000e+00 9.443762e-04
2.555000e+00 2.560834e+00 2.566667e+00 9.215893e-04
2.566667e+00 2.572500e+00 2.578334e+00 8.993382e-04
2.578334e+00 2.584167e+00 2.590000e+00 8.776109e-04
2.590000e+00 2.595834e+00 2.601667e+00 8.563957e-04
2.601667e+00 2.607500e+00 2.613334e+00 8.356809e-04
2.613334e+00 2.619167e+00 2.625000e+00 8.154552e-04
2.625000e+00 2.630834e+00 2.636667e+00 7.957076e-04
2.636667e+00 2.642500e+00 2.648334e+00 7.764272e-04
2.648334e+00 2.654167e+00 2.660000e+00 7.576035e-04
2.660000e+00 2.665834e+00 2.671667e+00 7.392259e-04
2.671667e+00 2.677500e+00 2.683334e+00 7.212843e-04
2.683334e+00 2.689167e+00 2.695000e+00 7.037689e-04
2.695000e+00 2.700834e+00 2.706667e+00 6.866697e-04
2.706667e+00 2.712500e+00 2.718334e+00 6.699774e-04
2.718334e+00 2.724167e+00 2.730000e+00 6.536825e-04
2.730000e+00 2.735834e+00 2.741667e+00 6.377759e-04
2.741667e+00 2.747500e+00 2.753334e+00 6.222488e-04
2.753334e+00 2.759167e+00 2.765000e+00 6.070923e-04
2.765000e+00 2.770834e+00 2.776667e+00 5.922978e-04
2.776667e+00 2.782500e+00 2.788334e+00 5.778571e-04
2.788334e+00 2.794167e+00 2.800000e+00 5.637619e-04
2.800000e+00 2.805834e+00 2.811667e+00 5.500043e-04
2.811667e+00 2.817500e+00 2.823334e+00 5.365764e-04
2.823334e+00 2.829167e+00 2.835000e+00 5.234705e-04
2.835000e+00 2.840834e+00 2.846667e+00 5.106791e-04
2.846667e+00 2.852500e+00 2.858334e+00 4.981950e-04
2.858334e+00 2.864167e+00 2.870000e+00 4.860109e-04
2.870000e+00 2.875834e+00 2.881667e+00 4.741198e-04
2.881667e+00 2.887500e+00 2.893334e+00 4.625150e-04
2.893334e+00 2.899167e+00 2.905000e+00 4.511896e-04
2.905000e+00 2.910834e+00 2.916667e+00 4.401372e-04
2.916667e+00 2.922500e+00 2.928333e+00 4.293514e-04
2.928333e+00 2.934167e+00 2.940000e+00 4.188258e-04
2.940000e+00 2.945833e+00 2.951667e+00 4.085544e-04
2.951667e+00 2.957500e+00 2.963333e+00 3.985311e-04
2.963333e+00 2.969167e+00 2.975000e+00 3.887502e-04
2.975000e+00 2.980833e+00 2.986667e+00 3.792059e-04
2.986667e+00 2.992500e+00 2.998333e+00 3.698927e-04
2.998333e+00 3.004167e+00 3.010000e+00 3.608050e-04
3.010000e+00 3.015833e+00 3.021667e+00 3.519376e-04
3.021667e+00 3.027500e+00 3.033333e+00 3.432852e-04
3.033333e+00 3.039167e+00 3.045000e+00 3.348427e-04
3.045000e+00 3.050833e+00 3.056667e+00 3.266051e-04
3.056667e+00 3.062500e+00 3.068333e+00 3.185676e-04
3.068333e+00 3.074167e+00 3.080000e+00 3.107255e-04
3.080000e+00 3.085833e+00 3.091667e+00 3.030740e-04
3.091667e+00 3.097500e+00 3.103333e+00 2.956086e-04
3.103333e+00 3.109167e+00 3.115000e+00 2.883250e-04
3.115000e+00 3.120833e+00 3.126667e+00 2.812187e-04
3.126667e+00 3.132500e+00 3.138333e+00 2.742856e-04
3.138333e+00 3.144167e+00 3.150000e+00 2.675214e-04
3.150000e+00 3.155833e+00 3.161667e+00 2.609222e-04
3.161667e+00 3.167500e+00 3.173333e+00 2.544840e-04
3.173333e+00 3.179167e+00 3.185000e+00 2.482030e-04
3.185000e+00 3.190833e+00 3.196667e+00 2.420753e-04
3.196667e+00 3.202500e+00 3.208333e+00 2.360974e-04
3.208333e+00 3.214167e+00 3.220000e+00 2.302655e-04
3.220000e+00 3.225833e+00 3.231667e+00 2.245763e-04
3.231667e+00 3.237500e+00 3.243333e+00 2.190263e-04
3.243333e+00 3.249167e+00 3.255000e+00 2.136120e-04
3.255000e+00 3.260833e+00 3.266667e+00 2.083304e-04
3.266667e+00 3.272500e+00 3.278333e+00 2.031781e-04
3.278333e+00 3.284167e+00 3.290000e+00 1.981520e-04
3.290000e+00 3.295833e+00 3.301667e+00 1.932492e-04
3.301667e+00 3.307500e+00 3.313333e+00 1.884666e-04
3.313333e+00 3.319167e+00 3.325000e+00 1.838013e-04
3.325000e+00 3.330833e+00 3.336667e+00 1.792505e-04
3.336667e+00 3.342500e+00 3.348333e+00 1.748114e-04
3.348333e+00 3.354167e+00 3.360000e+00 1.704813e-04
3.360000e+00 3.365833e+00 3.371667e+00 1.662577e-04
3.371667e+00 3.377500e+00 3.383333e+00 1.621378e-04
3.383333e+00 3.389167e+00 3.395000e+00 1.581192e-04
3.395000e+00 3.400833e+00 3.406667e+00 1.541994e-04
3.406667e+00 3.412500e+00 3.418333e+00 1.503761e-04
3.418333e+00 3.424167e+00 3.430000e+00 1.466469e-04
3.430000e+00 3.435833e+00 3.441667e+00 1.430095e-04
3.441667e+00 3.447500e+00 3.453333e+00 1.394616e-04
3.453333e+00 3.459167e+00 3.465000e+00 1.360012e-04
3.465000e+00 3.470833e+00 3.476667e+00 1.326260e-04
3.476667e+00 3.482500e+00 3.488333e+00 1.293340e-04
3.488333e+00 3.494167e+00 3.500000e+00 1.261232e-04
