1.000000e-06 5.834332e-03 1.166766e-02 3.226280e-05
1.166766e-02 1.750099e-02 2.333433e-02 2.674911e-04
2.333433e-02 2.916766e-02 3.500099e-02 6.907164e-04
3.500099e-02 4.083432e-02 4.666765e-02 1.264264e-03
4.666765e-02 5.250099e-02 5.833432e-02 1.957624e-03
5.833432e-02 6.416765e-02 7.000098e-02 2.745438e-03
7.000098e-02 7.583431e-02 8.166764e-02 3.606354e-03
8.166764e-02 8.750097e-02 9.333431e-02 4.522264e-03
9.333431e-02 9.916764e-02 1.050010e-01 5.477739e-03
1.050010e-01 1.108343e-01 1.166676e-01 6.459609e-03
1.166676e-01 1.225010e-01 1.283343e-01 7.456621e-03
1.283343e-01 1.341676e-01 1.400010e-01 8.459169e-03
1.400010e-01 1.458343e-01 1.516676e-01 9.459065e-03
1.516676e-01 1.575010e-01 1.633343e-01 1.044935e-02
1.633343e-01 1.691676e-01 1.750009e-01 1.142414e-02
1.750009e-01 1.808343e-01 1.866676e-01 1.237847e-02
1.866676e-01 1.925009e-01 1.983343e-01 1.330819e-02
1.983343e-01 2.041676e-01 2.100009e-01 1.420989e-02
2.100009e-01 2.158343e-01 2.216676e-01 1.508075e-02
2.216676e-01 2.275009e-01 2.333343e-01 1.591851e-02
2.333343e-01 2.391676e-01 2.450009e-01 1.672139e-02
2.450009e-01 2.508343e-01 2.566676e-01 1.748802e-02
2.566676e-01 2.625009e-01 2.683343e-01 1.821741e-02
2.683343e-01 2.741676e-01 2.800009e-01 1.890887e-02
2.800009e-01 2.858343e-01 2.916676e-01 1.956201e-02
2.916676e-01 2.975009e-01 3.033342e-01 2.017668e-02
3.033342e-01 3.091676e-01 3.150009e-01 2.075292e-02
3.150009e-01 3.208342e-01 3.266676e-01 2.129098e-02
3.266676e-01 3.325009e-01 3.383342e-01 2.179126e-02
3.383342e-01 3.441676e-01 3.500009e-01 2.225427e-02
3.500009e-01 3.558342e-01 3.616676e-01 2.268066e-02
3.616676e-01 3.675009e-01 3.733342e-01 2.307118e-02
3.733342e-01 3.791676e-01 3.850009e-01 2.342665e-02
3.850009e-01 3.908342e-01 3.966676e-01 2.374795e-02
3.966676e-01 4.025009e-01 4.083342e-01 2.403603e-02
4.083342e-01 4.141675e-01 4.200009e-01 2.429188e-02
4.200009e-01 4.258342e-01 4.316675e-01 2.451652e-02
4.316675e-01 4.375009e-01 4.433342e-01 2.471101e-02
4.433342e-01 4.491675e-01 4.550009e-01 2.487640e-02
4.550009e-01 4.608342e-01 4.666675e-01 2.501378e-02
4.666675e-01 4.725009e-01 4.783342e-01 2.512423e-02
4.783342e-01 4.841675e-01 4.900009e-01 2.520883e-02
4.900009e-01 4.958342e-01 5.016675e-01 2.526867e-02
5.016675e-01 5.075009e-01 5.133342e-01 2.530481e-02
5.133342e-01 5.191675e-01 5.250008e-01 2.531833e-02
5.250008e-01 5.308342e-01 5.366675e-01 2.531026e-02
5.366675e-01 5.425008e-01 5.483342e-01 2.528163e-02
5.483342e-01 5.541675e-01 5.600008e-01 2.523346e-02
5.600008e-01 5.658342e-01 5.716675e-01 2.516674e-02
5.716675e-01 5.775008e-01 5.833342e-01 2.508244e-02
5.833342e-01 5.891675e-01 5.950008e-01 2.498149e-02
5.950008e-01 6.008342e-01 6.066675e-01 2.486483e-02
6.066675e-01 6.125008e-01 6.183342e-01 2.473334e-02
6.183342e-01 6.241675e-01 6.300008e-01 2.458790e-02
6.300008e-01 6.358342e-01 6.416675e-01 2.442935e-02
6.416675e-01 6.475008e-01 6.533341e-01 2.425850e-02
6.533341e-01 6.591675e-01 6.650008e-01 2.407614e-02
6.650008e-01 6.708341e-01 6.766675e-01 2.388304e-02
6.766675e-01 6.825008e-01 6.883341e-01 2.367993e-02
6.883341e-01 6.941675e-01 7.000008e-01 2.346753e-02
7.000008e-01 7.058341e-01 7.116675e-01 2.324651e-02
7.116675e-01 7.175008e-01 7.233341e-01 2.301753e-02
7.233341e-01 7.291675e-01 7.350008e-01 2.278122e-02
7.350008e-01 7.408341e-01 7.466675e-01 2.253820e-02
7.466675e-01 7.525008e-01 7.583341e-01 2.228904e-02
7.583341e-01 7.641674e-01 7.700008e-01 2.203429e-02
7.700008e-01 7.758341e-01 7.816674e-01 2.177450e-02
7.816674e-01 7.875008e-01 7.933341e-01 2.151017e-02
7.933341e-01 7.991674e-01 8.050008e-01 2.124178e-02
8.050008e-01 8.108341e-01 8.166674e-01 2.096982e-02
8.166674e-01 8.225008e-01 8.283341e-01 2.069471e-02
8.283341e-01 8.341674e-01 8.400008e-01 2.041688e-02
8.400008e-01 8.458341e-01 8.516674e-01 2.013673e-02
8.516674e-01 8.575008e-01 8.633341e-01 1.985465e-02
8.633341e-01 8.691674e-01 8.750007e-01 1.957100e-02
8.750007e-01 8.808341e-01 8.866674e-01 1.928612e-02
8.866674e-01 8.925007e-01 8.983341e-01 1.900035e-02
8.983341e-01 9.041674e-01 9.100007e-01 1.871399e-02
9.100007e-01 9.158341e-01 9.216674e-01 1.842734e-02
9.216674e-01 9.275007e-01 9.333341e-01 1.814067e-02
9.333341e-01 9.391674e-01 9.450007e-01 1.785425e-02
9.450007e-01 9.508341e-01 9.566674e-01 1.756832e-02
9.566674e-01 9.625007e-01 9.683341e-01 1.728312e-02
9.683341e-01 9.741674e-01 9.800007e-01 1.699886e-02
9.800007e-01 9.858341e-01 9.916674e-01 1.671576e-02
9.916674e-01 9.975007e-01 1.003334e+00 1.643400e-02
1.003334e+00 1.009167e+00 1.015001e+00 1.615376e-02
1.015001e+00 1.020834e+00 1.026667e+00 1.587522e-02
1.026667e+00 1.032501e+00 1.038334e+00 1.559853e-02
1.038334e+00 1.044167e+00 1.050001e+00 1.532384e-02
1.050001e+00 1.055834e+00 1.061667e+00 1.505128e-02
1.061667e+00 1.067501e+00 1.073334e+00 1.478099e-02
1.073334e+00 1.079167e+00 1.085001e+00 1.451307e-02
1.085001e+00 1.090834e+00 1.096667e+00 1.424765e-02
1.096667e+00 1.102501e+00 1.108334e+00 1.398481e-02
1.108334e+00 1.114167e+00 1.120001e+00 1.372465e-02
1.120001e+00 1.125834e+00 1.131667e+00 1.346726e-02
1.131667e+00 1.137501e+00 1.143334e+00 1.321270e-02
1.143334e+00 1.149167e+00 1.155001e+00 1.296106e-02
1.155001e+00 1.160834e+00 1.166667e+00 1.271238e-02
1.166667e+00 1.172501e+00 1.178334e+00 1.246673e-02
1.178334e+00 1.184167e+00 1.190001e+00 1.222416e-02
1.190001e+00 1.195834e+00 1.201667e+00 1.198471e-02
1.201667e+00 1.207501e+00 1.213334e+00 1.174842e-02
1.213334e+00 1.219167e+00 1.225001e+00 1.151532e-02
1.225001e+00 1.230834e+00 1.236667e+00 1.128544e-02
1.236667e+00 1.242501e+00 1.248334e+00 1.105880e-02
1.248334e+00 1.254167e+00 1.260001e+00 1.083542e-02
1.260001e+00 1.265834e+00 1.271667e+00 1.061533e-02
1.271667e+00 1.277501e+00 1.283334e+00 1.039852e-02
1.283334e+00 1.289167e+00 1.295001e+00 1.018501e-02
1.295001e+00 1.300834e+00 1.306667e+00 9.974794e-03
1.306667e+00 1.312501e+00 1.318334e+00 9.767879e-03
1.318334e+00 1.324167e+00 1.330001e+00 9.564261e-03
1.330001e+00 1.335834e+00 1.341667e+00 9.363932e-03
1.341667e+00 1.347501e+00 1.353334e+00 9.166885e-03
1.353334e+00 1.359167e+00 1.365001e+00 8.973109e-03
1.365001e+00 1.370834e+00 1.376667e+00 8.782589e-03
1.376667e+00 1.382501e+00 1.388334e+00 8.595309e-03
1.388334e+00 1.394167e+00 1.400001e+00 8.411252e-03
1.400001e+00 1.405834e+00 1.411667e+00 8.230397e-03
1.411667e+00 1.417501e+00 1.423334e+00 8.052722e-03
1.423334e+00 1.429167e+00 1.435001e+00 7.878204e-03
1.435001e+00 1.440834e+00 1.446667e+00 7.706817e-03
1.446667e+00 1.452501e+00 1.458334e+00 7.538534e-03
1.458334e+00 1.464167e+00 1.470001e+00 7.373329e-03
1.470001e+00 1.475834e+00 1.481667e+00 7.211170e-03
1.481667e+00 1.487501e+00 1.493334e+00 7.052028e-03
1.493334e+00 1.499167e+00 1.505001e+00 6.895872e-03
1.505001e+00 1.510834e+00 1.516667e+00 6.742668e-03
1.516667e+00 1.522501e+00 1.528334e+00 6.592383e-03
1.528334e+00 1.534167e+00 1.540001e+00 6.444984e-03
1.540001e+00 1.545834e+00 1.551667e+00 6.300435e-03
1.551667e+00 1.557501e+00 1.563334e+00 6.158701e-03
1.563334e+00 1.569167e+00 1.575001e+00 6.019746e-03
1.575001e+00 1.580834e+00 1.586667e+00 5.883534e-03
1.586667e+00 1.592501e+00 1.598334e+00 5.750027e-03
1.598334e+00 1.604167e+00 1.610001e+00 5.619189e-03
1.610001e+00 1.615834e+00 1.621667e+00 5.490982e-03
1.621667e+00 1.627501e+00 1.633334e+00 5.365368e-03
1.633334e+00 1.639167e+00 1.645001e+00 5.242309e-03
1.645001e+00 1.650834e+00 1.656667e+00 5.121766e-03
1.656667e+00 1.662501e+00 1.668334e+00 5.003703e-03
1.668334e+00 1.674167e+00 1.680001e+00 4.888080e-03
1.680001e+00 1.685834e+00 1.691667e+00 4.774860e-03
1.691667e+00 1.697501e+00 1.703334e+00 4.664003e-03
1.703334e+00 1.709167e+00 1.715001e+00 4.555472e-03
1.715001e+00 1.720834e+00 1.726667e+00 4.449229e-03
1.726667e+00 1.732501e+00 1.738334e+00 4.345235e-03
1.738334e+00 1.744167e+00 1.750000e+00 4.243452e-03
1.750000e+00 1.755834e+00 1.761667e+00 4.143844e-03
1.761667e+00 1.767500e+00 1.773334e+00 4.046373e-03
1.773334e+00 1.779167e+00 1.785000e+00 3.951001e-03
1.785000e+00 1.790834e+00 1.796667e+00 3.857691e-03
1.796667e+00 1.802500e+00 1.808334e+00 3.766407e-03
1.808334e+00 1.814167e+00 1.820000e+00 3.677112e-03
1.820000e+00 1.825834e+00 1.831667e+00 3.589770e-03
1.831667e+00 1.837500e+00 1.843334e+00 3.504346e-03
1.843334e+00 1.849167e+00 1.855000e+00 3.420803e-03
1.855000e+00 1.860834e+00 1.866667e+00 3.339108e-03
1.866667e+00 1.872500e+00 1.878334e+00 3.259224e-03
1.878334e+00 1.884167e+00 1.890000e+00 3.181119e-03
1.890000e+00 1.895834e+00 1.901667e+00 3.104757e-03
1.901667e+00 1.907500e+00 1.913334e+00 3.030106e-03
1.913334e+00 1.919167e+00 1.925000e+00 2.957131e-03
1.925000e+00 1.930834e+00 1.936667e+00 2.885801e-03
1.936667e+00 1.942500e+00 1.948334e+00 2.816083e-03
1.948334e+00 1.954167e+00 1.960000e+00 2.747945e-03
1.960000e+00 1.965834e+00 1.971667e+00 2.681356e-03
1.971667e+00 1.977500e+00 1.983334e+00 2.616285e-03
1.983334e+00 1.989167e+00 1.995000e+00 2.552701e-03
1.995000e+00 2.000834e+00 2.006667e+00 2.490573e-03
2.006667e+00 2.012500e+00 2.018334e+00 2.429873e-03
2.018334e+00 2.024167e+00 2.030000e+00 2.370571e-03
2.030000e+00 2.035834e+00 2.041667e+00 2.312638e-03
2.041667e+00 2.047500e+00 2.053334e+00 2.256046e-03
2.053334e+00 2.059167e+00 2.065000e+00 2.200767e-03
2.065000e+00 2.070834e+00 2.076667e+00 2.146773e-03
2.076667e+00 2.082500e+00 2.088334e+00 2.094037e-03
2.088334e+00 2.094167e+00 2.100000e+00 2.042533e-03
2.100000e+00 2.105834e+00 2.111667e+00 1.992235e-03
2.111667e+00 2.117500e+00 2.123334e+00 1.943117e-03
2.123334e+00 2.129167e+00 2.135000e+00 1.895154e-03
2.135000e+00 2.140834e+00 2.146667e+00 1.848320e-03
2.146667e+00 2.152500e+00 2.158334e+00 1.802592e-03
2.158334e+00 2.164167e+00 2.170000e+00 1.757945e-03
2.170000e+00 2.175834e+00 2.181667e+00 1.714356e-03
2.181667e+00 2.187500e+00 2.193334e+00 1.671803e-03
2.193334e+00 2.199167e+00 2.205000e+00 1.630261e-03
2.205000e+00 2.210834e+00 2.216667e+00 1.589709e-03
2.216667e+00 2.222500e+00 2.228334e+00 1.550126e-03
2.228334e+00 2.234167e+00 2.240000e+00 1.511489e-03
2.240000e+00 2.245834e+00 2.251667e+00 1.473778e-03
2.251667e+00 2.257500e+00 2.263334e+00 1.436971e-03
2.263334e+00 2.269167e+00 2.275000e+00 1.401049e-03
2.275000e+00 2.280834e+00 2.286667e+00 1.365993e-03
2.286667e+00 2.292500e+00 2.298334e+00 1.331781e-03
2.298334e+00 2.304167e+00 2.310000e+00 1.298396e-03
2.310000e+00 2.315834e+00 2.321667e+00 1.265818e-03
2.321667e+00 2.327500e+00 2.333334e+00 1.234030e-03
2.333334e+00 2.339167e+00 2.345000e+00 1.203013e-03
2.345000e+00 2.350834e+00 2.356667e+00 1.172749e-03
2.356667e+00 2.362500e+00 2.368334e+00 1.143222e-03
2.368334e+00 2.374167e+00 2.380000e+00 1.114415e-03
2.380000e+00 2.385834e+00 2.391667e+00 1.086310e-03
2.391667e+00 2.397500e+00 2.403334e+00 1.058892e-03
2.403334e+00 2.409167e+00 2.415000e+00 1.032145e-03
2.415000e+00 2.420834e+00 2.426667e+00 1.006054e-03
2.426667e+00 2.432500e+00 2.438334e+00 9.806019e-04
2.438334e+00 2.444167e+00 2.450000e+00 9.557754e-04
2.450000e+00 2.455834e+00 2.461667e+00 9.315595e-04
2.461667e+00 2.467500e+00 2.473334e+00 9.079398e-04
2.473334e+00 2.479167e+00 2.485000e+00 8.849024e-04
2.485000e+00 2.490834e+00 2.496667e+00 8.624337e-04
2.496667e+00 2.502500e+00 2.508334e+00 8.405201e-04
2.508334e+00 2.514167e+00 2.520000e+00 8.191487e-04
2.520000e+00 2.525834e+00 2.531667e+00 7.983066e-04
2.531667e+00 2.537500e+00 2.543334e+00 7.779813e-04
2.543334e+00 2.549167e+00 2.555000e+00 7.581605e-04
2.555000e+00 2.560834e+00 2.566667e+00 7.388321e-04
2.566667e+00 2.572500e+00 2.578334e+00 7.199846e-04
2.578334e+00 2.584167e+00 2.590000e+00 7.016064e-04
2.590000e+00 2.595834e+00 2.601667e+00 6.836862e-04
2.601667e+00 2.607500e+00 2.613334e+00 6.662131e-04
2.613334e+00 2.619167e+00 2.625000e+00 6.491765e-04
2.625000e+00 2.630834e+00 2.636667e+00 6.325657e-04
2.636667e+00 2.642500e+00 2.648334e+00 6.163706e-04
2.648334e+00 2.654167e+00 2.660000e+00 6.005811e-04
2.660000e+00 2.665834e+00 2.671667e+00 5.851875e-04
2.671667e+00 2.677500e+00 2.683334e+00 5.701801e-04
2.683334e+00 2.689167e+00 2.695000e+00 5.555496e-04
2.695000e+00 2.700834e+00 2.706667e+00 5.412869e-04
2.706667e+00 2.712500e+00 2.718334e+00 5.273830e-04
2.718334e+00 2.724167e+00 2.730000e+00 5.138292e-04
2.730000e+00 2.735834e+00 2.741667e+00 5.006170e-04
2.741667e+00 2.747500e+00 2.753334e+00 4.877380e-04
2.753334e+00 2.759167e+00 2.765000e+00 4.751841e-04
2.765000e+00 2.770834e+00 2.776667e+00 4.629473e-04
2.776667e+00 2.782500e+00 2.788334e+00 4.510199e-04
2.788334e+00 2.794167e+00 2.800000e+00 4.393943e-04
2.800000e+00 2.805834e+00 2.811667e+00 4.280630e-04
2.811667e+00 2.817500e+00 2.823334e+00 4.170189e-04
2.823334e+00 2.829167e+00 2.835000e+00 4.062548e-04
2.835000e+00 2.840834e+00 2.846667e+00 3.957639e-04
2.846667e+00 2.852500e+00 2.858334e+00 3.855394e-04
2.858334e+00 2.864167e+00 2.870000e+00 3.755748e-04
2.870000e+00 2.875834e+00 2.881667e+00 3.658635e-04
2.881667e+00 2.887500e+00 2.893334e+00 3.563994e-04
2.893334e+00 2.899167e+00 2.905000e+00 3.471763e-04
2.905000e+00 2.910834e+00 2.916667e+00 3.381882e-04
2.916667e+00 2.922500e+00 2.928333e+00 3.294292e-04
2.928333e+00 2.934167e+00 2.940000e+00 3.208938e-04
2.940000e+00 2.945833e+00 2.951667e+00 3.125763e-04
2.951667e+00 2.957500e+00 2.963333e+00 3.044712e-04
2.963333e+00 2.969167e+00 2.975000e+00 2.965733e-04
2.975000e+00 2.980833e+00 2.986667e+00 2.888775e-04
2.986667e+00 2.992500e+00 2.998333e+00 2.813785e-04
2.998333e+00 3.004167e+00 3.010000e+00 2.740716e-04
3.010000e+00 3.015833e+00 3.021667e+00 2.669520e-04
3.021667e+00 3.027500e+00 3.033333e+00 2.600148e-04
3.033333e+00 3.039167e+00 3.045000e+00 2.532556e-04
3.045000e+00 3.050833e+00 3.056667e+00 2.466699e-04
3.056667e+00 3.062500e+00 3.068333e+00 2.402533e-04
3.068333e+00 3.074167e+00 3.080000e+00 2.340015e-04
3.080000e+00 3.085833e+00 3.091667e+00 2.279104e-04
3.091667e+00 3.097500e+00 3.103333e+00 2.219760e-04
3.103333e+00 3.109167e+00 3.115000e+00 2.161944e-04
3.115000e+00 3.120833e+00 3.126667e+00 2.105615e-04
3.126667e+00 3.132500e+00 3.138333e+00 2.050737e-04
3.138333e+00 3.144167e+00 3.150000e+00 1.997274e-04
3.150000e+00 3.155833e+00 3.161667e+00 1.945189e-04
3.161667e+00 3.167500e+00 3.173333e+00 1.894448e-04
3.173333e+00 3.179167e+00 3.185000e+00 1.845016e-04
3.185000e+00 3.190833e+00 3.196667e+00 1.796860e-04
3.196667e+00 3.202500e+00 3.208333e+00 1.749948e-04
3.208333e+00 3.214167e+00 3.220000e+00 1.704249e-04
3.220000e+00 3.225833e+00 3.231667e+00 1.659730e-04
3.231667e+00 3.237500e+00 3.243333e+00 1.616364e-04
3.243333e+00 3.249167e+00 3.255000e+00 1.574119e-04
3.255000e+00 3.260833e+00 3.266667e+00 1.532968e-04
3.266667e+00 3.272500e+00 3.278333e+00 1.492882e-04
3.278333e+00 3.284167e+00 3.290000e+00 1.453835e-04
3.290000e+00 3.295833e+00 3.301667e+00 1.415800e-04
3.301667e+00 3.307500e+00 3.313333e+00 1.378752e-04
3.313333e+00 3.319167e+00 3.325000e+00 1.342664e-04
3.325000e+00 3.330833e+00 3.336667e+00 1.307512e-04
3.336667e+00 3.342500e+00 3.348333e+00 1.273273e-04
3.348333e+00 3.354167e+00 3.360000e+00 1.239923e-04
3.360000e+00 3.365833e+00 3.371667e+00 1.207439e-04
3.371667e+00 3.377500e+00 3.383333e+00 1.175799e-04
3.383333e+00 3.389167e+00 3.395000e+00 1.144982e-04
3.395000e+00 3.400833e+00 3.406667e+00 1.114966e-04
3.406667e+00 3.412500e+00 3.418333e+00 1.085731e-04
3.418333e+00 3.424167e+00 3.430000e+00 1.057257e-04
3.430000e+00 3.435833e+00 3.441667e+00 1.029524e-04
3.441667e+00 3.447500e+00 3.453333e+00 1.002512e-04
3.453333e+00 3.459167e+00 3.465000e+00 9.762049e-05
3.465000e+00 3.470833e+00 3.476667e+00 9.505828e-05
3.476667e+00 3.482500e+00 3.488333e+00 9.256284e-05
3.488333e+00 3.494167e+00 3.500000e+00 9.013246e-05
