1.000000e-06 5.834332e-03 1.166766e-02 3.222476e-05
1.166766e-02 1.750099e-02 2.333433e-02 2.669006e-04
2.333433e-02 2.916766e-02 3.500099e-02 6.887498e-04
3.500099e-02 4.083432e-02 4.666765e-02 1.260089e-03
4.666765e-02 5.250099e-02 5.833432e-02 1.950498e-03
5.833432e-02 6.416765e-02 7.000098e-02 2.734747e-03
7.000098e-02 7.583431e-02 8.166764e-02 3.591627e-03
8.166764e-02 8.750097e-02 9.333431e-02 4.503171e-03
9.333431e-02 9.916764e-02 1.050010e-01 5.454088e-03
1.050010e-01 1.108343e-01 1.166676e-01 6.431335e-03
1.166676e-01 1.225010e-01 1.283343e-01 7.423773e-03
1.283343e-01 1.341676e-01 1.400010e-01 8.421899e-03
1.400010e-01 1.458343e-01 1.516676e-01 9.417611e-03
1.516676e-01 1.575010e-01 1.633343e-01 1.040403e-02
1.633343e-01 1.691676e-01 1.750009e-01 1.137533e-02
1.750009e-01 1.808343e-01 1.866676e-01 1.232661e-02
1.866676e-01 1.925009e-01 1.983343e-01 1.325376e-02
1.983343e-01 2.041676e-01 2.100009e-01 1.415339e-02
2.100009e-01 2.158343e-01 2.216676e-01 1.502272e-02
2.216676e-01 2.275009e-01 2.333343e-01 1.585950e-02
2.333343e-01 2.391676e-01 2.450009e-01 1.666196e-02
2.450009e-01 2.508343e-01 2.566676e-01 1.742874e-02
2.566676e-01 2.625009e-01 2.683343e-01 1.815884e-02
2.683343e-01 2.741676e-01 2.800009e-01 1.885158e-02
2.800009e-01 2.858343e-01 2.916676e-01 1.950654e-02
2.916676e-01 2.975009e-01 3.033342e-01 2.012357e-02
3.033342e-01 3.091676e-01 3.150009e-01 2.070269e-02
3.150009e-01 3.208342e-01 3.266676e-01 2.124413e-02
3.266676e-01 3.325009e-01 3.383342e-01 2.174826e-02
3.383342e-01 3.441676e-01 3.500009e-01 2.221558e-02
3.500009e-01 3.558342e-01 3.616676e-01 2.264671e-02
3.616676e-01 3.675009e-01 3.733342e-01 2.304238e-02
3.733342e-01 3.791676e-01 3.850009e-01 2.340337e-02
3.850009e-01 3.908342e-01 3.966676e-01 2.373055e-02
3.966676e-01 4.025009e-01 4.083342e-01 2.402484e-02
4.083342e-01 4.141675e-01 4.200009e-01 2.428719e-02
4.200009e-01 4.258342e-01 4.316675e-01 2.451861e-02
4.316675e-01 4.375009e-01 4.433342e-01 2.472011e-02
4.433342e-01 4.491675e-01 4.550009e-01 2.489274e-02
4.550009e-01 4.608342e-01 4.666675e-01 2.503755e-02
4.666675e-01 4.725009e-01 4.783342e-01 2.515559e-02
4.783342e-01 4.841675e-01 4.900009e-01 2.524793e-02
4.900009e-01 4.958342e-01 5.016675e-01 2.531562e-02
5.016675e-01 5.075009e-01 5.133342e-01 2.535972e-02
5.133342e-01 5.191675e-01 5.250008e-01 2.538126e-02
5.250008e-01 5.308342e-01 5.366675e-01 2.538126e-02
5.366675e-01 5.425008e-01 5.483342e-01 2.536074e-02
5.483342e-01 5.541675e-01 5.600008e-01 2.532069e-02
5.600008e-01 5.658342e-01 5.716675e-01 2.526208e-02
5.716675e-01 5.775008e-01 5.833342e-01 2.518586e-02
5.833342e-01 5.891675e-01 5.950008e-01 2.509296e-02
5.950008e-01 6.008342e-01 6.066675e-01 2.498429e-02
6.066675e-01 6.125008e-01 6.183342e-01 2.486071e-02
6.183342e-01 6.241675e-01 6.300008e-01 2.472310e-02
6.300008e-01 6.358342e-01 6.416675e-01 2.457227e-02
6.416675e-01 6.475008e-01 6.533341e-01 2.440904e-02
6.533341e-01 6.591675e-01 6.650008e-01 2.423418e-02
6.650008e-01 6.708341e-01 6.766675e-01 2.404844e-02
6.766675e-01 6.825008e-01 6.883341e-01 2.385255e-02
6.883341e-01 6.941675e-01 7.000008e-01 2.364721e-02
7.000008e-01 7.058341e-01 7.116675e-01 2.343310e-02
7.116675e-01 7.175008e-01 7.233341e-01 2.321086e-02
7.233341e-01 7.291675e-01 7.350008e-01 2.298113e-02
7.350008e-01 7.408341e-01 7.466675e-01 2.274449e-02
7.466675e-01 7.525008e-01 7.583341e-01 2.250153e-02
7.583341e-01 7.641674e-01 7.700008e-01 2.225281e-02
7.700008e-01 7.758341e-01 7.816674e-01 2.199884e-02
7.816674e-01 7.875008e-01 7.933341e-01 2.174013e-02
7.933341e-01 7.991674e-01 8.050008e-01 2.147718e-02
8.050008e-01 8.108341e-01 8.166674e-01 2.121044e-02
8.166674e-01 8.225008e-01 8.283341e-01 2.094035e-02
8.283341e-01 8.341674e-01 8.400008e-01 2.066734e-02
8.400008e-01 8.458341e-01 8.516674e-01 2.039181e-02
8.516674e-01 8.575008e-01 8.633341e-01 2.011414e-02
8.633341e-01 8.691674e-01 8.750007e-01 1.983470e-02
8.750007e-01 8.808341e-01 8.866674e-01 1.955382e-02
8.866674e-01 8.925007e-01 8.983341e-01 1.927185e-02
8.983341e-01 9.041674e-01 9.100007e-01 1.898908e-02
9.100007e-01 9.158341e-01 9.216674e-01 1.870582e-02
9.216674e-01 9.275007e-01 9.333341e-01 1.842234e-02
9.333341e-01 9.391674e-01 9.450007e-01 1.813892e-02
9.450007e-01 9.508341e-01 9.566674e-01 1.785578e-02
9.566674e-01 9.625007e-01 9.683341e-01 1.757318e-02
9.683341e-01 9.741674e-01 9.800007e-01 1.729134e-02
9.800007e-01 9.858341e-01 9.916674e-01 1.701046e-02
9.916674e-01 9.975007e-01 1.003334e+00 1.673073e-02
1.003334e+00 1.009167e+00 1.015001e+00 1.645235e-02
1.015001e+00 1.020834e+00 1.026667e+00 1.617548e-02
1.026667e+00 1.032501e+00 1.038334e+00 1.590029e-02
1.038334e+00 1.044167e+00 1.050001e+00 1.562693e-02
1.050001e+00 1.055834e+00 1.061667e+00 1.535553e-02
1.061667e+00 1.067501e+00 1.073334e+00 1.508623e-02
1.073334e+00 1.079167e+00 1.085001e+00 1.481915e-02
1.085001e+00 1.090834e+00 1.096667e+00 1.455439e-02
1.096667e+00 1.102501e+00 1.108334e+00 1.429208e-02
1.108334e+00 1.114167e+00 1.120001e+00 1.403229e-02
1.120001e+00 1.125834e+00 1.131667e+00 1.377512e-02
1.131667e+00 1.137501e+00 1.143334e+00 1.352065e-02
1.143334e+00 1.149167e+00 1.155001e+00 1.326894e-02
1.155001e+00 1.160834e+00 1.166667e+00 1.302008e-02
1.166667e+00 1.172501e+00 1.178334e+00 1.277411e-02
1.178334e+00 1.184167e+00 1.190001e+00 1.253109e-02
1.190001e+00 1.195834e+00 1.201667e+00 1.229107e-02
1.201667e+00 1.207501e+00 1.213334e+00 1.205410e-02
1.213334e+00 1.219167e+00 1.225001e+00 1.182020e-02
1.225001e+00 1.230834e+00 1.236667e+00 1.158941e-02
1.236667e+00 1.242501e+00 1.248334e+00 1.136175e-02
1.248334e+00 1.254167e+00 1.260001e+00 1.113726e-02
1.260001e+00 1.265834e+00 1.271667e+00 1.091595e-02
1.271667e+00 1.277501e+00 1.283334e+00 1.069783e-02
1.283334e+00 1.289167e+00 1.295001e+00 1.048292e-02
1.295001e+00 1.300834e+00 1.306667e+00 1.027122e-02
1.306667e+00 1.312501e+00 1.318334e+00 1.006273e-02
1.318334e+00 1.324167e+00 1.330001e+00 9.857458e-03
1.330001e+00 1.335834e+00 1.341667e+00 9.655401e-03
1.341667e+00 1.347501e+00 1.353334e+00 9.456552e-03
1.353334e+00 1.359167e+00 1.365001e+00 9.260905e-03
1.365001e+00 1.370834e+00 1.376667e+00 9.068447e-03
1.376667e+00 1.382501e+00 1.388334e+00 8.879167e-03
1.388334e+00 1.394167e+00 1.400001e+00 8.693049e-03
1.400001e+00 1.405834e+00 1.411667e+00 8.510078e-03
1.411667e+00 1.417501e+00 1.423334e+00 8.330232e-03
1.423334e+00 1.429167e+00 1.435001e+00 8.153493e-03
1.435001e+00 1.440834e+00 1.446667e+00 7.979838e-03
1.446667e+00 1.452501e+00 1.458334e+00 7.809242e-03
1.458334e+00 1.464167e+00 1.470001e+00 7.641681e-03
1.470001e+00 1.475834e+00 1.481667e+00 7.477128e-03
1.481667e+00 1.487501e+00 1.493334e+00 7.315555e-03
1.493334e+00 1.499167e+00 1.505001e+00 7.156933e-03
1.505001e+00 1.510834e+00 1.516667e+00 7.001233e-03
1.516667e+00 1.522501e+00 1.528334e+00 6.848422e-03
1.528334e+00 1.534167e+00 1.540001e+00 6.698471e-03
1.540001e+00 1.545834e+00 1.551667e+00 6.551345e-03
1.551667e+00 1.557501e+00 1.563334e+00 6.407013e-03
1.563334e+00 1.569167e+00 1.575001e+00 6.265439e-03
1.575001e+00 1.580834e+00 1.586667e+00 6.126590e-03
1.586667e+00 1.592501e+00 1.598334e+00 5.990431e-03
1.598334e+00 1.604167e+00 1.610001e+00 5.856927e-03
1.610001e+00 1.615834e+00 1.621667e+00 5.726042e-03
1.621667e+00 1.627501e+00 1.633334e+00 5.597740e-03
1.633334e+00 1.639167e+00 1.645001e+00 5.471984e-03
1.645001e+00 1.650834e+00 1.656667e+00 5.348739e-03
1.656667e+00 1.662501e+00 1.668334e+00 5.227968e-03
1.668334e+00 1.674167e+00 1.680001e+00 5.109634e-03
1.680001e+00 1.685834e+00 1.691667e+00 4.993701e-03
1.691667e+00 1.697501e+00 1.703334e+00 4.880131e-03
1.703334e+00 1.709167e+00 1.715001e+00 4.768888e-03
1.715001e+00 1.720834e+00 1.726667e+00 4.659935e-03
1.726667e+00 1.732501e+00 1.738334e+00 4.553235e-03
1.738334e+00 1.744167e+00 1.750000e+00 4.448753e-03
1.750000e+00 1.755834e+00 1.761667e+00 4.346450e-03
1.761667e+00 1.767500e+00 1.773334e+00 4.246292e-03
1.773334e+00 1.779167e+00 1.785000e+00 4.148242e-03
1.785000e+00 1.790834e+00 1.796667e+00 4.052264e-03
1.796667e+00 1.802500e+00 1.808334e+00 3.958322e-03
1.808334e+00 1.814167e+00 1.820000e+00 3.866382e-03
1.820000e+00 1.825834e+00 1.831667e+00 3.776407e-03
1.831667e+00 1.837500e+00 1.843334e+00 3.688363e-03
1.843334e+00 1.849167e+00 1.855000e+00 3.602215e-03
1.855000e+00 1.860834e+00 1.866667e+00 3.517929e-03
1.866667e+00 1.872500e+00 1.878334e+00 3.435471e-03
1.878334e+00 1.884167e+00 1.890000e+00 3.354807e-03
1.890000e+00 1.895834e+00 1.901667e+00 3.275905e-03
1.901667e+00 1.907500e+00 1.913334e+00 3.198731e-03
1.913334e+00 1.919167e+00 1.925000e+00 3.123252e-03
1.925000e+00 1.930834e+00 1.936667e+00 3.049437e-03
1.936667e+00 1.942500e+00 1.948334e+00 2.977254e-03
1.948334e+00 1.954167e+00 1.960000e+00 2.906671e-03
1.960000e+00 1.965834e+00 1.971667e+00 2.837657e-03
1.971667e+00 1.977500e+00 1.983334e+00 2.770183e-03
1.983334e+00 1.989167e+00 1.995000e+00 2.704216e-03
1.995000e+00 2.000834e+00 2.006667e+00 2.639729e-03
2.006667e+00 2.012500e+00 2.018334e+00 2.576691e-03
2.018334e+00 2.024167e+00 2.030000e+00 2.515073e-03
2.030000e+00 2.035834e+00 2.041667e+00 2.454848e-03
2.041667e+00 2.047500e+00 2.053334e+00 2.395986e-03
2.053334e+00 2.059167e+00 2.065000e+00 2.338461e-03
2.065000e+00 2.070834e+00 2.076667e+00 2.282244e-03
2.076667e+00 2.082500e+00 2.088334e+00 2.227310e-03
2.088334e+00 2.094167e+00 2.100000e+00 2.173632e-03
2.100000e+00 2.105834e+00 2.111667e+00 2.121183e-03
2.111667e+00 2.117500e+00 2.123334e+00 2.069939e-03
2.123334e+00 2.129167e+00 2.135000e+00 2.019873e-03
2.135000e+00 2.140834e+00 2.146667e+00 1.970962e-03
2.146667e+00 2.152500e+00 2.158334e+00 1.923181e-03
2.158334e+00 2.164167e+00 2.170000e+00 1.876507e-03
2.170000e+00 2.175834e+00 2.181667e+00 1.830914e-03
2.181667e+00 2.187500e+00 2.193334e+00 1.786382e-03
2.193334e+00 2.199167e+00 2.205000e+00 1.742886e-03
2.205000e+00 2.210834e+00 2.216667e+00 1.700406e-03
2.216667e+00 2.222500e+00 2.228334e+00 1.658918e-03
2.228334e+00 2.234167e+00 2.240000e+00 1.618401e-03
2.240000e+00 2.245834e+00 2.251667e+00 1.578835e-03
2.251667e+00 2.257500e+00 2.263334e+00 1.540198e-03
2.263334e+00 2.269167e+00 2.275000e+00 1.502470e-03
2.275000e+00 2.280834e+00 2.286667e+00 1.465632e-03
2.286667e+00 2.292500e+00 2.298334e+00 1.429663e-03
2.298334e+00 2.304167e+00 2.310000e+00 1.394546e-03
2.310000e+00 2.315834e+00 2.321667e+00 1.360259e-03
2.321667e+00 2.327500e+00 2.333334e+00 1.326787e-03
2.333334e+00 2.339167e+00 2.345000e+00 1.294109e-03
2.345000e+00 2.350834e+00 2.356667e+00 1.262209e-03
2.356667e+00 2.362500e+00 2.368334e+00 1.231069e-03
2.368334e+00 2.374167e+00 2.380000e+00 1.200673e-03
2.380000e+00 2.385834e+00 2.391667e+00 1.171002e-03
2.391667e+00 2.397500e+00 2.403334e+00 1.142042e-03
2.403334e+00 2.409167e+00 2.415000e+00 1.113775e-03
2.415000e+00 2.420834e+00 2.426667e+00 1.086186e-03
2.426667e+00 2.432500e+00 2.438334e+00 1.059261e-03
2.438334e+00 2.444167e+00 2.450000e+00 1.032983e-03
2.450000e+00 2.455834e+00 2.461667e+00 1.007338e-03
2.461667e+00 2.467500e+00 2.473334e+00 9.823111e-04
2.473334e+00 2.479167e+00 2.485000e+00 9.578887e-04
2.485000e+00 2.490834e+00 2.496667e+00 9.340566e-04
2.496667e+00 2.502500e+00 2.508334e+00 9.108013e-04
2.508334e+00 2.514167e+00 2.520000e+00 8.881095e-04
2.520000e+00 2.525834e+00 2.531667e+00 8.659682e-04
2.531667e+00 2.537500e+00 2.543334e+00 8.443645e-04
2.543334e+00 2.549167e+00 2.555000e+00 8.232860e-04
2.555000e+00 2.560834e+00 2.566667e+00 8.027205e-04
2.566667e+00 2.572500e+00 2.578334e+00 7.826561e-04
2.578334e+00 2.584167e+00 2.590000e+00 7.630809e-04
2.590000e+00 2.595834e+00 2.601667e+00 7.439837e-04
2.601667e+00 2.607500e+00 2.613334e+00 7.253532e-04
2.613334e+00 2.619167e+00 2.625000e+00 7.071784e-04
2.625000e+00 2.630834e+00 2.636667e+00 6.894487e-04
2.636667e+00 2.642500e+00 2.648334e+00 6.721535e-04
2.648334e+00 2.654167e+00 2.660000e+00 6.552826e-04
2.660000e+00 2.665834e+00 2.671667e+00 6.388260e-04
2.671667e+00 2.677500e+00 2.683334e+00 6.227738e-04
2.683334e+00 2.689167e+00 2.695000e+00 6.071166e-04
2.695000e+00 2.700834e+00 2.706667e+00 5.918448e-04
2.706667e+00 2.712500e+00 2.718334e+00 5.769494e-04
2.718334e+00 2.724167e+00 2.730000e+00 5.624214e-04
2.730000e+00 2.735834e+00 2.741667e+00 5.482520e-04
2.741667e+00 2.747500e+00 2.753334e+00 5.344326e-04
2.753334e+00 2.759167e+00 2.765000e+00 5.209550e-04
2.765000e+00 2.770834e+00 2.776667e+00 5.078109e-04
2.776667e+00 2.782500e+00 2.788334e+00 4.949923e-04
2.788334e+00 2.794167e+00 2.800000e+00 4.824914e-04
2.800000e+00 2.805834e+00 2.811667e+00 4.703005e-04
2.811667e+00 2.817500e+00 2.823334e+00 4.584123e-04
2.823334e+00 2.829167e+00 2.835000e+00 4.468193e-04
2.835000e+00 2.840834e+00 2.846667e+00 4.355146e-04
2.846667e+00 2.852500e+00 2.858334e+00 4.244910e-04
2.858334e+00 2.864167e+00 2.870000e+00 4.137419e-04
2.870000e+00 2.875834e+00 2.881667e+00 4.032605e-04
2.881667e+00 2.887500e+00 2.893334e+00 3.930405e-04
2.893334e+00 2.899167e+00 2.905000e+00 3.830753e-04
2.905000e+00 2.910834e+00 2.916667e+00 3.733589e-04
2.916667e+00 2.922500e+00 2.928333e+00 3.638852e-04
2.928333e+00 2.934167e+00 2.940000e+00 3.546483e-04
2.940000e+00 2.945833e+00 2.951667e+00 3.456424e-04
2.951667e+00 2.957500e+00 2.963333e+00 3.368619e-04
2.963333e+00 2.969167e+00 2.975000e+00 3.283012e-04
2.975000e+00 2.980833e+00 2.986667e+00 3.199550e-04
2.986667e+00 2.992500e+00 2.998333e+00 3.118181e-04
2.998333e+00 3.004167e+00 3.010000e+00 3.038852e-04
3.010000e+00 3.015833e+00 3.021667e+00 2.961515e-04
3.021667e+00 3.027500e+00 3.033333e+00 2.886120e-04
3.033333e+00 3.039167e+00 3.045000e+00 2.812620e-04
3.045000e+00 3.050833e+00 3.056667e+00 2.740967e-04
3.056667e+00 3.062500e+00 3.068333e+00 2.671117e-04
3.068333e+00 3.074167e+00 3.080000e+00 2.603025e-04
3.080000e+00 3.085833e+00 3.091667e+00 2.536647e-04
3.091667e+00 3.097500e+00 3.103333e+00 2.471942e-04
3.103333e+00 3.109167e+00 3.115000e+00 2.408868e-04
3.115000e+00 3.120833e+00 3.126667e+00 2.347384e-04
3.126667e+00 3.132500e+00 3.138333e+00 2.287452e-04
3.138333e+00 3.144167e+00 3.150000e+00 2.229033e-04
3.150000e+00 3.155833e+00 3.161667e+00 2.172089e-04
3.161667e+00 3.167500e+00 3.173333e+00 2.116584e-04
3.173333e+00 3.179167e+00 3.185000e+00 2.062483e-04
3.185000e+00 3.190833e+00 3.196667e+00 2.009749e-04
3.196667e+00 3.202500e+00 3.208333e+00 1.958350e-04
3.208333e+00 3.214167e+00 3.220000e+00 1.908252e-04
3.220000e+00 3.225833e+00 3.231667e+00 1.859423e-04
3.231667e+00 3.237500e+00 3.243333e+00 1.811831e-04
3.243333e+00 3.249167e+00 3.255000e+00 1.765445e-04
3.255000e+00 3.260833e+00 3.266667e+00 1.720236e-04
3.266667e+00 3.272500e+00 3.278333e+00 1.676173e-04
3.278333e+00 3.284167e+00 3.290000e+00 1.633228e-04
3.290000e+00 3.295833e+00 3.301667e+00 1.591374e-04
3.301667e+00 3.307500e+00 3.313333e+00 1.550583e-04
3.313333e+00 3.319167e+00 3.325000e+00 1.510828e-04
3.325000e+00 3.330833e+00 3.336667e+00 1.472083e-04
3.336667e+00 3.342500e+00 3.348333e+00 1.434324e-04
3.348333e+00 3.354167e+00 3.360000e+00 1.397525e-04
3.360000e+00 3.365833e+00 3.371667e+00 1.361663e-04
3.371667e+00 3.377500e+00 3.383333e+00 1.326713e-04
3.383333e+00 3.389167e+00 3.395000e+00 1.292653e-04
3.395000e+00 3.400833e+00 3.406667e+00 1.259461e-04
3.406667e+00 3.412500e+00 3.418333e+00 1.227115e-04
3.418333e+00 3.424167e+00 3.430000e+00 1.195593e-04
3.430000e+00 3.435833e+00 3.441667e+00 1.164874e-04
3.441667e+00 3.447500e+00 3.453333e+00 1.134940e-04
3.453333e+00 3.459167e+00 3.465000e+00 1.105768e-04
3.465000e+00 3.470833e+00 3.476667e+00 1.077342e-04
3.476667e+00 3.482500e+00 3.488333e+00 1.049641e-04
3.488333e+00 3.494167e+00 3.500000e+00 1.022648e-04
