1.000000e-06 5.834332e-03 1.166766e-02 3.257553e-05
1.166766e-02 1.750099e-02 2.333433e-02 2.725164e-04
2.333433e-02 2.916766e-02 3.500099e-02 7.077517e-04
3.500099e-02 4.083432e-02 4.666765e-02 1.300876e-03
4.666765e-02 5.250099e-02 5.833432e-02 2.020714e-03
5.833432e-02 6.416765e-02 7.000098e-02 2.840840e-03
7.000098e-02 7.583431e-02 8.166764e-02 3.738667e-03
8.166764e-02 8.750097e-02 9.333431e-02 4.694810e-03
9.333431e-02 9.916764e-02 1.050010e-01 5.692603e-03
1.050010e-01 1.108343e-01 1.166676e-01 6.717711e-03
1.166676e-01 1.225010e-01 1.283343e-01 7.757817e-03
1.283343e-01 1.341676e-01 1.400010e-01 8.802357e-03
1.400010e-01 1.458343e-01 1.516676e-01 9.842300e-03
1.516676e-01 1.575010e-01 1.633343e-01 1.086996e-02
1.633343e-01 1.691676e-01 1.750009e-01 1.187882e-02
1.750009e-01 1.808343e-01 1.866676e-01 1.286340e-02
1.866676e-01 1.925009e-01 1.983343e-01 1.381915e-02
1.983343e-01 2.041676e-01 2.100009e-01 1.474229e-02
2.100009e-01 2.158343e-01 2.216676e-01 1.562976e-02
2.216676e-01 2.275009e-01 2.333343e-01 1.647913e-02
2.333343e-01 2.391676e-01 2.450009e-01 1.728850e-02
2.450009e-01 2.508343e-01 2.566676e-01 1.805646e-02
2.566676e-01 2.625009e-01 2.683343e-01 1.878199e-02
2.683343e-01 2.741676e-01 2.800009e-01 1.946448e-02
2.800009e-01 2.858343e-01 2.916676e-01 2.010361e-02
2.916676e-01 2.975009e-01 3.033342e-01 2.069935e-02
3.033342e-01 3.091676e-01 3.150009e-01 2.125189e-02
3.150009e-01 3.208342e-01 3.266676e-01 2.176166e-02
3.266676e-01 3.325009e-01 3.383342e-01 2.222925e-02
3.383342e-01 3.441676e-01 3.500009e-01 2.265540e-02
3.500009e-01 3.558342e-01 3.616676e-01 2.304098e-02
3.616676e-01 3.675009e-01 3.733342e-01 2.338698e-02
3.733342e-01 3.791676e-01 3.850009e-01 2.369446e-02
3.850009e-01 3.908342e-01 3.966676e-01 2.396455e-02
3.966676e-01 4.025009e-01 4.083342e-01 2.419848e-02
4.083342e-01 4.141675e-01 4.200009e-01 2.439746e-02
4.200009e-01 4.258342e-01 4.316675e-01 2.456279e-02
4.316675e-01 4.375009e-01 4.433342e-01 2.469577e-02
4.433342e-01 4.491675e-01 4.550009e-01 2.479771e-02
4.550009e-01 4.608342e-01 4.666675e-01 2.486994e-02
4.666675e-01 4.725009e-01 4.783342e-01 2.491377e-02
4.783342e-01 4.841675e-01 4.900009e-01 2.493053e-02
4.900009e-01 4.958342e-01 5.016675e-01 2.492152e-02
5.016675e-01 5.075009e-01 5.133342e-01 2.488803e-02
5.133342e-01 5.191675e-01 5.250008e-01 2.483134e-02
5.250008e-01 5.308342e-01 5.366675e-01 2.475268e-02
5.366675e-01 5.425008e-01 5.483342e-01 2.465328e-02
5.483342e-01 5.541675e-01 5.600008e-01 2.453433e-02
5.600008e-01 5.658342e-01 5.716675e-01 2.439700e-02
5.716675e-01 5.775008e-01 5.833342e-01 2.424242e-02
5.833342e-01 5.891675e-01 5.950008e-01 2.407168e-02
5.950008e-01 6.008342e-01 6.066675e-01 2.388586e-02
6.066675e-01 6.125008e-01 6.183342e-01 2.368598e-02
6.183342e-01 6.241675e-01 6.300008e-01 2.347305e-02
6.300008e-01 6.358342e-01 6.416675e-01 2.324801e-02
6.416675e-01 6.475008e-01 6.533341e-01 2.301181e-02
6.533341e-01 6.591675e-01 6.650008e-01 2.276532e-02
6.650008e-01 6.708341e-01 6.766675e-01 2.250940e-02
6.766675e-01 6.825008e-01 6.883341e-01 2.224487e-02
6.883341e-01 6.941675e-01 7.000008e-01 2.197253e-02
7.000008e-01 7.058341e-01 7.116675e-01 2.169311e-02
7.116675e-01 7.175008e-01 7.233341e-01 2.140735e-02
7.233341e-01 7.291675e-01 7.350008e-01 2.111592e-02
7.350008e-01 7.408341e-01 7.466675e-01 2.081949e-02
7.466675e-01 7.525008e-01 7.583341e-01 2.051867e-02
7.583341e-01 7.641674e-01 7.700008e-01 2.021405e-02
7.700008e-01 7.758341e-01 7.816674e-01 1.990621e-02
7.816674e-01 7.875008e-01 7.933341e-01 1.959568e-02
7.933341e-01 7.991674e-01 8.050008e-01 1.928295e-02
8.050008e-01 8.108341e-01 8.166674e-01 1.896852e-02
8.166674e-01 8.225008e-01 8.283341e-01 1.865283e-02
8.283341e-01 8.341674e-01 8.400008e-01 1.833632e-02
8.400008e-01 8.458341e-01 8.516674e-01 1.801938e-02
8.516674e-01 8.575008e-01 8.633341e-01 1.770240e-02
8.633341e-01 8.691674e-01 8.750007e-01 1.738574e-02
8.750007e-01 8.808341e-01 8.866674e-01 1.706972e-02
8.866674e-01 8.925007e-01 8.983341e-01 1.675467e-02
8.983341e-01 9.041674e-01 9.100007e-01 1.644088e-02
9.100007e-01 9.158341e-01 9.216674e-01 1.612863e-02
9.216674e-01 9.275007e-01 9.333341e-01 1.581816e-02
9.333341e-01 9.391674e-01 9.450007e-01 1.550973e-02
9.450007e-01 9.508341e-01 9.566674e-01 1.520354e-02
9.566674e-01 9.625007e-01 9.683341e-01 1.489982e-02
9.683341e-01 9.741674e-01 9.800007e-01 1.459873e-02
9.800007e-01 9.858341e-01 9.916674e-01 1.430047e-02
9.916674e-01 9.975007e-01 1.003334e+00 1.400520e-02
1.003334e+00 1.009167e+00 1.015001e+00 1.371305e-02
1.015001e+00 1.020834e+00 1.026667e+00 1.342416e-02
1.026667e+00 1.032501e+00 1.038334e+00 1.313866e-02
1.038334e+00 1.044167e+00 1.050001e+00 1.285666e-02
1.050001e+00 1.055834e+00 1.061667e+00 1.257825e-02
1.061667e+00 1.067501e+00 1.073334e+00 1.230353e-02
1.073334e+00 1.079167e+00 1.085001e+00 1.203257e-02
1.085001e+00 1.090834e+00 1.096667e+00 1.176545e-02
1.096667e+00 1.102501e+00 1.108334e+00 1.150222e-02
1.108334e+00 1.114167e+00 1.120001e+00 1.124293e-02
1.120001e+00 1.125834e+00 1.131667e+00 1.098764e-02
1.131667e+00 1.137501e+00 1.143334e+00 1.073638e-02
1.143334e+00 1.149167e+00 1.155001e+00 1.048917e-02
1.155001e+00 1.160834e+00 1.166667e+00 1.024604e-02
1.166667e+00 1.172501e+00 1.178334e+00 1.000701e-02
1.178334e+00 1.184167e+00 1.190001e+00 9.772093e-03
1.190001e+00 1.195834e+00 1.201667e+00 9.541286e-03
1.201667e+00 1.207501e+00 1.213334e+00 9.314592e-03
1.213334e+00 1.219167e+00 1.225001e+00 9.092008e-03
1.225001e+00 1.230834e+00 1.236667e+00 8.873524e-03
1.236667e+00 1.242501e+00 1.248334e+00 8.659127e-03
1.248334e+00 1.254167e+00 1.260001e+00 8.448798e-03
1.260001e+00 1.265834e+00 1.271667e+00 8.242518e-03
1.271667e+00 1.277501e+00 1.283334e+00 8.040260e-03
1.283334e+00 1.289167e+00 1.295001e+00 7.841999e-03
1.295001e+00 1.300834e+00 1.306667e+00 7.647703e-03
1.306667e+00 1.312501e+00 1.318334e+00 7.457338e-03
1.318334e+00 1.324167e+00 1.330001e+00 7.270870e-03
1.330001e+00 1.335834e+00 1.341667e+00 7.088260e-03
1.341667e+00 1.347501e+00 1.353334e+00 6.909468e-03
1.353334e+00 1.359167e+00 1.365001e+00 6.734452e-03
1.365001e+00 1.370834e+00 1.376667e+00 6.563169e-03
1.376667e+00 1.382501e+00 1.388334e+00 6.395572e-03
1.388334e+00 1.394167e+00 1.400001e+00 6.231616e-03
1.400001e+00 1.405834e+00 1.411667e+00 6.071252e-03
1.411667e+00 1.417501e+00 1.423334e+00 5.914431e-03
1.423334e+00 1.429167e+00 1.435001e+00 5.761103e-03
1.435001e+00 1.440834e+00 1.446667e+00 5.611218e-03
1.446667e+00 1.452501e+00 1.458334e+00 5.464724e-03
1.458334e+00 1.464167e+00 1.470001e+00 5.321568e-03
1.470001e+00 1.475834e+00 1.481667e+00 5.181698e-03
1.481667e+00 1.487501e+00 1.493334e+00 5.045060e-03
1.493334e+00 1.499167e+00 1.505001e+00 4.911602e-03
1.505001e+00 1.510834e+00 1.516667e+00 4.781268e-03
1.516667e+00 1.522501e+00 1.528334e+00 4.654006e-03
1.528334e+00 1.534167e+00 1.540001e+00 4.529762e-03
1.540001e+00 1.545834e+00 1.551667e+00 4.408481e-03
1.551667e+00 1.557501e+00 1.563334e+00 4.290109e-03
1.563334e+00 1.569167e+00 1.575001e+00 4.174593e-03
1.575001e+00 1.580834e+00 1.586667e+00 4.061879e-03
1.586667e+00 1.592501e+00 1.598334e+00 3.951913e-03
1.598334e+00 1.604167e+00 1.610001e+00 3.844642e-03
1.610001e+00 1.615834e+00 1.621667e+00 3.740014e-03
1.621667e+00 1.627501e+00 1.633334e+00 3.637975e-03
1.633334e+00 1.639167e+00 1.645001e+00 3.538474e-03
1.645001e+00 1.650834e+00 1.656667e+00 3.441460e-03
1.656667e+00 1.662501e+00 1.668334e+00 3.346880e-03
1.668334e+00 1.674167e+00 1.680001e+00 3.254685e-03
1.680001e+00 1.685834e+00 1.691667e+00 3.164824e-03
1.691667e+00 1.697501e+00 1.703334e+00 3.077247e-03
1.703334e+00 1.709167e+00 1.715001e+00 2.991907e-03
1.715001e+00 1.720834e+00 1.726667e+00 2.908753e-03
1.726667e+00 1.732501e+00 1.738334e+00 2.827739e-03
1.738334e+00 1.744167e+00 1.750000e+00 2.748817e-03
1.750000e+00 1.755834e+00 1.761667e+00 2.671941e-03
1.761667e+00 1.767500e+00 1.773334e+00 2.597064e-03
1.773334e+00 1.779167e+00 1.785000e+00 2.524143e-03
1.785000e+00 1.790834e+00 1.796667e+00 2.453132e-03
1.796667e+00 1.802500e+00 1.808334e+00 2.383988e-03
1.808334e+00 1.814167e+00 1.820000e+00 2.316667e-03
1.820000e+00 1.825834e+00 1.831667e+00 2.251127e-03
1.831667e+00 1.837500e+00 1.843334e+00 2.187327e-03
1.843334e+00 1.849167e+00 1.855000e+00 2.125225e-03
1.855000e+00 1.860834e+00 1.866667e+00 2.064782e-03
1.866667e+00 1.872500e+00 1.878334e+00 2.005958e-03
1.878334e+00 1.884167e+00 1.890000e+00 1.948713e-03
1.890000e+00 1.895834e+00 1.901667e+00 1.893010e-03
1.901667e+00 1.907500e+00 1.913334e+00 1.838812e-03
1.913334e+00 1.919167e+00 1.925000e+00 1.786082e-03
1.925000e+00 1.930834e+00 1.936667e+00 1.734784e-03
1.936667e+00 1.942500e+00 1.948334e+00 1.684882e-03
1.948334e+00 1.954167e+00 1.960000e+00 1.636342e-03
1.960000e+00 1.965834e+00 1.971667e+00 1.589131e-03
1.971667e+00 1.977500e+00 1.983334e+00 1.543214e-03
1.983334e+00 1.989167e+00 1.995000e+00 1.498560e-03
1.995000e+00 2.000834e+00 2.006667e+00 1.455137e-03
2.006667e+00 2.012500e+00 2.018334e+00 1.412913e-03
2.018334e+00 2.024167e+00 2.030000e+00 1.371858e-03
2.030000e+00 2.035834e+00 2.041667e+00 1.331942e-03
2.041667e+00 2.047500e+00 2.053334e+00 1.293137e-03
2.053334e+00 2.059167e+00 2.065000e+00 1.255412e-03
2.065000e+00 2.070834e+00 2.076667e+00 1.218741e-03
2.076667e+00 2.082500e+00 2.088334e+00 1.183097e-03
2.088334e+00 2.094167e+00 2.100000e+00 1.148451e-03
2.100000e+00 2.105834e+00 2.111667e+00 1.114780e-03
2.111667e+00 2.117500e+00 2.123334e+00 1.082055e-03
2.123334e+00 2.129167e+00 2.135000e+00 1.050254e-03
2.135000e+00 2.140834e+00 2.146667e+00 1.019352e-03
2.146667e+00 2.152500e+00 2.158334e+00 9.893236e-04
2.158334e+00 2.164167e+00 2.170000e+00 9.601473e-04
2.170000e+00 2.175834e+00 2.181667e+00 9.317997e-04
2.181667e+00 2.187500e+00 2.193334e+00 9.042589e-04
2.193334e+00 2.199167e+00 2.205000e+00 8.775032e-04
2.205000e+00 2.210834e+00 2.216667e+00 8.515114e-04
2.216667e+00 2.222500e+00 2.228334e+00 8.262631e-04
2.228334e+00 2.234167e+00 2.240000e+00 8.017380e-04
2.240000e+00 2.245834e+00 2.251667e+00 7.779167e-04
2.251667e+00 2.257500e+00 2.263334e+00 7.547799e-04
2.263334e+00 2.269167e+00 2.275000e+00 7.323091e-04
2.275000e+00 2.280834e+00 2.286667e+00 7.104860e-04
2.286667e+00 2.292500e+00 2.298334e+00 6.892930e-04
2.298334e+00 2.304167e+00 2.310000e+00 6.687126e-04
2.310000e+00 2.315834e+00 2.321667e+00 6.487281e-04
2.321667e+00 2.327500e+00 2.333334e+00 6.293231e-04
2.333334e+00 2.339167e+00 2.345000e+00 6.104814e-04
2.345000e+00 2.350834e+00 2.356667e+00 5.921875e-04
2.356667e+00 2.362500e+00 2.368334e+00 5.744263e-04
2.368334e+00 2.374167e+00 2.380000e+00 5.571828e-04
2.380000e+00 2.385834e+00 2.391667e+00 5.404426e-04
2.391667e+00 2.397500e+00 2.403334e+00 5.241917e-04
2.403334e+00 2.409167e+00 2.415000e+00 5.084164e-04
2.415000e+00 2.420834e+00 2.426667e+00 4.931033e-04
2.426667e+00 2.432500e+00 2.438334e+00 4.782394e-04
2.438334e+00 2.444167e+00 2.450000e+00 4.638121e-04
2.450000e+00 2.455834e+00 2.461667e+00 4.498091e-04
2.461667e+00 2.467500e+00 2.473334e+00 4.362183e-04
2.473334e+00 2.479167e+00 2.485000e+00 4.230281e-04
2.485000e+00 2.490834e+00 2.496667e+00 4.102271e-04
2.496667e+00 2.502500e+00 2.508334e+00 3.978042e-04
2.508334e+00 2.514167e+00 2.520000e+00 3.857488e-04
2.520000e+00 2.525834e+00 2.531667e+00 3.740502e-04
2.531667e+00 2.537500e+00 2.543334e+00 3.626983e-04
2.543334e+00 2.549167e+00 2.555000e+00 3.516833e-04
2.555000e+00 2.560834e+00 2.566667e+00 3.409953e-04
2.566667e+00 2.572500e+00 2.578334e+00 3.306251e-04
2.578334e+00 2.584167e+00 2.590000e+00 3.205634e-04
2.590000e+00 2.595834e+00 2.601667e+00 3.108015e-04
2.601667e+00 2.607500e+00 2.613334e+00 3.013306e-04
2.613334e+00 2.619167e+00 2.625000e+00 2.921424e-04
2.625000e+00 2.630834e+00 2.636667e+00 2.832287e-04
2.636667e+00 2.642500e+00 2.648334e+00 2.745815e-04
2.648334e+00 2.654167e+00 2.660000e+00 2.661931e-04
2.660000e+00 2.665834e+00 2.671667e+00 2.580559e-04
2.671667e+00 2.677500e+00 2.683334e+00 2.501628e-04
2.683334e+00 2.689167e+00 2.695000e+00 2.425065e-04
2.695000e+00 2.700834e+00 2.706667e+00 2.350801e-04
2.706667e+00 2.712500e+00 2.718334e+00 2.278769e-04
2.718334e+00 2.724167e+00 2.730000e+00 2.208905e-04
2.730000e+00 2.735834e+00 2.741667e+00 2.141144e-04
2.741667e+00 2.747500e+00 2.753334e+00 2.075425e-04
2.753334e+00 2.759167e+00 2.765000e+00 2.011688e-04
2.765000e+00 2.770834e+00 2.776667e+00 1.949875e-04
2.776667e+00 2.782500e+00 2.788334e+00 1.889929e-04
2.788334e+00 2.794167e+00 2.800000e+00 1.831795e-04
2.800000e+00 2.805834e+00 2.811667e+00 1.775419e-04
2.811667e+00 2.817500e+00 2.823334e+00 1.720751e-04
2.823334e+00 2.829167e+00 2.835000e+00 1.667738e-04
2.835000e+00 2.840834e+00 2.846667e+00 1.616333e-04
2.846667e+00 2.852500e+00 2.858334e+00 1.566488e-04
2.858334e+00 2.864167e+00 2.870000e+00 1.518156e-04
2.870000e+00 2.875834e+00 2.881667e+00 1.471293e-04
2.881667e+00 2.887500e+00 2.893334e+00 1.425854e-04
2.893334e+00 2.899167e+00 2.905000e+00 1.381798e-04
2.905000e+00 2.910834e+00 2.916667e+00 1.339083e-04
2.916667e+00 2.922500e+00 2.928333e+00 1.297670e-04
2.928333e+00 2.934167e+00 2.940000e+00 1.257519e-04
2.940000e+00 2.945833e+00 2.951667e+00 1.218592e-04
2.951667e+00 2.957500e+00 2.963333e+00 1.180854e-04
2.963333e+00 2.969167e+00 2.975000e+00 1.144269e-04
2.975000e+00 2.980833e+00 2.986667e+00 1.108802e-04
2.986667e+00 2.992500e+00 2.998333e+00 1.074420e-04
2.998333e+00 3.004167e+00 3.010000e+00 1.041089e-04
3.010000e+00 3.015833e+00 3.021667e+00 1.008779e-04
3.021667e+00 3.027500e+00 3.033333e+00 9.774592e-05
3.033333e+00 3.039167e+00 3.045000e+00 9.470992e-05
3.045000e+00 3.050833e+00 3.056667e+00 9.176704e-05
3.056667e+00 3.062500e+00 3.068333e+00 8.891447e-05
3.068333e+00 3.074167e+00 3.080000e+00 8.614950e-05
3.080000e+00 3.085833e+00 3.091667e+00 8.346947e-05
3.091667e+00 3.097500e+00 3.103333e+00 8.087182e-05
3.103333e+00 3.109167e+00 3.115000e+00 7.835406e-05
3.115000e+00 3.120833e+00 3.126667e+00 7.591378e-05
3.126667e+00 3.132500e+00 3.138333e+00 7.354864e-05
3.138333e+00 3.144167e+00 3.150000e+00 7.125634e-05
3.150000e+00 3.155833e+00 3.161667e+00 6.903470e-05
3.161667e+00 3.167500e+00 3.173333e+00 6.688155e-05
3.173333e+00 3.179167e+00 3.185000e+00 6.479484e-05
3.185000e+00 3.190833e+00 3.196667e+00 6.277253e-05
3.196667e+00 3.202500e+00 3.208333e+00 6.081267e-05
3.208333e+00 3.214167e+00 3.220000e+00 5.891335e-05
3.220000e+00 3.225833e+00 3.231667e+00 5.707275e-05
3.231667e+00 3.237500e+00 3.243333e+00 5.528906e-05
3.243333e+00 3.249167e+00 3.255000e+00 5.356056e-05
3.255000e+00 3.260833e+00 3.266667e+00 5.188555e-05
3.266667e+00 3.272500e+00 3.278333e+00 5.026242e-05
3.278333e+00 3.284167e+00 3.290000e+00 4.868957e-05
3.290000e+00 3.295833e+00 3.301667e+00 4.716546e-05
3.301667e+00 3.307500e+00 3.313333e+00 4.568862e-05
3.313333e+00 3.319167e+00 3.325000e+00 4.425758e-05
3.325000e+00 3.330833e+00 3.336667e+00 4.287095e-05
3.336667e+00 3.342500e+00 3.348333e+00 4.152737e-05
3.348333e+00 3.354167e+00 3.360000e+00 4.022552e-05
3.360000e+00 3.365833e+00 3.371667e+00 3.896412e-05
3.371667e+00 3.377500e+00 3.383333e+00 3.774193e-05
3.383333e+00 3.389167e+00 3.395000e+00 3.655774e-05
3.395000e+00 3.400833e+00 3.406667e+00 3.541038e-05
3.406667e+00 3.412500e+00 3.418333e+00 3.429874e-05
3.418333e+00 3.424167e+00 3.430000e+00 3.322170e-05
3.430000e+00 3.435833e+00 3.441667e+00 3.217820e-05
3.441667e+00 3.447500e+00 3.453333e+00 3.116721e-05
3.453333e+00 3.459167e+00 3.465000e+00 3.018773e-05
3.465000e+00 3.470833e+00 3.476667e+00 2.923878e-05
3.476667e+00 3.482500e+00 3.488333e+00 2.831943e-05
3.488333e+00 3.494167e+00 3.500000e+00 2.742877e-05
