1.000000e-06 5.834332e-03 1.166766e-02 3.302418e-05
1.166766e-02 1.750099e-02 2.333433e-02 2.820384e-04
2.333433e-02 2.916766e-02 3.500099e-02 7.459825e-04
3.500099e-02 4.083432e-02 4.666765e-02 1.394680e-03
4.666765e-02 5.250099e-02 5.833432e-02 2.201773e-03
5.833432e-02 6.416765e-02 7.000098e-02 3.143935e-03
7.000098e-02 7.583431e-02 8.166764e-02 4.200382e-03
8.166764e-02 8.750097e-02 9.333431e-02 5.352528e-03
9.333431e-02 9.916764e-02 1.050010e-01 6.583718e-03
1.050010e-01 1.108343e-01 1.166676e-01 7.879008e-03
1.166676e-01 1.225010e-01 1.283343e-01 9.224986e-03
1.283343e-01 1.341676e-01 1.400010e-01 1.060961e-02
1.400010e-01 1.458343e-01 1.516676e-01 1.202209e-02
1.516676e-01 1.575010e-01 1.633343e-01 1.345275e-02
1.633343e-01 1.691676e-01 1.750009e-01 1.489292e-02
1.750009e-01 1.808343e-01 1.866676e-01 1.633489e-02
1.866676e-01 1.925009e-01 1.983343e-01 1.777174e-02
1.983343e-01 2.041676e-01 2.100009e-01 1.919737e-02
2.100009e-01 2.158343e-01 2.216676e-01 2.060633e-02
2.216676e-01 2.275009e-01 2.333343e-01 2.199384e-02
2.333343e-01 2.391676e-01 2.450009e-01 2.335569e-02
2.450009e-01 2.508343e-01 2.566676e-01 2.468818e-02
2.566676e-01 2.625009e-01 2.683343e-01 2.598813e-02
2.683343e-01 2.741676e-01 2.800009e-01 2.725276e-02
2.800009e-01 2.858343e-01 2.916676e-01 2.847972e-02
2.916676e-01 2.975009e-01 3.033342e-01 2.966701e-02
3.033342e-01 3.091676e-01 3.150009e-01 3.081297e-02
3.150009e-01 3.208342e-01 3.266676e-01 3.191625e-02
3.266676e-01 3.325009e-01 3.383342e-01 3.297575e-02
3.383342e-01 3.441676e-01 3.500009e-01 3.399063e-02
3.500009e-01 3.558342e-01 3.616676e-01 3.496030e-02
3.616676e-01 3.675009e-01 3.733342e-01 3.588435e-02
3.733342e-01 3.791676e-01 3.850009e-01 3.676255e-02
3.850009e-01 3.908342e-01 3.966676e-01 3.759485e-02
3.966676e-01 4.025009e-01 4.083342e-01 3.838135e-02
4.083342e-01 4.141675e-01 4.200009e-01 3.912229e-02
4.200009e-01 4.258342e-01 4.316675e-01 3.981801e-02
4.316675e-01 4.375009e-01 4.433342e-01 4.046898e-02
4.433342e-01 4.491675e-01 4.550009e-01 4.107576e-02
4.550009e-01 4.608342e-01 4.666675e-01 4.163898e-02
4.666675e-01 4.725009e-01 4.783342e-01 4.215936e-02
4.783342e-01 4.841675e-01 4.900009e-01 4.263769e-02
4.900009e-01 4.958342e-01 5.016675e-01 4.307480e-02
5.016675e-01 5.075009e-01 5.133342e-01 4.347158e-02
5.133342e-01 5.191675e-01 5.250008e-01 4.382895e-02
5.250008e-01 5.308342e-01 5.366675e-01 4.414790e-02
5.366675e-01 5.425008e-01 5.483342e-01 4.442940e-02
5.483342e-01 5.541675e-01 5.600008e-01 4.467448e-02
5.600008e-01 5.658342e-01 5.716675e-01 4.488417e-02
5.716675e-01 5.775008e-01 5.833342e-01 4.505953e-02
5.833342e-01 5.891675e-01 5.950008e-01 4.520162e-02
5.950008e-01 6.008342e-01 6.066675e-01 4.531151e-02
6.066675e-01 6.125008e-01 6.183342e-01 4.539027e-02
6.183342e-01 6.241675e-01 6.300008e-01 4.543896e-02
6.300008e-01 6.358342e-01 6.416675e-01 4.545867e-02
6.416675e-01 6.475008e-01 6.533341e-01 4.545044e-02
6.533341e-01 6.591675e-01 6.650008e-01 4.541534e-02
6.650008e-01 6.708341e-01 6.766675e-01 4.535441e-02
6.766675e-01 6.825008e-01 6.883341e-01 4.526869e-02
6.883341e-01 6.941675e-01 7.000008e-01 4.515919e-02
7.000008e-01 7.058341e-01 7.116675e-01 4.502693e-02
7.116675e-01 7.175008e-01 7.233341e-01 4.487288e-02
7.233341e-01 7.291675e-01 7.350008e-01 4.469803e-02
7.350008e-01 7.408341e-01 7.466675e-01 4.450333e-02
7.466675e-01 7.525008e-01 7.583341e-01 4.428971e-02
7.583341e-01 7.641674e-01 7.700008e-01 4.405809e-02
7.700008e-01 7.758341e-01 7.816674e-01 4.380937e-02
7.816674e-01 7.875008e-01 7.933341e-01 4.354443e-02
7.933341e-01 7.991674e-01 8.050008e-01 4.326411e-02
8.050008e-01 8.108341e-01 8.166674e-01 4.296925e-02
8.166674e-01 8.225008e-01 8.283341e-01 4.266066e-02
8.283341e-01 8.341674e-01 8.400008e-01 4.233913e-02
8.400008e-01 8.458341e-01 8.516674e-01 4.200544e-02
8.516674e-01 8.575008e-01 8.633341e-01 4.166031e-02
8.633341e-01 8.691674e-01 8.750007e-01 4.130449e-02
8.750007e-01 8.808341e-01 8.866674e-01 4.093867e-02
8.866674e-01 8.925007e-01 8.983341e-01 4.056353e-02
8.983341e-01 9.041674e-01 9.100007e-01 4.017973e-02
9.100007e-01 9.158341e-01 9.216674e-01 3.978791e-02
9.216674e-01 9.275007e-01 9.333341e-01 3.938869e-02
9.333341e-01 9.391674e-01 9.450007e-01 3.898266e-02
9.450007e-01 9.508341e-01 9.566674e-01 3.857040e-02
9.566674e-01 9.625007e-01 9.683341e-01 3.815246e-02
9.683341e-01 9.741674e-01 9.800007e-01 3.772937e-02
9.800007e-01 9.858341e-01 9.916674e-01 3.730166e-02
9.916674e-01 9.975007e-01 1.003334e+00 3.686981e-02
1.003334e+00 1.009167e+00 1.015001e+00 3.643432e-02
1.015001e+00 1.020834e+00 1.026667e+00 3.599562e-02
1.026667e+00 1.032501e+00 1.038334e+00 3.555418e-02
1.038334e+00 1.044167e+00 1.050001e+00 3.511040e-02
1.050001e+00 1.055834e+00 1.061667e+00 3.466469e-02
1.061667e+00 1.067501e+00 1.073334e+00 3.421745e-02
1.073334e+00 1.079167e+00 1.085001e+00 3.376904e-02
1.085001e+00 1.090834e+00 1.096667e+00 3.331983e-02
1.096667e+00 1.102501e+00 1.108334e+00 3.287014e-02
1.108334e+00 1.114167e+00 1.120001e+00 3.242032e-02
1.120001e+00 1.125834e+00 1.131667e+00 3.197066e-02
1.131667e+00 1.137501e+00 1.143334e+00 3.152147e-02
1.143334e+00 1.149167e+00 1.155001e+00 3.107302e-02
1.155001e+00 1.160834e+00 1.166667e+00 3.062559e-02
1.166667e+00 1.172501e+00 1.178334e+00 3.017942e-02
1.178334e+00 1.184167e+00 1.190001e+00 2.973477e-02
1.190001e+00 1.195834e+00 1.201667e+00 2.929187e-02
1.201667e+00 1.207501e+00 1.213334e+00 2.885092e-02
1.213334e+00 1.219167e+00 1.225001e+00 2.841213e-02
1.225001e+00 1.230834e+00 1.236667e+00 2.797571e-02
1.236667e+00 1.242501e+00 1.248334e+00 2.754184e-02
1.248334e+00 1.254167e+00 1.260001e+00 2.711068e-02
1.260001e+00 1.265834e+00 1.271667e+00 2.668241e-02
1.271667e+00 1.277501e+00 1.283334e+00 2.625717e-02
1.283334e+00 1.289167e+00 1.295001e+00 2.583511e-02
1.295001e+00 1.300834e+00 1.306667e+00 2.541637e-02
1.306667e+00 1.312501e+00 1.318334e+00 2.500107e-02
1.318334e+00 1.324167e+00 1.330001e+00 2.458933e-02
1.330001e+00 1.335834e+00 1.341667e+00 2.418126e-02
1.341667e+00 1.347501e+00 1.353334e+00 2.377695e-02
1.353334e+00 1.359167e+00 1.365001e+00 2.337651e-02
1.365001e+00 1.370834e+00 1.376667e+00 2.298002e-02
1.376667e+00 1.382501e+00 1.388334e+00 2.258756e-02
1.388334e+00 1.394167e+00 1.400001e+00 2.219921e-02
1.400001e+00 1.405834e+00 1.411667e+00 2.181502e-02
1.411667e+00 1.417501e+00 1.423334e+00 2.143506e-02
1.423334e+00 1.429167e+00 1.435001e+00 2.105939e-02
1.435001e+00 1.440834e+00 1.446667e+00 2.068804e-02
1.446667e+00 1.452501e+00 1.458334e+00 2.032108e-02
1.458334e+00 1.464167e+00 1.470001e+00 1.995852e-02
1.470001e+00 1.475834e+00 1.481667e+00 1.960041e-02
1.481667e+00 1.487501e+00 1.493334e+00 1.924678e-02
1.493334e+00 1.499167e+00 1.505001e+00 1.889764e-02
1.505001e+00 1.510834e+00 1.516667e+00 1.855302e-02
1.516667e+00 1.522501e+00 1.528334e+00 1.821293e-02
1.528334e+00 1.534167e+00 1.540001e+00 1.787738e-02
1.540001e+00 1.545834e+00 1.551667e+00 1.754638e-02
1.551667e+00 1.557501e+00 1.563334e+00 1.721993e-02
1.563334e+00 1.569167e+00 1.575001e+00 1.689804e-02
1.575001e+00 1.580834e+00 1.586667e+00 1.658070e-02
1.586667e+00 1.592501e+00 1.598334e+00 1.626790e-02
1.598334e+00 1.604167e+00 1.610001e+00 1.595963e-02
1.610001e+00 1.615834e+00 1.621667e+00 1.565589e-02
1.621667e+00 1.627501e+00 1.633334e+00 1.535665e-02
1.633334e+00 1.639167e+00 1.645001e+00 1.506191e-02
1.645001e+00 1.650834e+00 1.656667e+00 1.477164e-02
1.656667e+00 1.662501e+00 1.668334e+00 1.448581e-02
1.668334e+00 1.674167e+00 1.680001e+00 1.420442e-02
1.680001e+00 1.685834e+00 1.691667e+00 1.392742e-02
1.691667e+00 1.697501e+00 1.703334e+00 1.365479e-02
1.703334e+00 1.709167e+00 1.715001e+00 1.338651e-02
1.715001e+00 1.720834e+00 1.726667e+00 1.312254e-02
1.726667e+00 1.732501e+00 1.738334e+00 1.286285e-02
1.738334e+00 1.744167e+00 1.750000e+00 1.260741e-02
1.750000e+00 1.755834e+00 1.761667e+00 1.235617e-02
1.761667e+00 1.767500e+00 1.773334e+00 1.210911e-02
1.773334e+00 1.779167e+00 1.785000e+00 1.186618e-02
1.785000e+00 1.790834e+00 1.796667e+00 1.162736e-02
1.796667e+00 1.802500e+00 1.808334e+00 1.139259e-02
1.808334e+00 1.814167e+00 1.820000e+00 1.116183e-02
1.820000e+00 1.825834e+00 1.831667e+00 1.093505e-02
1.831667e+00 1.837500e+00 1.843334e+00 1.071221e-02
1.843334e+00 1.849167e+00 1.855000e+00 1.049325e-02
1.855000e+00 1.860834e+00 1.866667e+00 1.027815e-02
1.866667e+00 1.872500e+00 1.878334e+00 1.006684e-02
1.878334e+00 1.884167e+00 1.890000e+00 9.859295e-03
1.890000e+00 1.895834e+00 1.901667e+00 9.655461e-03
1.901667e+00 1.907500e+00 1.913334e+00 9.455295e-03
1.913334e+00 1.919167e+00 1.925000e+00 9.258751e-03
1.925000e+00 1.930834e+00 1.936667e+00 9.065784e-03
1.936667e+00 1.942500e+00 1.948334e+00 8.876346e-03
1.948334e+00 1.954167e+00 1.960000e+00 8.690392e-03
1.960000e+00 1.965834e+00 1.971667e+00 8.507874e-03
1.971667e+00 1.977500e+00 1.983334e+00 8.328747e-03
1.983334e+00 1.989167e+00 1.995000e+00 8.152964e-03
1.995000e+00 2.000834e+00 2.006667e+00 7.980478e-03
2.006667e+00 2.012500e+00 2.018334e+00 7.811242e-03
2.018334e+00 2.024167e+00 2.030000e+00 7.645210e-03
2.030000e+00 2.035834e+00 2.041667e+00 7.482335e-03
2.041667e+00 2.047500e+00 2.053334e+00 7.322571e-03
2.053334e+00 2.059167e+00 2.065000e+00 7.165871e-03
2.065000e+00 2.070834e+00 2.076667e+00 7.012189e-03
2.076667e+00 2.082500e+00 2.088334e+00 6.861479e-03
2.088334e+00 2.094167e+00 2.100000e+00 6.713696e-03
2.100000e+00 2.105834e+00 2.111667e+00 6.568795e-03
2.111667e+00 2.117500e+00 2.123334e+00 6.426729e-03
2.123334e+00 2.129167e+00 2.135000e+00 6.287454e-03
2.135000e+00 2.140834e+00 2.146667e+00 6.150925e-03
2.146667e+00 2.152500e+00 2.158334e+00 6.017098e-03
2.158334e+00 2.164167e+00 2.170000e+00 5.885930e-03
2.170000e+00 2.175834e+00 2.181667e+00 5.757375e-03
2.181667e+00 2.187500e+00 2.193334e+00 5.631392e-03
2.193334e+00 2.199167e+00 2.205000e+00 5.507936e-03
2.205000e+00 2.210834e+00 2.216667e+00 5.386967e-03
2.216667e+00 2.222500e+00 2.228334e+00 5.268440e-03
2.228334e+00 2.234167e+00 2.240000e+00 5.152316e-03
2.240000e+00 2.245834e+00 2.251667e+00 5.038552e-03
2.251667e+00 2.257500e+00 2.263334e+00 4.927107e-03
2.263334e+00 2.269167e+00 2.275000e+00 4.817942e-03
2.275000e+00 2.280834e+00 2.286667e+00 4.711016e-03
2.286667e+00 2.292500e+00 2.298334e+00 4.606290e-03
2.298334e+00 2.304167e+00 2.310000e+00 4.503724e-03
2.310000e+00 2.315834e+00 2.321667e+00 4.403280e-03
2.321667e+00 2.327500e+00 2.333334e+00 4.304920e-03
2.333334e+00 2.339167e+00 2.345000e+00 4.208606e-03
2.345000e+00 2.350834e+00 2.356667e+00 4.114301e-03
2.356667e+00 2.362500e+00 2.368334e+00 4.021969e-03
2.368334e+00 2.374167e+00 2.380000e+00 3.931572e-03
2.380000e+00 2.385834e+00 2.391667e+00 3.843075e-03
2.391667e+00 2.397500e+00 2.403334e+00 3.756444e-03
2.403334e+00 2.409167e+00 2.415000e+00 3.671642e-03
2.415000e+00 2.420834e+00 2.426667e+00 3.588636e-03
2.426667e+00 2.432500e+00 2.438334e+00 3.507392e-03
2.438334e+00 2.444167e+00 2.450000e+00 3.427877e-03
2.450000e+00 2.455834e+00 2.461667e+00 3.350057e-03
2.461667e+00 2.467500e+00 2.473334e+00 3.273901e-03
2.473334e+00 2.479167e+00 2.485000e+00 3.199375e-03
2.485000e+00 2.490834e+00 2.496667e+00 3.126450e-03
2.496667e+00 2.502500e+00 2.508334e+00 3.055094e-03
2.508334e+00 2.514167e+00 2.520000e+00 2.985276e-03
2.520000e+00 2.525834e+00 2.531667e+00 2.916967e-03
2.531667e+00 2.537500e+00 2.543334e+00 2.850137e-03
2.543334e+00 2.549167e+00 2.555000e+00 2.784756e-03
2.555000e+00 2.560834e+00 2.566667e+00 2.720797e-03
2.566667e+00 2.572500e+00 2.578334e+00 2.658230e-03
2.578334e+00 2.584167e+00 2.590000e+00 2.597030e-03
2.590000e+00 2.595834e+00 2.601667e+00 2.537167e-03
2.601667e+00 2.607500e+00 2.613334e+00 2.478616e-03
2.613334e+00 2.619167e+00 2.625000e+00 2.421349e-03
2.625000e+00 2.630834e+00 2.636667e+00 2.365342e-03
2.636667e+00 2.642500e+00 2.648334e+00 2.310568e-03
2.648334e+00 2.654167e+00 2.660000e+00 2.257004e-03
2.660000e+00 2.665834e+00 2.671667e+00 2.204623e-03
2.671667e+00 2.677500e+00 2.683334e+00 2.153402e-03
2.683334e+00 2.689167e+00 2.695000e+00 2.103317e-03
2.695000e+00 2.700834e+00 2.706667e+00 2.054345e-03
2.706667e+00 2.712500e+00 2.718334e+00 2.006463e-03
2.718334e+00 2.724167e+00 2.730000e+00 1.959648e-03
2.730000e+00 2.735834e+00 2.741667e+00 1.913878e-03
2.741667e+00 2.747500e+00 2.753334e+00 1.869132e-03
2.753334e+00 2.759167e+00 2.765000e+00 1.825388e-03
2.765000e+00 2.770834e+00 2.776667e+00 1.782626e-03
2.776667e+00 2.782500e+00 2.788334e+00 1.740824e-03
2.788334e+00 2.794167e+00 2.800000e+00 1.699963e-03
2.800000e+00 2.805834e+00 2.811667e+00 1.660022e-03
2.811667e+00 2.817500e+00 2.823334e+00 1.620983e-03
2.823334e+00 2.829167e+00 2.835000e+00 1.582827e-03
2.835000e+00 2.840834e+00 2.846667e+00 1.545533e-03
2.846667e+00 2.852500e+00 2.858334e+00 1.509085e-03
2.858334e+00 2.864167e+00 2.870000e+00 1.473465e-03
2.870000e+00 2.875834e+00 2.881667e+00 1.438654e-03
2.881667e+00 2.887500e+00 2.893334e+00 1.404635e-03
2.893334e+00 2.899167e+00 2.905000e+00 1.371391e-03
2.905000e+00 2.910834e+00 2.916667e+00 1.338906e-03
2.916667e+00 2.922500e+00 2.928333e+00 1.307163e-03
2.928333e+00 2.934167e+00 2.940000e+00 1.276146e-03
2.940000e+00 2.945833e+00 2.951667e+00 1.245840e-03
2.951667e+00 2.957500e+00 2.963333e+00 1.216229e-03
2.963333e+00 2.969167e+00 2.975000e+00 1.187298e-03
2.975000e+00 2.980833e+00 2.986667e+00 1.159032e-03
2.986667e+00 2.992500e+00 2.998333e+00 1.131416e-03
2.998333e+00 3.004167e+00 3.010000e+00 1.104438e-03
3.010000e+00 3.015833e+00 3.021667e+00 1.078081e-03
3.021667e+00 3.027500e+00 3.033333e+00 1.052334e-03
3.033333e+00 3.039167e+00 3.045000e+00 1.027182e-03
3.045000e+00 3.050833e+00 3.056667e+00 1.002613e-03
3.056667e+00 3.062500e+00 3.068333e+00 9.786127e-04
3.068333e+00 3.074167e+00 3.080000e+00 9.551697e-04
3.080000e+00 3.085833e+00 3.091667e+00 9.322713e-04
3.091667e+00 3.097500e+00 3.103333e+00 9.099055e-04
3.103333e+00 3.109167e+00 3.115000e+00 8.880604e-04
3.115000e+00 3.120833e+00 3.126667e+00 8.667244e-04
3.126667e+00 3.132500e+00 3.138333e+00 8.458863e-04
3.138333e+00 3.144167e+00 3.150000e+00 8.255348e-04
3.150000e+00 3.155833e+00 3.161667e+00 8.056592e-04
3.161667e+00 3.167500e+00 3.173333e+00 7.862486e-04
3.173333e+00 3.179167e+00 3.185000e+00 7.672928e-04
3.185000e+00 3.190833e+00 3.196667e+00 7.487816e-04
3.196667e+00 3.202500e+00 3.208333e+00 7.307048e-04
3.208333e+00 3.214167e+00 3.220000e+00 7.130527e-04
3.220000e+00 3.225833e+00 3.231667e+00 6.958158e-04
3.231667e+00 3.237500e+00 3.243333e+00 6.789846e-04
3.243333e+00 3.249167e+00 3.255000e+00 6.625500e-04
3.255000e+00 3.260833e+00 3.266667e+00 6.465030e-04
3.266667e+00 3.272500e+00 3.278333e+00 6.308348e-04
3.278333e+00 3.284167e+00 3.290000e+00 6.155367e-04
3.290000e+00 3.295833e+00 3.301667e+00 6.006004e-04
3.301667e+00 3.307500e+00 3.313333e+00 5.860177e-04
3.313333e+00 3.319167e+00 3.325000e+00 5.717804e-04
3.325000e+00 3.330833e+00 3.336667e+00 5.578806e-04
3.336667e+00 3.342500e+00 3.348333e+00 5.443107e-04
3.348333e+00 3.354167e+00 3.360000e+00 5.310631e-04
3.360000e+00 3.365833e+00 3.371667e+00 5.181304e-04
3.371667e+00 3.377500e+00 3.383333e+00 5.055053e-04
3.383333e+00 3.389167e+00 3.395000e+00 4.931808e-04
3.395000e+00 3.400833e+00 3.406667e+00 4.811500e-04
3.406667e+00 3.412500e+00 3.418333e+00 4.694061e-04
3.418333e+00 3.424167e+00 3.430000e+00 4.579424e-04
3.430000e+00 3.435833e+00 3.441667e+00 4.467526e-04
3.441667e+00 3.447500e+00 3.453333e+00 4.358302e-04
3.453333e+00 3.459167e+00 3.465000e+00 4.251692e-04
3.465000e+00 3.470833e+00 3.476667e+00 4.147633e-04
3.476667e+00 3.482500e+00 3.488333e+00 4.046068e-04
3.488333e+00 3.494167e+00 3.500000e+00 3.946937e-04
