1.000000e-06 5.834332e-03 1.166766e-02 3.305899e-05
1.166766e-02 1.750099e-02 2.333433e-02 2.824710e-04
2.333433e-02 2.916766e-02 3.500099e-02 7.470569e-04
3.500099e-02 4.083432e-02 4.666765e-02 1.396148e-03
4.666765e-02 5.250099e-02 5.833432e-02 2.202810e-03
5.833432e-02 6.416765e-02 7.000098e-02 3.143133e-03
7.000098e-02 7.583431e-02 8.166764e-02 4.195785e-03
8.166764e-02 8.750097e-02 9.333431e-02 5.341685e-03
9.333431e-02 9.916764e-02 1.050010e-01 6.563735e-03
1.050010e-01 1.108343e-01 1.166676e-01 7.846615e-03
1.166676e-01 1.225010e-01 1.283343e-01 9.176595e-03
1.283343e-01 1.341676e-01 1.400010e-01 1.054138e-02
1.400010e-01 1.458343e-01 1.516676e-01 1.192997e-02
1.516676e-01 1.575010e-01 1.633343e-01 1.333253e-02
1.633343e-01 1.691676e-01 1.750009e-01 1.474032e-02
1.750009e-01 1.808343e-01 1.866676e-01 1.614555e-02
1.866676e-01 1.925009e-01 1.983343e-01 1.754130e-02
1.983343e-01 2.041676e-01 2.100009e-01 1.892147e-02
2.100009e-01 2.158343e-01 2.216676e-01 2.028070e-02
2.216676e-01 2.275009e-01 2.333343e-01 2.161426e-02
2.333343e-01 2.391676e-01 2.450009e-01 2.291806e-02
2.450009e-01 2.508343e-01 2.566676e-01 2.418855e-02
2.566676e-01 2.625009e-01 2.683343e-01 2.542268e-02
2.683343e-01 2.741676e-01 2.800009e-01 2.661785e-02
2.800009e-01 2.858343e-01 2.916676e-01 2.777190e-02
2.916676e-01 2.975009e-01 3.033342e-01 2.888301e-02
3.033342e-01 3.091676e-01 3.150009e-01 2.994974e-02
3.150009e-01 3.208342e-01 3.266676e-01 3.097093e-02
3.266676e-01 3.325009e-01 3.383342e-01 3.194572e-02
3.383342e-01 3.441676e-01 3.500009e-01 3.287349e-02
3.500009e-01 3.558342e-01 3.616676e-01 3.375386e-02
3.616676e-01 3.675009e-01 3.733342e-01 3.458665e-02
3.733342e-01 3.791676e-01 3.850009e-01 3.537186e-02
3.850009e-01 3.908342e-01 3.966676e-01 3.610967e-02
3.966676e-01 4.025009e-01 4.083342e-01 3.680038e-02
4.083342e-01 4.141675e-01 4.200009e-01 3.744446e-02
4.200009e-01 4.258342e-01 4.316675e-01 3.804247e-02
4.316675e-01 4.375009e-01 4.433342e-01 3.859509e-02
4.433342e-01 4.491675e-01 4.550009e-01 3.910306e-02
4.550009e-01 4.608342e-01 4.666675e-01 3.956723e-02
4.666675e-01 4.725009e-01 4.783342e-01 3.998851e-02
4.783342e-01 4.841675e-01 4.900009e-01 4.036787e-02
4.900009e-01 4.958342e-01 5.016675e-01 4.070631e-02
5.016675e-01 5.075009e-01 5.133342e-01 4.100491e-02
5.133342e-01 5.191675e-01 5.250008e-01 4.126476e-02
5.250008e-01 5.308342e-01 5.366675e-01 4.148697e-02
5.366675e-01 5.425008e-01 5.483342e-01 4.167270e-02
5.483342e-01 5.541675e-01 5.600008e-01 4.182309e-02
5.600008e-01 5.658342e-01 5.716675e-01 4.193933e-02
5.716675e-01 5.775008e-01 5.833342e-01 4.202259e-02
5.833342e-01 5.891675e-01 5.950008e-01 4.207405e-02
5.950008e-01 6.008342e-01 6.066675e-01 4.209489e-02
6.066675e-01 6.125008e-01 6.183342e-01 4.208628e-02
6.183342e-01 6.241675e-01 6.300008e-01 4.204940e-02
6.300008e-01 6.358342e-01 6.416675e-01 4.198541e-02
6.416675e-01 6.475008e-01 6.533341e-01 4.189544e-02
6.533341e-01 6.591675e-01 6.650008e-01 4.178063e-02
6.650008e-01 6.708341e-01 6.766675e-01 4.164209e-02
6.766675e-01 6.825008e-01 6.883341e-01 4.148093e-02
6.883341e-01 6.941675e-01 7.000008e-01 4.129821e-02
7.000008e-01 7.058341e-01 7.116675e-01 4.109499e-02
7.116675e-01 7.175008e-01 7.233341e-01 4.087231e-02
7.233341e-01 7.291675e-01 7.350008e-01 4.063118e-02
7.350008e-01 7.408341e-01 7.466675e-01 4.037258e-02
7.466675e-01 7.525008e-01 7.583341e-01 4.009749e-02
7.583341e-01 7.641674e-01 7.700008e-01 3.980683e-02
7.700008e-01 7.758341e-01 7.816674e-01 3.950153e-02
7.816674e-01 7.875008e-01 7.933341e-01 3.918247e-02
7.933341e-01 7.991674e-01 8.050008e-01 3.885051e-02
8.050008e-01 8.108341e-01 8.166674e-01 3.850650e-02
8.166674e-01 8.225008e-01 8.283341e-01 3.815125e-02
8.283341e-01 8.341674e-01 8.400008e-01 3.778554e-02
8.400008e-01 8.458341e-01 8.516674e-01 3.741013e-02
8.516674e-01 8.575008e-01 8.633341e-01 3.702576e-02
8.633341e-01 8.691674e-01 8.750007e-01 3.663314e-02
8.750007e-01 8.808341e-01 8.866674e-01 3.623295e-02
8.866674e-01 8.925007e-01 8.983341e-01 3.582587e-02
8.983341e-01 9.041674e-01 9.100007e-01 3.541251e-02
9.100007e-01 9.158341e-01 9.216674e-01 3.499351e-02
9.216674e-01 9.275007e-01 9.333341e-01 3.456944e-02
9.333341e-01 9.391674e-01 9.450007e-01 3.414087e-02
9.450007e-01 9.508341e-01 9.566674e-01 3.370835e-02
9.566674e-01 9.625007e-01 9.683341e-01 3.327240e-02
9.683341e-01 9.741674e-01 9.800007e-01 3.283353e-02
9.800007e-01 9.858341e-01 9.916674e-01 3.239220e-02
9.916674e-01 9.975007e-01 1.003334e+00 3.194888e-02
1.003334e+00 1.009167e+00 1.015001e+00 3.150400e-02
1.015001e+00 1.020834e+00 1.026667e+00 3.105799e-02
1.026667e+00 1.032501e+00 1.038334e+00 3.061124e-02
1.038334e+00 1.044167e+00 1.050001e+00 3.016413e-02
1.050001e+00 1.055834e+00 1.061667e+00 2.971703e-02
1.061667e+00 1.067501e+00 1.073334e+00 2.927029e-02
1.073334e+00 1.079167e+00 1.085001e+00 2.882422e-02
1.085001e+00 1.090834e+00 1.096667e+00 2.837914e-02
1.096667e+00 1.102501e+00 1.108334e+00 2.793535e-02
1.108334e+00 1.114167e+00 1.120001e+00 2.749312e-02
1.120001e+00 1.125834e+00 1.131667e+00 2.705273e-02
1.131667e+00 1.137501e+00 1.143334e+00 2.661441e-02
1.143334e+00 1.149167e+00 1.155001e+00 2.617840e-02
1.155001e+00 1.160834e+00 1.166667e+00 2.574493e-02
1.166667e+00 1.172501e+00 1.178334e+00 2.531421e-02
1.178334e+00 1.184167e+00 1.190001e+00 2.488643e-02
1.190001e+00 1.195834e+00 1.201667e+00 2.446177e-02
1.201667e+00 1.207501e+00 1.213334e+00 2.404041e-02
1.213334e+00 1.219167e+00 1.225001e+00 2.362251e-02
1.225001e+00 1.230834e+00 1.236667e+00 2.320821e-02
1.236667e+00 1.242501e+00 1.248334e+00 2.279766e-02
1.248334e+00 1.254167e+00 1.260001e+00 2.239099e-02
1.260001e+00 1.265834e+00 1.271667e+00 2.198831e-02
1.271667e+00 1.277501e+00 1.283334e+00 2.158973e-02
1.283334e+00 1.289167e+00 1.295001e+00 2.119536e-02
1.295001e+00 1.300834e+00 1.306667e+00 2.080528e-02
1.306667e+00 1.312501e+00 1.318334e+00 2.041958e-02
1.318334e+00 1.324167e+00 1.330001e+00 2.003834e-02
1.330001e+00 1.335834e+00 1.341667e+00 1.966163e-02
1.341667e+00 1.347501e+00 1.353334e+00 1.928950e-02
1.353334e+00 1.359167e+00 1.365001e+00 1.892202e-02
1.365001e+00 1.370834e+00 1.376667e+00 1.855922e-02
1.376667e+00 1.382501e+00 1.388334e+00 1.820115e-02
1.388334e+00 1.394167e+00 1.400001e+00 1.784784e-02
1.400001e+00 1.405834e+00 1.411667e+00 1.749933e-02
1.411667e+00 1.417501e+00 1.423334e+00 1.715564e-02
1.423334e+00 1.429167e+00 1.435001e+00 1.681679e-02
1.435001e+00 1.440834e+00 1.446667e+00 1.648278e-02
1.446667e+00 1.452501e+00 1.458334e+00 1.615364e-02
1.458334e+00 1.464167e+00 1.470001e+00 1.582936e-02
1.470001e+00 1.475834e+00 1.481667e+00 1.550995e-02
1.481667e+00 1.487501e+00 1.493334e+00 1.519540e-02
1.493334e+00 1.499167e+00 1.505001e+00 1.488571e-02
1.505001e+00 1.510834e+00 1.516667e+00 1.458086e-02
1.516667e+00 1.522501e+00 1.528334e+00 1.428084e-02
1.528334e+00 1.534167e+00 1.540001e+00 1.398564e-02
1.540001e+00 1.545834e+00 1.551667e+00 1.369522e-02
1.551667e+00 1.557501e+00 1.563334e+00 1.340957e-02
1.563334e+00 1.569167e+00 1.575001e+00 1.312867e-02
1.575001e+00 1.580834e+00 1.586667e+00 1.285248e-02
1.586667e+00 1.592501e+00 1.598334e+00 1.258097e-02
1.598334e+00 1.604167e+00 1.610001e+00 1.231412e-02
1.610001e+00 1.615834e+00 1.621667e+00 1.205187e-02
1.621667e+00 1.627501e+00 1.633334e+00 1.179421e-02
1.633334e+00 1.639167e+00 1.645001e+00 1.154109e-02
1.645001e+00 1.650834e+00 1.656667e+00 1.129246e-02
1.656667e+00 1.662501e+00 1.668334e+00 1.104829e-02
1.668334e+00 1.674167e+00 1.680001e+00 1.080853e-02
1.680001e+00 1.685834e+00 1.691667e+00 1.057314e-02
1.691667e+00 1.697501e+00 1.703334e+00 1.034208e-02
1.703334e+00 1.709167e+00 1.715001e+00 1.011529e-02
1.715001e+00 1.720834e+00 1.726667e+00 9.892723e-03
1.726667e+00 1.732501e+00 1.738334e+00 9.674338e-03
1.738334e+00 1.744167e+00 1.750000e+00 9.460081e-03
1.750000e+00 1.755834e+00 1.761667e+00 9.249904e-03
1.761667e+00 1.767500e+00 1.773334e+00 9.043753e-03
1.773334e+00 1.779167e+00 1.785000e+00 8.841579e-03
1.785000e+00 1.790834e+00 1.796667e+00 8.643327e-03
1.796667e+00 1.802500e+00 1.808334e+00 8.448947e-03
1.808334e+00 1.814167e+00 1.820000e+00 8.258386e-03
1.820000e+00 1.825834e+00 1.831667e+00 8.071589e-03
1.831667e+00 1.837500e+00 1.843334e+00 7.888504e-03
1.843334e+00 1.849167e+00 1.855000e+00 7.709077e-03
1.855000e+00 1.860834e+00 1.866667e+00 7.533255e-03
1.866667e+00 1.872500e+00 1.878334e+00 7.360984e-03
1.878334e+00 1.884167e+00 1.890000e+00 7.192210e-03
1.890000e+00 1.895834e+00 1.901667e+00 7.026879e-03
1.901667e+00 1.907500e+00 1.913334e+00 6.864938e-03
1.913334e+00 1.919167e+00 1.925000e+00 6.706334e-03
1.925000e+00 1.930834e+00 1.936667e+00 6.551012e-03
1.936667e+00 1.942500e+00 1.948334e+00 6.398921e-03
1.948334e+00 1.954167e+00 1.960000e+00 6.250007e-03
1.960000e+00 1.965834e+00 1.971667e+00 6.104217e-03
1.971667e+00 1.977500e+00 1.983334e+00 5.961499e-03
1.983334e+00 1.989167e+00 1.995000e+00 5.821801e-03
1.995000e+00 2.000834e+00 2.006667e+00 5.685072e-03
2.006667e+00 2.012500e+00 2.018334e+00 5.551259e-03
2.018334e+00 2.024167e+00 2.030000e+00 5.420313e-03
2.030000e+00 2.035834e+00 2.041667e+00 5.292183e-03
2.041667e+00 2.047500e+00 2.053334e+00 5.166818e-03
2.053334e+00 2.059167e+00 2.065000e+00 5.044170e-03
2.065000e+00 2.070834e+00 2.076667e+00 4.924188e-03
2.076667e+00 2.082500e+00 2.088334e+00 4.806825e-03
2.088334e+00 2.094167e+00 2.100000e+00 4.692032e-03
2.100000e+00 2.105834e+00 2.111667e+00 4.579762e-03
2.111667e+00 2.117500e+00 2.123334e+00 4.469967e-03
2.123334e+00 2.129167e+00 2.135000e+00 4.362602e-03
2.135000e+00 2.140834e+00 2.146667e+00 4.257619e-03
2.146667e+00 2.152500e+00 2.158334e+00 4.154974e-03
2.158334e+00 2.164167e+00 2.170000e+00 4.054622e-03
2.170000e+00 2.175834e+00 2.181667e+00 3.956518e-03
2.181667e+00 2.187500e+00 2.193334e+00 3.860619e-03
2.193334e+00 2.199167e+00 2.205000e+00 3.766881e-03
2.205000e+00 2.210834e+00 2.216667e+00 3.675263e-03
2.216667e+00 2.222500e+00 2.228334e+00 3.585721e-03
2.228334e+00 2.234167e+00 2.240000e+00 3.498215e-03
2.240000e+00 2.245834e+00 2.251667e+00 3.412704e-03
2.251667e+00 2.257500e+00 2.263334e+00 3.329148e-03
2.263334e+00 2.269167e+00 2.275000e+00 3.247507e-03
2.275000e+00 2.280834e+00 2.286667e+00 3.167743e-03
2.286667e+00 2.292500e+00 2.298334e+00 3.089816e-03
2.298334e+00 2.304167e+00 2.310000e+00 3.013689e-03
2.310000e+00 2.315834e+00 2.321667e+00 2.939325e-03
2.321667e+00 2.327500e+00 2.333334e+00 2.866687e-03
2.333334e+00 2.339167e+00 2.345000e+00 2.795739e-03
2.345000e+00 2.350834e+00 2.356667e+00 2.726447e-03
2.356667e+00 2.362500e+00 2.368334e+00 2.658774e-03
2.368334e+00 2.374167e+00 2.380000e+00 2.592688e-03
2.380000e+00 2.385834e+00 2.391667e+00 2.528153e-03
2.391667e+00 2.397500e+00 2.403334e+00 2.465138e-03
2.403334e+00 2.409167e+00 2.415000e+00 2.403609e-03
2.415000e+00 2.420834e+00 2.426667e+00 2.343535e-03
2.426667e+00 2.432500e+00 2.438334e+00 2.284884e-03
2.438334e+00 2.444167e+00 2.450000e+00 2.227625e-03
2.450000e+00 2.455834e+00 2.461667e+00 2.171729e-03
2.461667e+00 2.467500e+00 2.473334e+00 2.117166e-03
2.473334e+00 2.479167e+00 2.485000e+00 2.063906e-03
2.485000e+00 2.490834e+00 2.496667e+00 2.011920e-03
2.496667e+00 2.502500e+00 2.508334e+00 1.961181e-03
2.508334e+00 2.514167e+00 2.520000e+00 1.911662e-03
2.520000e+00 2.525834e+00 2.531667e+00 1.863334e-03
2.531667e+00 2.537500e+00 2.543334e+00 1.816172e-03
2.543334e+00 2.549167e+00 2.555000e+00 1.770149e-03
2.555000e+00 2.560834e+00 2.566667e+00 1.725240e-03
2.566667e+00 2.572500e+00 2.578334e+00 1.681420e-03
2.578334e+00 2.584167e+00 2.590000e+00 1.638665e-03
2.590000e+00 2.595834e+00 2.601667e+00 1.596950e-03
2.601667e+00 2.607500e+00 2.613334e+00 1.556251e-03
2.613334e+00 2.619167e+00 2.625000e+00 1.516547e-03
2.625000e+00 2.630834e+00 2.636667e+00 1.477813e-03
2.636667e+00 2.642500e+00 2.648334e+00 1.440028e-03
2.648334e+00 2.654167e+00 2.660000e+00 1.403170e-03
2.660000e+00 2.665834e+00 2.671667e+00 1.367218e-03
2.671667e+00 2.677500e+00 2.683334e+00 1.332151e-03
2.683334e+00 2.689167e+00 2.695000e+00 1.297948e-03
2.695000e+00 2.700834e+00 2.706667e+00 1.264589e-03
2.706667e+00 2.712500e+00 2.718334e+00 1.232055e-03
2.718334e+00 2.724167e+00 2.730000e+00 1.200327e-03
2.730000e+00 2.735834e+00 2.741667e+00 1.169386e-03
2.741667e+00 2.747500e+00 2.753334e+00 1.139213e-03
2.753334e+00 2.759167e+00 2.765000e+00 1.109790e-03
2.765000e+00 2.770834e+00 2.776667e+00 1.081100e-03
2.776667e+00 2.782500e+00 2.788334e+00 1.053126e-03
2.788334e+00 2.794167e+00 2.800000e+00 1.025850e-03
2.800000e+00 2.805834e+00 2.811667e+00 9.992567e-04
2.811667e+00 2.817500e+00 2.823334e+00 9.733290e-04
2.823334e+00 2.829167e+00 2.835000e+00 9.480514e-04
2.835000e+00 2.840834e+00 2.846667e+00 9.234084e-04
2.846667e+00 2.852500e+00 2.858334e+00 8.993849e-04
2.858334e+00 2.864167e+00 2.870000e+00 8.759661e-04
2.870000e+00 2.875834e+00 2.881667e+00 8.531375e-04
2.881667e+00 2.887500e+00 2.893334e+00 8.308849e-04
2.893334e+00 2.899167e+00 2.905000e+00 8.091946e-04
2.905000e+00 2.910834e+00 2.916667e+00 7.880529e-04
2.916667e+00 2.922500e+00 2.928333e+00 7.674466e-04
2.928333e+00 2.934167e+00 2.940000e+00 7.473629e-04
2.940000e+00 2.945833e+00 2.951667e+00 7.277889e-04
2.951667e+00 2.957500e+00 2.963333e+00 7.087124e-04
2.963333e+00 2.969167e+00 2.975000e+00 6.901213e-04
2.975000e+00 2.980833e+00 2.986667e+00 6.720037e-04
2.986667e+00 2.992500e+00 2.998333e+00 6.543481e-04
2.998333e+00 3.004167e+00 3.010000e+00 6.371432e-04
3.010000e+00 3.015833e+00 3.021667e+00 6.203780e-04
3.021667e+00 3.027500e+00 3.033333e+00 6.040418e-04
3.033333e+00 3.039167e+00 3.045000e+00 5.881239e-04
3.045000e+00 3.050833e+00 3.056667e+00 5.726141e-04
3.056667e+00 3.062500e+00 3.068333e+00 5.575023e-04
3.068333e+00 3.074167e+00 3.080000e+00 5.427787e-04
3.080000e+00 3.085833e+00 3.091667e+00 5.284338e-04
3.091667e+00 3.097500e+00 3.103333e+00 5.144582e-04
3.103333e+00 3.109167e+00 3.115000e+00 5.008427e-04
3.115000e+00 3.120833e+00 3.126667e+00 4.875783e-04
3.126667e+00 3.132500e+00 3.138333e+00 4.746564e-04
3.138333e+00 3.144167e+00 3.150000e+00 4.620685e-04
3.150000e+00 3.155833e+00 3.161667e+00 4.498061e-04
3.161667e+00 3.167500e+00 3.173333e+00 4.378613e-04
3.173333e+00 3.179167e+00 3.185000e+00 4.262260e-04
3.185000e+00 3.190833e+00 3.196667e+00 4.148925e-04
3.196667e+00 3.202500e+00 3.208333e+00 4.038532e-04
3.208333e+00 3.214167e+00 3.220000e+00 3.931008e-04
3.220000e+00 3.225833e+00 3.231667e+00 3.826281e-04
3.231667e+00 3.237500e+00 3.243333e+00 3.724279e-04
3.243333e+00 3.249167e+00 3.255000e+00 3.624935e-04
3.255000e+00 3.260833e+00 3.266667e+00 3.528182e-04
3.266667e+00 3.272500e+00 3.278333e+00 3.433954e-04
3.278333e+00 3.284167e+00 3.290000e+00 3.342187e-04
3.290000e+00 3.295833e+00 3.301667e+00 3.252819e-04
3.301667e+00 3.307500e+00 3.313333e+00 3.165789e-04
3.313333e+00 3.319167e+00 3.325000e+00 3.081038e-04
3.325000e+00 3.330833e+00 3.336667e+00 2.998508e-04
3.336667e+00 3.342500e+00 3.348333e+00 2.918142e-04
3.348333e+00 3.354167e+00 3.360000e+00 2.839886e-04
3.360000e+00 3.365833e+00 3.371667e+00 2.763686e-04
3.371667e+00 3.377500e+00 3.383333e+00 2.689488e-04
3.383333e+00 3.389167e+00 3.395000e+00 2.617243e-04
3.395000e+00 3.400833e+00 3.406667e+00 2.546899e-04
3.406667e+00 3.412500e+00 3.418333e+00 2.478409e-04
3.418333e+00 3.424167e+00 3.430000e+00 2.411725e-04
3.430000e+00 3.435833e+00 3.441667e+00 2.346800e-04
3.441667e+00 3.447500e+00 3.453333e+00 2.283590e-04
3.453333e+00 3.459167e+00 3.465000e+00 2.222050e-04
3.465000e+00 3.470833e+00 3.476667e+00 2.162137e-04
3.476667e+00 3.482500e+00 3.488333e+00 2.103810e-04
3.488333e+00 3.494167e+00 3.500000e+00 2.047027e-04
