1.000000e-06 5.834332e-03 1.166766e-02 3.310082e-05
1.166766e-02 1.750099e-02 2.333433e-02 2.831060e-04
2.333433e-02 2.916766e-02 3.500099e-02 7.490446e-04
3.500099e-02 4.083432e-02 4.666765e-02 1.400022e-03
4.666765e-02 5.250099e-02 5.833432e-02 2.208731e-03
5.833432e-02 6.416765e-02 7.000098e-02 3.150838e-03
7.000098e-02 7.583431e-02 8.166764e-02 4.204578e-03
8.166764e-02 8.750097e-02 9.333431e-02 5.350452e-03
9.333431e-02 9.916764e-02 1.050010e-01 6.570982e-03
1.050010e-01 1.108343e-01 1.166676e-01 7.850497e-03
1.166676e-01 1.225010e-01 1.283343e-01 9.174962e-03
1.283343e-01 1.341676e-01 1.400010e-01 1.053182e-02
1.400010e-01 1.458343e-01 1.516676e-01 1.190985e-02
1.516676e-01 1.575010e-01 1.633343e-01 1.329905e-02
1.633343e-01 1.691676e-01 1.750009e-01 1.469052e-02
1.750009e-01 1.808343e-01 1.866676e-01 1.607637e-02
1.866676e-01 1.925009e-01 1.983343e-01 1.744963e-02
1.983343e-01 2.041676e-01 2.100009e-01 1.880417e-02
2.100009e-01 2.158343e-01 2.216676e-01 2.013459e-02
2.216676e-01 2.275009e-01 2.333343e-01 2.143622e-02
2.333343e-01 2.391676e-01 2.450009e-01 2.270499e-02
2.450009e-01 2.508343e-01 2.566676e-01 2.393743e-02
2.566676e-01 2.625009e-01 2.683343e-01 2.513056e-02
2.683343e-01 2.741676e-01 2.800009e-01 2.628191e-02
2.800009e-01 2.858343e-01 2.916676e-01 2.738940e-02
2.916676e-01 2.975009e-01 3.033342e-01 2.845136e-02
3.033342e-01 3.091676e-01 3.150009e-01 2.946649e-02
3.150009e-01 3.208342e-01 3.266676e-01 3.043376e-02
3.266676e-01 3.325009e-01 3.383342e-01 3.135248e-02
3.383342e-01 3.441676e-01 3.500009e-01 3.222219e-02
3.500009e-01 3.558342e-01 3.616676e-01 3.304267e-02
3.616676e-01 3.675009e-01 3.733342e-01 3.381389e-02
3.733342e-01 3.791676e-01 3.850009e-01 3.453604e-02
3.850009e-01 3.908342e-01 3.966676e-01 3.520946e-02
3.966676e-01 4.025009e-01 4.083342e-01 3.583462e-02
4.083342e-01 4.141675e-01 4.200009e-01 3.641215e-02
4.200009e-01 4.258342e-01 4.316675e-01 3.694278e-02
4.316675e-01 4.375009e-01 4.433342e-01 3.742735e-02
4.433342e-01 4.491675e-01 4.550009e-01 3.786676e-02
4.550009e-01 4.608342e-01 4.666675e-01 3.826201e-02
4.666675e-01 4.725009e-01 4.783342e-01 3.861417e-02
4.783342e-01 4.841675e-01 4.900009e-01 3.892435e-02
4.900009e-01 4.958342e-01 5.016675e-01 3.919370e-02
5.016675e-01 5.075009e-01 5.133342e-01 3.942341e-02
5.133342e-01 5.191675e-01 5.250008e-01 3.961473e-02
5.250008e-01 5.308342e-01 5.366675e-01 3.976888e-02
5.366675e-01 5.425008e-01 5.483342e-01 3.988713e-02
5.483342e-01 5.541675e-01 5.600008e-01 3.997077e-02
5.600008e-01 5.658342e-01 5.716675e-01 4.002105e-02
5.716675e-01 5.775008e-01 5.833342e-01 4.003928e-02
5.833342e-01 5.891675e-01 5.950008e-01 4.002671e-02
5.950008e-01 6.008342e-01 6.066675e-01 3.998463e-02
6.066675e-01 6.125008e-01 6.183342e-01 3.991428e-02
6.183342e-01 6.241675e-01 6.300008e-01 3.981692e-02
6.300008e-01 6.358342e-01 6.416675e-01 3.969379e-02
6.416675e-01 6.475008e-01 6.533341e-01 3.954608e-02
6.533341e-01 6.591675e-01 6.650008e-01 3.937499e-02
6.650008e-01 6.708341e-01 6.766675e-01 3.918170e-02
6.766675e-01 6.825008e-01 6.883341e-01 3.896734e-02
6.883341e-01 6.941675e-01 7.000008e-01 3.873305e-02
7.000008e-01 7.058341e-01 7.116675e-01 3.847992e-02
7.116675e-01 7.175008e-01 7.233341e-01 3.820902e-02
7.233341e-01 7.291675e-01 7.350008e-01 3.792140e-02
7.350008e-01 7.408341e-01 7.466675e-01 3.761806e-02
7.466675e-01 7.525008e-01 7.583341e-01 3.729999e-02
7.583341e-01 7.641674e-01 7.700008e-01 3.696816e-02
7.700008e-01 7.758341e-01 7.816674e-01 3.662350e-02
7.816674e-01 7.875008e-01 7.933341e-01 3.626689e-02
7.933341e-01 7.991674e-01 8.050008e-01 3.589922e-02
8.050008e-01 8.108341e-01 8.166674e-01 3.552132e-02
8.166674e-01 8.225008e-01 8.283341e-01 3.513400e-02
8.283341e-01 8.341674e-01 8.400008e-01 3.473806e-02
8.400008e-01 8.458341e-01 8.516674e-01 3.433425e-02
8.516674e-01 8.575008e-01 8.633341e-01 3.392329e-02
8.633341e-01 8.691674e-01 8.750007e-01 3.350588e-02
8.750007e-01 8.808341e-01 8.866674e-01 3.308270e-02
8.866674e-01 8.925007e-01 8.983341e-01 3.265440e-02
8.983341e-01 9.041674e-01 9.100007e-01 3.222159e-02
9.100007e-01 9.158341e-01 9.216674e-01 3.178486e-02
9.216674e-01 9.275007e-01 9.333341e-01 3.134479e-02
9.333341e-01 9.391674e-01 9.450007e-01 3.090191e-02
9.450007e-01 9.508341e-01 9.566674e-01 3.045676e-02
9.566674e-01 9.625007e-01 9.683341e-01 3.000981e-02
9.683341e-01 9.741674e-01 9.800007e-01 2.956155e-02
9.800007e-01 9.858341e-01 9.916674e-01 2.911242e-02
9.916674e-01 9.975007e-01 1.003334e+00 2.866286e-02
1.003334e+00 1.009167e+00 1.015001e+00 2.821327e-02
1.015001e+00 1.020834e+00 1.026667e+00 2.776404e-02
1.026667e+00 1.032501e+00 1.038334e+00 2.731553e-02
1.038334e+00 1.044167e+00 1.050001e+00 2.686809e-02
1.050001e+00 1.055834e+00 1.061667e+00 2.642205e-02
1.061667e+00 1.067501e+00 1.073334e+00 2.597771e-02
1.073334e+00 1.079167e+00 1.085001e+00 2.553538e-02
1.085001e+00 1.090834e+00 1.096667e+00 2.509533e-02
1.096667e+00 1.102501e+00 1.108334e+00 2.465782e-02
1.108334e+00 1.114167e+00 1.120001e+00 2.422308e-02
1.120001e+00 1.125834e+00 1.131667e+00 2.379135e-02
1.131667e+00 1.137501e+00 1.143334e+00 2.336285e-02
1.143334e+00 1.149167e+00 1.155001e+00 2.293776e-02
1.155001e+00 1.160834e+00 1.166667e+00 2.251628e-02
1.166667e+00 1.172501e+00 1.178334e+00 2.209858e-02
1.178334e+00 1.184167e+00 1.190001e+00 2.168482e-02
1.190001e+00 1.195834e+00 1.201667e+00 2.127515e-02
1.201667e+00 1.207501e+00 1.213334e+00 2.086970e-02
1.213334e+00 1.219167e+00 1.225001e+00 2.046860e-02
1.225001e+00 1.230834e+00 1.236667e+00 2.007196e-02
1.236667e+00 1.242501e+00 1.248334e+00 1.967989e-02
1.248334e+00 1.254167e+00 1.260001e+00 1.929248e-02
1.260001e+00 1.265834e+00 1.271667e+00 1.890982e-02
1.271667e+00 1.277501e+00 1.283334e+00 1.853198e-02
1.283334e+00 1.289167e+00 1.295001e+00 1.815903e-02
1.295001e+00 1.300834e+00 1.306667e+00 1.779104e-02
1.306667e+00 1.312501e+00 1.318334e+00 1.742804e-02
1.318334e+00 1.324167e+00 1.330001e+00 1.707009e-02
1.330001e+00 1.335834e+00 1.341667e+00 1.671723e-02
1.341667e+00 1.347501e+00 1.353334e+00 1.636949e-02
1.353334e+00 1.359167e+00 1.365001e+00 1.602688e-02
1.365001e+00 1.370834e+00 1.376667e+00 1.568943e-02
1.376667e+00 1.382501e+00 1.388334e+00 1.535715e-02
1.388334e+00 1.394167e+00 1.400001e+00 1.503005e-02
1.400001e+00 1.405834e+00 1.411667e+00 1.470814e-02
1.411667e+00 1.417501e+00 1.423334e+00 1.439140e-02
1.423334e+00 1.429167e+00 1.435001e+00 1.407983e-02
1.435001e+00 1.440834e+00 1.446667e+00 1.377342e-02
1.446667e+00 1.452501e+00 1.458334e+00 1.347215e-02
1.458334e+00 1.464167e+00 1.470001e+00 1.317601e-02
1.470001e+00 1.475834e+00 1.481667e+00 1.288497e-02
1.481667e+00 1.487501e+00 1.493334e+00 1.259901e-02
1.493334e+00 1.499167e+00 1.505001e+00 1.231808e-02
1.505001e+00 1.510834e+00 1.516667e+00 1.204218e-02
1.516667e+00 1.522501e+00 1.528334e+00 1.177125e-02
1.528334e+00 1.534167e+00 1.540001e+00 1.150525e-02
1.540001e+00 1.545834e+00 1.551667e+00 1.124416e-02
1.551667e+00 1.557501e+00 1.563334e+00 1.098793e-02
1.563334e+00 1.569167e+00 1.575001e+00 1.073650e-02
1.575001e+00 1.580834e+00 1.586667e+00 1.048985e-02
1.586667e+00 1.592501e+00 1.598334e+00 1.024790e-02
1.598334e+00 1.604167e+00 1.610001e+00 1.001063e-02
1.610001e+00 1.615834e+00 1.621667e+00 9.777974e-03
1.621667e+00 1.627501e+00 1.633334e+00 9.549880e-03
1.633334e+00 1.639167e+00 1.645001e+00 9.326297e-03
1.645001e+00 1.650834e+00 1.656667e+00 9.107167e-03
1.656667e+00 1.662501e+00 1.668334e+00 8.892437e-03
1.668334e+00 1.674167e+00 1.680001e+00 8.682048e-03
1.680001e+00 1.685834e+00 1.691667e+00 8.475944e-03
1.691667e+00 1.697501e+00 1.703334e+00 8.274066e-03
1.703334e+00 1.709167e+00 1.715001e+00 8.076355e-03
1.715001e+00 1.720834e+00 1.726667e+00 7.882753e-03
1.726667e+00 1.732501e+00 1.738334e+00 7.693198e-03
1.738334e+00 1.744167e+00 1.750000e+00 7.507632e-03
1.750000e+00 1.755834e+00 1.761667e+00 7.325994e-03
1.761667e+00 1.767500e+00 1.773334e+00 7.148224e-03
1.773334e+00 1.779167e+00 1.785000e+00 6.974260e-03
1.785000e+00 1.790834e+00 1.796667e+00 6.804043e-03
1.796667e+00 1.802500e+00 1.808334e+00 6.637512e-03
1.808334e+00 1.814167e+00 1.820000e+00 6.474606e-03
1.820000e+00 1.825834e+00 1.831667e+00 6.315264e-03
1.831667e+00 1.837500e+00 1.843334e+00 6.159428e-03
1.843334e+00 1.849167e+00 1.855000e+00 6.007036e-03
1.855000e+00 1.860834e+00 1.866667e+00 5.858029e-03
1.866667e+00 1.872500e+00 1.878334e+00 5.712347e-03
1.878334e+00 1.884167e+00 1.890000e+00 5.569931e-03
1.890000e+00 1.895834e+00 1.901667e+00 5.430724e-03
1.901667e+00 1.907500e+00 1.913334e+00 5.294665e-03
1.913334e+00 1.919167e+00 1.925000e+00 5.161698e-03
1.925000e+00 1.930834e+00 1.936667e+00 5.031766e-03
1.936667e+00 1.942500e+00 1.948334e+00 4.904810e-03
1.948334e+00 1.954167e+00 1.960000e+00 4.780776e-03
1.960000e+00 1.965834e+00 1.971667e+00 4.659606e-03
1.971667e+00 1.977500e+00 1.983334e+00 4.541247e-03
1.983334e+00 1.989167e+00 1.995000e+00 4.425642e-03
1.995000e+00 2.000834e+00 2.006667e+00 4.312740e-03
2.006667e+00 2.012500e+00 2.018334e+00 4.202484e-03
2.018334e+00 2.024167e+00 2.030000e+00 4.094825e-03
2.030000e+00 2.035834e+00 2.041667e+00 3.989708e-03
2.041667e+00 2.047500e+00 2.053334e+00 3.887082e-03
2.053334e+00 2.059167e+00 2.065000e+00 3.786898e-03
2.065000e+00 2.070834e+00 2.076667e+00 3.689104e-03
2.076667e+00 2.082500e+00 2.088334e+00 3.593652e-03
2.088334e+00 2.094167e+00 2.100000e+00 3.500492e-03
2.100000e+00 2.105834e+00 2.111667e+00 3.409577e-03
2.111667e+00 2.117500e+00 2.123334e+00 3.320859e-03
2.123334e+00 2.129167e+00 2.135000e+00 3.234292e-03
2.135000e+00 2.140834e+00 2.146667e+00 3.149830e-03
2.146667e+00 2.152500e+00 2.158334e+00 3.067427e-03
2.158334e+00 2.164167e+00 2.170000e+00 2.987040e-03
2.170000e+00 2.175834e+00 2.181667e+00 2.908625e-03
2.181667e+00 2.187500e+00 2.193334e+00 2.832138e-03
2.193334e+00 2.199167e+00 2.205000e+00 2.757538e-03
2.205000e+00 2.210834e+00 2.216667e+00 2.684782e-03
2.216667e+00 2.222500e+00 2.228334e+00 2.613830e-03
2.228334e+00 2.234167e+00 2.240000e+00 2.544642e-03
2.240000e+00 2.245834e+00 2.251667e+00 2.477178e-03
2.251667e+00 2.257500e+00 2.263334e+00 2.411400e-03
2.263334e+00 2.269167e+00 2.275000e+00 2.347270e-03
2.275000e+00 2.280834e+00 2.286667e+00 2.284749e-03
2.286667e+00 2.292500e+00 2.298334e+00 2.223802e-03
2.298334e+00 2.304167e+00 2.310000e+00 2.164393e-03
2.310000e+00 2.315834e+00 2.321667e+00 2.106485e-03
2.321667e+00 2.327500e+00 2.333334e+00 2.050045e-03
2.333334e+00 2.339167e+00 2.345000e+00 1.995039e-03
2.345000e+00 2.350834e+00 2.356667e+00 1.941433e-03
2.356667e+00 2.362500e+00 2.368334e+00 1.889194e-03
2.368334e+00 2.374167e+00 2.380000e+00 1.838291e-03
2.380000e+00 2.385834e+00 2.391667e+00 1.788693e-03
2.391667e+00 2.397500e+00 2.403334e+00 1.740367e-03
2.403334e+00 2.409167e+00 2.415000e+00 1.693285e-03
2.415000e+00 2.420834e+00 2.426667e+00 1.647416e-03
2.426667e+00 2.432500e+00 2.438334e+00 1.602732e-03
2.438334e+00 2.444167e+00 2.450000e+00 1.559204e-03
2.450000e+00 2.455834e+00 2.461667e+00 1.516805e-03
2.461667e+00 2.467500e+00 2.473334e+00 1.475508e-03
2.473334e+00 2.479167e+00 2.485000e+00 1.435285e-03
2.485000e+00 2.490834e+00 2.496667e+00 1.396111e-03
2.496667e+00 2.502500e+00 2.508334e+00 1.357961e-03
2.508334e+00 2.514167e+00 2.520000e+00 1.320808e-03
2.520000e+00 2.525834e+00 2.531667e+00 1.284630e-03
2.531667e+00 2.537500e+00 2.543334e+00 1.249401e-03
2.543334e+00 2.549167e+00 2.555000e+00 1.215100e-03
2.555000e+00 2.560834e+00 2.566667e+00 1.181702e-03
2.566667e+00 2.572500e+00 2.578334e+00 1.149186e-03
2.578334e+00 2.584167e+00 2.590000e+00 1.117529e-03
2.590000e+00 2.595834e+00 2.601667e+00 1.086711e-03
2.601667e+00 2.607500e+00 2.613334e+00 1.056710e-03
2.613334e+00 2.619167e+00 2.625000e+00 1.027506e-03
2.625000e+00 2.630834e+00 2.636667e+00 9.990787e-04
2.636667e+00 2.642500e+00 2.648334e+00 9.714091e-04
2.648334e+00 2.654167e+00 2.660000e+00 9.444780e-04
2.660000e+00 2.665834e+00 2.671667e+00 9.182667e-04
2.671667e+00 2.677500e+00 2.683334e+00 8.927570e-04
2.683334e+00 2.689167e+00 2.695000e+00 8.679311e-04
2.695000e+00 2.700834e+00 2.706667e+00 8.437716e-04
2.706667e+00 2.712500e+00 2.718334e+00 8.202616e-04
2.718334e+00 2.724167e+00 2.730000e+00 7.973845e-04
2.730000e+00 2.735834e+00 2.741667e+00 7.751241e-04
2.741667e+00 2.747500e+00 2.753334e+00 7.534647e-04
2.753334e+00 2.759167e+00 2.765000e+00 7.323907e-04
2.765000e+00 2.770834e+00 2.776667e+00 7.118871e-04
2.776667e+00 2.782500e+00 2.788334e+00 6.919392e-04
2.788334e+00 2.794167e+00 2.800000e+00 6.725326e-04
2.800000e+00 2.805834e+00 2.811667e+00 6.536534e-04
2.811667e+00 2.817500e+00 2.823334e+00 6.352878e-04
2.823334e+00 2.829167e+00 2.835000e+00 6.174225e-04
2.835000e+00 2.840834e+00 2.846667e+00 6.000445e-04
2.846667e+00 2.852500e+00 2.858334e+00 5.831411e-04
2.858334e+00 2.864167e+00 2.870000e+00 5.666998e-04
2.870000e+00 2.875834e+00 2.881667e+00 5.507086e-04
2.881667e+00 2.887500e+00 2.893334e+00 5.351556e-04
2.893334e+00 2.899167e+00 2.905000e+00 5.200294e-04
2.905000e+00 2.910834e+00 2.916667e+00 5.053187e-04
2.916667e+00 2.922500e+00 2.928333e+00 4.910126e-04
2.928333e+00 2.934167e+00 2.940000e+00 4.771003e-04
2.940000e+00 2.945833e+00 2.951667e+00 4.635715e-04
2.951667e+00 2.957500e+00 2.963333e+00 4.504160e-04
2.963333e+00 2.969167e+00 2.975000e+00 4.376239e-04
2.975000e+00 2.980833e+00 2.986667e+00 4.251855e-04
2.986667e+00 2.992500e+00 2.998333e+00 4.130914e-04
2.998333e+00 3.004167e+00 3.010000e+00 4.013325e-04
3.010000e+00 3.015833e+00 3.021667e+00 3.898997e-04
3.021667e+00 3.027500e+00 3.033333e+00 3.787844e-04
3.033333e+00 3.039167e+00 3.045000e+00 3.679781e-04
3.045000e+00 3.050833e+00 3.056667e+00 3.574725e-04
3.056667e+00 3.062500e+00 3.068333e+00 3.472594e-04
3.068333e+00 3.074167e+00 3.080000e+00 3.373311e-04
3.080000e+00 3.085833e+00 3.091667e+00 3.276798e-04
3.091667e+00 3.097500e+00 3.103333e+00 3.182982e-04
3.103333e+00 3.109167e+00 3.115000e+00 3.091788e-04
3.115000e+00 3.120833e+00 3.126667e+00 3.003146e-04
3.126667e+00 3.132500e+00 3.138333e+00 2.916988e-04
3.138333e+00 3.144167e+00 3.150000e+00 2.833245e-04
3.150000e+00 3.155833e+00 3.161667e+00 2.751852e-04
3.161667e+00 3.167500e+00 3.173333e+00 2.672745e-04
3.173333e+00 3.179167e+00 3.185000e+00 2.595862e-04
3.185000e+00 3.190833e+00 3.196667e+00 2.521142e-04
3.196667e+00 3.202500e+00 3.208333e+00 2.448527e-04
3.208333e+00 3.214167e+00 3.220000e+00 2.377958e-04
3.220000e+00 3.225833e+00 3.231667e+00 2.309381e-04
3.231667e+00 3.237500e+00 3.243333e+00 2.242739e-04
3.243333e+00 3.249167e+00 3.255000e+00 2.177980e-04
3.255000e+00 3.260833e+00 3.266667e+00 2.115053e-04
3.266667e+00 3.272500e+00 3.278333e+00 2.053907e-04
3.278333e+00 3.284167e+00 3.290000e+00 1.994494e-04
3.290000e+00 3.295833e+00 3.301667e+00 1.936764e-04
3.301667e+00 3.307500e+00 3.313333e+00 1.880672e-04
3.313333e+00 3.319167e+00 3.325000e+00 1.826173e-04
3.325000e+00 3.330833e+00 3.336667e+00 1.773223e-04
3.336667e+00 3.342500e+00 3.348333e+00 1.721779e-04
3.348333e+00 3.354167e+00 3.360000e+00 1.671798e-04
3.360000e+00 3.365833e+00 3.371667e+00 1.623241e-04
3.371667e+00 3.377500e+00 3.383333e+00 1.576069e-04
3.383333e+00 3.389167e+00 3.395000e+00 1.530241e-04
3.395000e+00 3.400833e+00 3.406667e+00 1.485722e-04
3.406667e+00 3.412500e+00 3.418333e+00 1.442475e-04
3.418333e+00 3.424167e+00 3.430000e+00 1.400463e-04
3.430000e+00 3.435833e+00 3.441667e+00 1.359654e-04
3.441667e+00 3.447500e+00 3.453333e+00 1.320013e-04
3.453333e+00 3.459167e+00 3.465000e+00 1.281507e-04
3.465000e+00 3.470833e+00 3.476667e+00 1.244105e-04
3.476667e+00 3.482500e+00 3.488333e+00 1.207776e-04
3.488333e+00 3.494167e+00 3.500000e+00 1.172490e-04
