1.000000e-06 5.834332e-03 1.166766e-02 3.330774e-05
1.166766e-02 1.750099e-02 2.333433e-02 2.867716e-04
2.333433e-02 2.916766e-02 3.500099e-02 7.619664e-04
3.500099e-02 4.083432e-02 4.666765e-02 1.428347e-03
4.666765e-02 5.250099e-02 5.833432e-02 2.257969e-03
5.833432e-02 6.416765e-02 7.000098e-02 3.225345e-03
7.000098e-02 7.583431e-02 8.166764e-02 4.307291e-03
8.166764e-02 8.750097e-02 9.333431e-02 5.482773e-03
9.333431e-02 9.916764e-02 1.050010e-01 6.732752e-03
1.050010e-01 1.108343e-01 1.166676e-01 8.040047e-03
1.166676e-01 1.225010e-01 1.283343e-01 9.389191e-03
1.283343e-01 1.341676e-01 1.400010e-01 1.076631e-02
1.400010e-01 1.458343e-01 1.516676e-01 1.215899e-02
1.516676e-01 1.575010e-01 1.633343e-01 1.355617e-02
1.633343e-01 1.691676e-01 1.750009e-01 1.494806e-02
1.750009e-01 1.808343e-01 1.866676e-01 1.632598e-02
1.866676e-01 1.925009e-01 1.983343e-01 1.768233e-02
1.983343e-01 2.041676e-01 2.100009e-01 1.901046e-02
2.100009e-01 2.158343e-01 2.216676e-01 2.030462e-02
2.216676e-01 2.275009e-01 2.333343e-01 2.155987e-02
2.333343e-01 2.391676e-01 2.450009e-01 2.277198e-02
2.450009e-01 2.508343e-01 2.566676e-01 2.393744e-02
2.566676e-01 2.625009e-01 2.683343e-01 2.505332e-02
2.683343e-01 2.741676e-01 2.800009e-01 2.611725e-02
2.800009e-01 2.858343e-01 2.916676e-01 2.712739e-02
2.916676e-01 2.975009e-01 3.033342e-01 2.808232e-02
3.033342e-01 3.091676e-01 3.150009e-01 2.898105e-02
3.150009e-01 3.208342e-01 3.266676e-01 2.982297e-02
3.266676e-01 3.325009e-01 3.383342e-01 3.060779e-02
3.383342e-01 3.441676e-01 3.500009e-01 3.133551e-02
3.500009e-01 3.558342e-01 3.616676e-01 3.200640e-02
3.616676e-01 3.675009e-01 3.733342e-01 3.262097e-02
3.733342e-01 3.791676e-01 3.850009e-01 3.317993e-02
3.850009e-01 3.908342e-01 3.966676e-01 3.368417e-02
3.966676e-01 4.025009e-01 4.083342e-01 3.413474e-02
4.083342e-01 4.141675e-01 4.200009e-01 3.453282e-02
4.200009e-01 4.258342e-01 4.316675e-01 3.487973e-02
4.316675e-01 4.375009e-01 4.433342e-01 3.517686e-02
4.433342e-01 4.491675e-01 4.550009e-01 3.542569e-02
4.550009e-01 4.608342e-01 4.666675e-01 3.562779e-02
4.666675e-01 4.725009e-01 4.783342e-01 3.578475e-02
4.783342e-01 4.841675e-01 4.900009e-01 3.589822e-02
4.900009e-01 4.958342e-01 5.016675e-01 3.596989e-02
5.016675e-01 5.075009e-01 5.133342e-01 3.600147e-02
5.133342e-01 5.191675e-01 5.250008e-01 3.599465e-02
5.250008e-01 5.308342e-01 5.366675e-01 3.595116e-02
5.366675e-01 5.425008e-01 5.483342e-01 3.587273e-02
5.483342e-01 5.541675e-01 5.600008e-01 3.576105e-02
5.600008e-01 5.658342e-01 5.716675e-01 3.561781e-02
5.716675e-01 5.775008e-01 5.833342e-01 3.544469e-02
5.833342e-01 5.891675e-01 5.950008e-01 3.524333e-02
5.950008e-01 6.008342e-01 6.066675e-01 3.501536e-02
6.066675e-01 6.125008e-01 6.183342e-01 3.476235e-02
6.183342e-01 6.241675e-01 6.300008e-01 3.448587e-02
6.300008e-01 6.358342e-01 6.416675e-01 3.418742e-02
6.416675e-01 6.475008e-01 6.533341e-01 3.386848e-02
6.533341e-01 6.591675e-01 6.650008e-01 3.353048e-02
6.650008e-01 6.708341e-01 6.766675e-01 3.317482e-02
6.766675e-01 6.825008e-01 6.883341e-01 3.280285e-02
6.883341e-01 6.941675e-01 7.000008e-01 3.241587e-02
7.000008e-01 7.058341e-01 7.116675e-01 3.201513e-02
7.116675e-01 7.175008e-01 7.233341e-01 3.160186e-02
7.233341e-01 7.291675e-01 7.350008e-01 3.117723e-02
7.350008e-01 7.408341e-01 7.466675e-01 3.074235e-02
7.466675e-01 7.525008e-01 7.583341e-01 3.029831e-02
7.583341e-01 7.641674e-01 7.700008e-01 2.984613e-02
7.700008e-01 7.758341e-01 7.816674e-01 2.938682e-02
7.816674e-01 7.875008e-01 7.933341e-01 2.892131e-02
7.933341e-01 7.991674e-01 8.050008e-01 2.845050e-02
8.050008e-01 8.108341e-01 8.166674e-01 2.797527e-02
8.166674e-01 8.225008e-01 8.283341e-01 2.749642e-02
8.283341e-01 8.341674e-01 8.400008e-01 2.701474e-02
8.400008e-01 8.458341e-01 8.516674e-01 2.653096e-02
8.516674e-01 8.575008e-01 8.633341e-01 2.604578e-02
8.633341e-01 8.691674e-01 8.750007e-01 2.555986e-02
8.750007e-01 8.808341e-01 8.866674e-01 2.507383e-02
8.866674e-01 8.925007e-01 8.983341e-01 2.458828e-02
8.983341e-01 9.041674e-01 9.100007e-01 2.410377e-02
9.100007e-01 9.158341e-01 9.216674e-01 2.362081e-02
9.216674e-01 9.275007e-01 9.333341e-01 2.313989e-02
9.333341e-01 9.391674e-01 9.450007e-01 2.266147e-02
9.450007e-01 9.508341e-01 9.566674e-01 2.218598e-02
9.566674e-01 9.625007e-01 9.683341e-01 2.171382e-02
9.683341e-01 9.741674e-01 9.800007e-01 2.124536e-02
9.800007e-01 9.858341e-01 9.916674e-01 2.078093e-02
9.916674e-01 9.975007e-01 1.003334e+00 2.032087e-02
1.003334e+00 1.009167e+00 1.015001e+00 1.986546e-02
1.015001e+00 1.020834e+00 1.026667e+00 1.941498e-02
1.026667e+00 1.032501e+00 1.038334e+00 1.896966e-02
1.038334e+00 1.044167e+00 1.050001e+00 1.852974e-02
1.050001e+00 1.055834e+00 1.061667e+00 1.809541e-02
1.061667e+00 1.067501e+00 1.073334e+00 1.766688e-02
1.073334e+00 1.079167e+00 1.085001e+00 1.724429e-02
1.085001e+00 1.090834e+00 1.096667e+00 1.682780e-02
1.096667e+00 1.102501e+00 1.108334e+00 1.641754e-02
1.108334e+00 1.114167e+00 1.120001e+00 1.601363e-02
1.120001e+00 1.125834e+00 1.131667e+00 1.561616e-02
1.131667e+00 1.137501e+00 1.143334e+00 1.522522e-02
1.143334e+00 1.149167e+00 1.155001e+00 1.484088e-02
1.155001e+00 1.160834e+00 1.166667e+00 1.446320e-02
1.166667e+00 1.172501e+00 1.178334e+00 1.409223e-02
1.178334e+00 1.184167e+00 1.190001e+00 1.372800e-02
1.190001e+00 1.195834e+00 1.201667e+00 1.337053e-02
1.201667e+00 1.207501e+00 1.213334e+00 1.301983e-02
1.213334e+00 1.219167e+00 1.225001e+00 1.267592e-02
1.225001e+00 1.230834e+00 1.236667e+00 1.233878e-02
1.236667e+00 1.242501e+00 1.248334e+00 1.200841e-02
1.248334e+00 1.254167e+00 1.260001e+00 1.168477e-02
1.260001e+00 1.265834e+00 1.271667e+00 1.136785e-02
1.271667e+00 1.277501e+00 1.283334e+00 1.105760e-02
1.283334e+00 1.289167e+00 1.295001e+00 1.075398e-02
1.295001e+00 1.300834e+00 1.306667e+00 1.045695e-02
1.306667e+00 1.312501e+00 1.318334e+00 1.016644e-02
1.318334e+00 1.324167e+00 1.330001e+00 9.882415e-03
1.330001e+00 1.335834e+00 1.341667e+00 9.604793e-03
1.341667e+00 1.347501e+00 1.353334e+00 9.333513e-03
1.353334e+00 1.359167e+00 1.365001e+00 9.068503e-03
1.365001e+00 1.370834e+00 1.376667e+00 8.809688e-03
1.376667e+00 1.382501e+00 1.388334e+00 8.556989e-03
1.388334e+00 1.394167e+00 1.400001e+00 8.310326e-03
1.400001e+00 1.405834e+00 1.411667e+00 8.069615e-03
1.411667e+00 1.417501e+00 1.423334e+00 7.834770e-03
1.423334e+00 1.429167e+00 1.435001e+00 7.605704e-03
1.435001e+00 1.440834e+00 1.446667e+00 7.382325e-03
1.446667e+00 1.452501e+00 1.458334e+00 7.164543e-03
1.458334e+00 1.464167e+00 1.470001e+00 6.952266e-03
1.470001e+00 1.475834e+00 1.481667e+00 6.745399e-03
1.481667e+00 1.487501e+00 1.493334e+00 6.543849e-03
1.493334e+00 1.499167e+00 1.505001e+00 6.347519e-03
1.505001e+00 1.510834e+00 1.516667e+00 6.156313e-03
1.516667e+00 1.522501e+00 1.528334e+00 5.970137e-03
1.528334e+00 1.534167e+00 1.540001e+00 5.788892e-03
1.540001e+00 1.545834e+00 1.551667e+00 5.612482e-03
1.551667e+00 1.557501e+00 1.563334e+00 5.440812e-03
1.563334e+00 1.569167e+00 1.575001e+00 5.273784e-03
1.575001e+00 1.580834e+00 1.586667e+00 5.111303e-03
1.586667e+00 1.592501e+00 1.598334e+00 4.953273e-03
1.598334e+00 1.604167e+00 1.610001e+00 4.799599e-03
1.610001e+00 1.615834e+00 1.621667e+00 4.650187e-03
1.621667e+00 1.627501e+00 1.633334e+00 4.504943e-03
1.633334e+00 1.639167e+00 1.645001e+00 4.363774e-03
1.645001e+00 1.650834e+00 1.656667e+00 4.226588e-03
1.656667e+00 1.662501e+00 1.668334e+00 4.093293e-03
1.668334e+00 1.674167e+00 1.680001e+00 3.963801e-03
1.680001e+00 1.685834e+00 1.691667e+00 3.838021e-03
1.691667e+00 1.697501e+00 1.703334e+00 3.715866e-03
1.703334e+00 1.709167e+00 1.715001e+00 3.597248e-03
1.715001e+00 1.720834e+00 1.726667e+00 3.482083e-03
1.726667e+00 1.732501e+00 1.738334e+00 3.370285e-03
1.738334e+00 1.744167e+00 1.750000e+00 3.261772e-03
1.750000e+00 1.755834e+00 1.761667e+00 3.156461e-03
1.761667e+00 1.767500e+00 1.773334e+00 3.054273e-03
1.773334e+00 1.779167e+00 1.785000e+00 2.955127e-03
1.785000e+00 1.790834e+00 1.796667e+00 2.858945e-03
1.796667e+00 1.802500e+00 1.808334e+00 2.765652e-03
1.808334e+00 1.814167e+00 1.820000e+00 2.675172e-03
1.820000e+00 1.825834e+00 1.831667e+00 2.587431e-03
1.831667e+00 1.837500e+00 1.843334e+00 2.502357e-03
1.843334e+00 1.849167e+00 1.855000e+00 2.419879e-03
1.855000e+00 1.860834e+00 1.866667e+00 2.339926e-03
1.866667e+00 1.872500e+00 1.878334e+00 2.262432e-03
1.878334e+00 1.884167e+00 1.890000e+00 2.187328e-03
1.890000e+00 1.895834e+00 1.901667e+00 2.114550e-03
1.901667e+00 1.907500e+00 1.913334e+00 2.044034e-03
1.913334e+00 1.919167e+00 1.925000e+00 1.975716e-03
1.925000e+00 1.930834e+00 1.936667e+00 1.909536e-03
1.936667e+00 1.942500e+00 1.948334e+00 1.845433e-03
1.948334e+00 1.954167e+00 1.960000e+00 1.783349e-03
1.960000e+00 1.965834e+00 1.971667e+00 1.723226e-03
1.971667e+00 1.977500e+00 1.983334e+00 1.665009e-03
1.983334e+00 1.989167e+00 1.995000e+00 1.608643e-03
1.995000e+00 2.000834e+00 2.006667e+00 1.554074e-03
2.006667e+00 2.012500e+00 2.018334e+00 1.501251e-03
2.018334e+00 2.024167e+00 2.030000e+00 1.450122e-03
2.030000e+00 2.035834e+00 2.041667e+00 1.400638e-03
2.041667e+00 2.047500e+00 2.053334e+00 1.352750e-03
2.053334e+00 2.059167e+00 2.065000e+00 1.306412e-03
2.065000e+00 2.070834e+00 2.076667e+00 1.261577e-03
2.076667e+00 2.082500e+00 2.088334e+00 1.218201e-03
2.088334e+00 2.094167e+00 2.100000e+00 1.176240e-03
2.100000e+00 2.105834e+00 2.111667e+00 1.135650e-03
2.111667e+00 2.117500e+00 2.123334e+00 1.096392e-03
2.123334e+00 2.129167e+00 2.135000e+00 1.058424e-03
2.135000e+00 2.140834e+00 2.146667e+00 1.021707e-03
2.146667e+00 2.152500e+00 2.158334e+00 9.862033e-04
2.158334e+00 2.164167e+00 2.170000e+00 9.518750e-04
2.170000e+00 2.175834e+00 2.181667e+00 9.186862e-04
2.181667e+00 2.187500e+00 2.193334e+00 8.866016e-04
2.193334e+00 2.199167e+00 2.205000e+00 8.555870e-04
2.205000e+00 2.210834e+00 2.216667e+00 8.256090e-04
2.216667e+00 2.222500e+00 2.228334e+00 7.966353e-04
2.228334e+00 2.234167e+00 2.240000e+00 7.686343e-04
2.240000e+00 2.245834e+00 2.251667e+00 7.415754e-04
2.251667e+00 2.257500e+00 2.263334e+00 7.154290e-04
2.263334e+00 2.269167e+00 2.275000e+00 6.901661e-04
2.275000e+00 2.280834e+00 2.286667e+00 6.657587e-04
2.286667e+00 2.292500e+00 2.298334e+00 6.421794e-04
2.298334e+00 2.304167e+00 2.310000e+00 6.194018e-04
2.310000e+00 2.315834e+00 2.321667e+00 5.974003e-04
2.321667e+00 2.327500e+00 2.333334e+00 5.761498e-04
2.333334e+00 2.339167e+00 2.345000e+00 5.556261e-04
2.345000e+00 2.350834e+00 2.356667e+00 5.358058e-04
2.356667e+00 2.362500e+00 2.368334e+00 5.166660e-04
2.368334e+00 2.374167e+00 2.380000e+00 4.981845e-04
2.380000e+00 2.385834e+00 2.391667e+00 4.803400e-04
2.391667e+00 2.397500e+00 2.403334e+00 4.631116e-04
2.403334e+00 2.409167e+00 2.415000e+00 4.464790e-04
2.415000e+00 2.420834e+00 2.426667e+00 4.304227e-04
2.426667e+00 2.432500e+00 2.438334e+00 4.149238e-04
2.438334e+00 2.444167e+00 2.450000e+00 3.999637e-04
2.450000e+00 2.455834e+00 2.461667e+00 3.855247e-04
2.461667e+00 2.467500e+00 2.473334e+00 3.715894e-04
2.473334e+00 2.479167e+00 2.485000e+00 3.581412e-04
2.485000e+00 2.490834e+00 2.496667e+00 3.451636e-04
2.496667e+00 2.502500e+00 2.508334e+00 3.326411e-04
2.508334e+00 2.514167e+00 2.520000e+00 3.205584e-04
2.520000e+00 2.525834e+00 2.531667e+00 3.089006e-04
2.531667e+00 2.537500e+00 2.543334e+00 2.976535e-04
2.543334e+00 2.549167e+00 2.555000e+00 2.868032e-04
2.555000e+00 2.560834e+00 2.566667e+00 2.763364e-04
2.566667e+00 2.572500e+00 2.578334e+00 2.662400e-04
2.578334e+00 2.584167e+00 2.590000e+00 2.565014e-04
2.590000e+00 2.595834e+00 2.601667e+00 2.471086e-04
2.601667e+00 2.607500e+00 2.613334e+00 2.380496e-04
2.613334e+00 2.619167e+00 2.625000e+00 2.293131e-04
2.625000e+00 2.630834e+00 2.636667e+00 2.208881e-04
2.636667e+00 2.642500e+00 2.648334e+00 2.127638e-04
2.648334e+00 2.654167e+00 2.660000e+00 2.049300e-04
2.660000e+00 2.665834e+00 2.671667e+00 1.973766e-04
2.671667e+00 2.677500e+00 2.683334e+00 1.900940e-04
2.683334e+00 2.689167e+00 2.695000e+00 1.830729e-04
2.695000e+00 2.700834e+00 2.706667e+00 1.763041e-04
2.706667e+00 2.712500e+00 2.718334e+00 1.697789e-04
2.718334e+00 2.724167e+00 2.730000e+00 1.634889e-04
2.730000e+00 2.735834e+00 2.741667e+00 1.574258e-04
2.741667e+00 2.747500e+00 2.753334e+00 1.515819e-04
2.753334e+00 2.759167e+00 2.765000e+00 1.459493e-04
2.765000e+00 2.770834e+00 2.776667e+00 1.405208e-04
2.776667e+00 2.782500e+00 2.788334e+00 1.352891e-04
2.788334e+00 2.794167e+00 2.800000e+00 1.302475e-04
2.800000e+00 2.805834e+00 2.811667e+00 1.253891e-04
2.811667e+00 2.817500e+00 2.823334e+00 1.207075e-04
2.823334e+00 2.829167e+00 2.835000e+00 1.161966e-04
2.835000e+00 2.840834e+00 2.846667e+00 1.118502e-04
2.846667e+00 2.852500e+00 2.858334e+00 1.076626e-04
2.858334e+00 2.864167e+00 2.870000e+00 1.036282e-04
2.870000e+00 2.875834e+00 2.881667e+00 9.974139e-05
2.881667e+00 2.887500e+00 2.893334e+00 9.599709e-05
2.893334e+00 2.899167e+00 2.905000e+00 9.239018e-05
2.905000e+00 2.910834e+00 2.916667e+00 8.891576e-05
2.916667e+00 2.922500e+00 2.928333e+00 8.556911e-05
2.928333e+00 2.934167e+00 2.940000e+00 8.234566e-05
2.940000e+00 2.945833e+00 2.951667e+00 7.924100e-05
2.951667e+00 2.957500e+00 2.963333e+00 7.625088e-05
2.963333e+00 2.969167e+00 2.975000e+00 7.337119e-05
2.975000e+00 2.980833e+00 2.986667e+00 7.059795e-05
2.986667e+00 2.992500e+00 2.998333e+00 6.792734e-05
2.998333e+00 3.004167e+00 3.010000e+00 6.535567e-05
3.010000e+00 3.015833e+00 3.021667e+00 6.287935e-05
3.021667e+00 3.027500e+00 3.033333e+00 6.049496e-05
3.033333e+00 3.039167e+00 3.045000e+00 5.819916e-05
3.045000e+00 3.050833e+00 3.056667e+00 5.598875e-05
3.056667e+00 3.062500e+00 3.068333e+00 5.386062e-05
3.068333e+00 3.074167e+00 3.080000e+00 5.181180e-05
3.080000e+00 3.085833e+00 3.091667e+00 4.983940e-05
3.091667e+00 3.097500e+00 3.103333e+00 4.794065e-05
3.103333e+00 3.109167e+00 3.115000e+00 4.611284e-05
3.115000e+00 3.120833e+00 3.126667e+00 4.435341e-05
3.126667e+00 3.132500e+00 3.138333e+00 4.265985e-05
3.138333e+00 3.144167e+00 3.150000e+00 4.102975e-05
3.150000e+00 3.155833e+00 3.161667e+00 3.946080e-05
3.161667e+00 3.167500e+00 3.173333e+00 3.795074e-05
3.173333e+00 3.179167e+00 3.185000e+00 3.649743e-05
3.185000e+00 3.190833e+00 3.196667e+00 3.509876e-05
3.196667e+00 3.202500e+00 3.208333e+00 3.375275e-05
3.208333e+00 3.214167e+00 3.220000e+00 3.245744e-05
3.220000e+00 3.225833e+00 3.231667e+00 3.121097e-05
3.231667e+00 3.237500e+00 3.243333e+00 3.001154e-05
3.243333e+00 3.249167e+00 3.255000e+00 2.885741e-05
3.255000e+00 3.260833e+00 3.266667e+00 2.774691e-05
3.266667e+00 3.272500e+00 3.278333e+00 2.667842e-05
3.278333e+00 3.284167e+00 3.290000e+00 2.565038e-05
3.290000e+00 3.295833e+00 3.301667e+00 2.466130e-05
3.301667e+00 3.307500e+00 3.313333e+00 2.370973e-05
3.313333e+00 3.319167e+00 3.325000e+00 2.279428e-05
3.325000e+00 3.330833e+00 3.336667e+00 2.191360e-05
3.336667e+00 3.342500e+00 3.348333e+00 2.106640e-05
3.348333e+00 3.354167e+00 3.360000e+00 2.025142e-05
3.360000e+00 3.365833e+00 3.371667e+00 1.946748e-05
3.371667e+00 3.377500e+00 3.383333e+00 1.871341e-05
3.383333e+00 3.389167e+00 3.395000e+00 1.798809e-05
3.395000e+00 3.400833e+00 3.406667e+00 1.729044e-05
3.406667e+00 3.412500e+00 3.418333e+00 1.661945e-05
3.418333e+00 3.424167e+00 3.430000e+00 1.597409e-05
3.430000e+00 3.435833e+00 3.441667e+00 1.535342e-05
3.441667e+00 3.447500e+00 3.453333e+00 1.475650e-05
3.453333e+00 3.459167e+00 3.465000e+00 1.418244e-05
3.465000e+00 3.470833e+00 3.476667e+00 1.363039e-05
3.476667e+00 3.482500e+00 3.488333e+00 1.309951e-05
3.488333e+00 3.494167e+00 3.500000e+00 1.258900e-05
