1.000000e-06 5.834332e-03 1.166766e-02 3.303454e-05
1.166766e-02 1.750099e-02 2.333433e-02 2.821469e-04
2.333433e-02 2.916766e-02 3.500099e-02 7.461794e-04
3.500099e-02 4.083432e-02 4.666765e-02 1.394743e-03
4.666765e-02 5.250099e-02 5.833432e-02 2.201250e-03
5.833432e-02 6.416765e-02 7.000098e-02 3.142148e-03
7.000098e-02 7.583431e-02 8.166764e-02 4.196449e-03
8.166764e-02 8.750097e-02 9.333431e-02 5.345383e-03
9.333431e-02 9.916764e-02 1.050010e-01 6.572138e-03
1.050010e-01 1.108343e-01 1.166676e-01 7.861635e-03
1.166676e-01 1.225010e-01 1.283343e-01 9.200352e-03
1.283343e-01 1.341676e-01 1.400010e-01 1.057616e-02
1.400010e-01 1.458343e-01 1.516676e-01 1.197821e-02
1.516676e-01 1.575010e-01 1.633343e-01 1.339676e-02
1.633343e-01 1.691676e-01 1.750009e-01 1.482314e-02
1.750009e-01 1.808343e-01 1.866676e-01 1.624960e-02
1.866676e-01 1.925009e-01 1.983343e-01 1.766926e-02
1.983343e-01 2.041676e-01 2.100009e-01 1.907600e-02
2.100009e-01 2.158343e-01 2.216676e-01 2.046442e-02
2.216676e-01 2.275009e-01 2.333343e-01 2.182977e-02
2.333343e-01 2.391676e-01 2.450009e-01 2.316789e-02
2.450009e-01 2.508343e-01 2.566676e-01 2.447515e-02
2.566676e-01 2.625009e-01 2.683343e-01 2.574841e-02
2.683343e-01 2.741676e-01 2.800009e-01 2.698498e-02
2.800009e-01 2.858343e-01 2.916676e-01 2.818257e-02
2.916676e-01 2.975009e-01 3.033342e-01 2.933927e-02
3.033342e-01 3.091676e-01 3.150009e-01 3.045350e-02
3.150009e-01 3.208342e-01 3.266676e-01 3.152397e-02
3.266676e-01 3.325009e-01 3.383342e-01 3.254969e-02
3.383342e-01 3.441676e-01 3.500009e-01 3.352990e-02
3.500009e-01 3.558342e-01 3.616676e-01 3.446410e-02
3.616676e-01 3.675009e-01 3.733342e-01 3.535195e-02
3.733342e-01 3.791676e-01 3.850009e-01 3.619332e-02
3.850009e-01 3.908342e-01 3.966676e-01 3.698825e-02
3.966676e-01 4.025009e-01 4.083342e-01 3.773693e-02
4.083342e-01 4.141675e-01 4.200009e-01 3.843965e-02
4.200009e-01 4.258342e-01 4.316675e-01 3.909687e-02
4.316675e-01 4.375009e-01 4.433342e-01 3.970912e-02
4.433342e-01 4.491675e-01 4.550009e-01 4.027703e-02
4.550009e-01 4.608342e-01 4.666675e-01 4.080132e-02
4.666675e-01 4.725009e-01 4.783342e-01 4.128278e-02
4.783342e-01 4.841675e-01 4.900009e-01 4.172226e-02
4.900009e-01 4.958342e-01 5.016675e-01 4.212066e-02
5.016675e-01 5.075009e-01 5.133342e-01 4.247895e-02
5.133342e-01 5.191675e-01 5.250008e-01 4.279810e-02
5.250008e-01 5.308342e-01 5.366675e-01 4.307915e-02
5.366675e-01 5.425008e-01 5.483342e-01 4.332315e-02
5.483342e-01 5.541675e-01 5.600008e-01 4.353116e-02
5.600008e-01 5.658342e-01 5.716675e-01 4.370427e-02
5.716675e-01 5.775008e-01 5.833342e-01 4.384359e-02
5.833342e-01 5.891675e-01 5.950008e-01 4.395022e-02
5.950008e-01 6.008342e-01 6.066675e-01 4.402527e-02
6.066675e-01 6.125008e-01 6.183342e-01 4.406984e-02
6.183342e-01 6.241675e-01 6.300008e-01 4.408506e-02
6.300008e-01 6.358342e-01 6.416675e-01 4.407201e-02
6.416675e-01 6.475008e-01 6.533341e-01 4.403179e-02
6.533341e-01 6.591675e-01 6.650008e-01 4.396550e-02
6.650008e-01 6.708341e-01 6.766675e-01 4.387418e-02
6.766675e-01 6.825008e-01 6.883341e-01 4.375892e-02
6.883341e-01 6.941675e-01 7.000008e-01 4.362074e-02
7.000008e-01 7.058341e-01 7.116675e-01 4.346067e-02
7.116675e-01 7.175008e-01 7.233341e-01 4.327971e-02
7.233341e-01 7.291675e-01 7.350008e-01 4.307886e-02
7.350008e-01 7.408341e-01 7.466675e-01 4.285909e-02
7.466675e-01 7.525008e-01 7.583341e-01 4.262132e-02
7.583341e-01 7.641674e-01 7.700008e-01 4.236651e-02
7.700008e-01 7.758341e-01 7.816674e-01 4.209553e-02
7.816674e-01 7.875008e-01 7.933341e-01 4.180928e-02
7.933341e-01 7.991674e-01 8.050008e-01 4.150862e-02
8.050008e-01 8.108341e-01 8.166674e-01 4.119437e-02
8.166674e-01 8.225008e-01 8.283341e-01 4.086736e-02
8.283341e-01 8.341674e-01 8.400008e-01 4.052836e-02
8.400008e-01 8.458341e-01 8.516674e-01 4.017814e-02
8.516674e-01 8.575008e-01 8.633341e-01 3.981745e-02
8.633341e-01 8.691674e-01 8.750007e-01 3.944701e-02
8.750007e-01 8.808341e-01 8.866674e-01 3.906750e-02
8.866674e-01 8.925007e-01 8.983341e-01 3.867961e-02
8.983341e-01 9.041674e-01 9.100007e-01 3.828399e-02
9.100007e-01 9.158341e-01 9.216674e-01 3.788126e-02
9.216674e-01 9.275007e-01 9.333341e-01 3.747203e-02
9.333341e-01 9.391674e-01 9.450007e-01 3.705688e-02
9.450007e-01 9.508341e-01 9.566674e-01 3.663638e-02
9.566674e-01 9.625007e-01 9.683341e-01 3.621108e-02
9.683341e-01 9.741674e-01 9.800007e-01 3.578148e-02
9.800007e-01 9.858341e-01 9.916674e-01 3.534811e-02
9.916674e-01 9.975007e-01 1.003334e+00 3.491142e-02
1.003334e+00 1.009167e+00 1.015001e+00 3.447190e-02
1.015001e+00 1.020834e+00 1.026667e+00 3.402998e-02
1.026667e+00 1.032501e+00 1.038334e+00 3.358609e-02
1.038334e+00 1.044167e+00 1.050001e+00 3.314064e-02
1.050001e+00 1.055834e+00 1.061667e+00 3.269401e-02
1.061667e+00 1.067501e+00 1.073334e+00 3.224657e-02
1.073334e+00 1.079167e+00 1.085001e+00 3.179869e-02
1.085001e+00 1.090834e+00 1.096667e+00 3.135070e-02
1.096667e+00 1.102501e+00 1.108334e+00 3.090293e-02
1.108334e+00 1.114167e+00 1.120001e+00 3.045567e-02
1.120001e+00 1.125834e+00 1.131667e+00 3.000924e-02
1.131667e+00 1.137501e+00 1.143334e+00 2.956390e-02
1.143334e+00 1.149167e+00 1.155001e+00 2.911992e-02
1.155001e+00 1.160834e+00 1.166667e+00 2.867754e-02
1.166667e+00 1.172501e+00 1.178334e+00 2.823702e-02
1.178334e+00 1.184167e+00 1.190001e+00 2.779857e-02
1.190001e+00 1.195834e+00 1.201667e+00 2.736240e-02
1.201667e+00 1.207501e+00 1.213334e+00 2.692872e-02
1.213334e+00 1.219167e+00 1.225001e+00 2.649771e-02
1.225001e+00 1.230834e+00 1.236667e+00 2.606956e-02
1.236667e+00 1.242501e+00 1.248334e+00 2.564442e-02
1.248334e+00 1.254167e+00 1.260001e+00 2.522246e-02
1.260001e+00 1.265834e+00 1.271667e+00 2.480383e-02
1.271667e+00 1.277501e+00 1.283334e+00 2.438865e-02
1.283334e+00 1.289167e+00 1.295001e+00 2.397706e-02
1.295001e+00 1.300834e+00 1.306667e+00 2.356917e-02
1.306667e+00 1.312501e+00 1.318334e+00 2.316510e-02
1.318334e+00 1.324167e+00 1.330001e+00 2.276495e-02
1.330001e+00 1.335834e+00 1.341667e+00 2.236881e-02
1.341667e+00 1.347501e+00 1.353334e+00 2.197676e-02
1.353334e+00 1.359167e+00 1.365001e+00 2.158889e-02
1.365001e+00 1.370834e+00 1.376667e+00 2.120527e-02
1.376667e+00 1.382501e+00 1.388334e+00 2.082596e-02
1.388334e+00 1.394167e+00 1.400001e+00 2.045102e-02
1.400001e+00 1.405834e+00 1.411667e+00 2.008050e-02
1.411667e+00 1.417501e+00 1.423334e+00 1.971446e-02
1.423334e+00 1.429167e+00 1.435001e+00 1.935292e-02
1.435001e+00 1.440834e+00 1.446667e+00 1.899593e-02
1.446667e+00 1.452501e+00 1.458334e+00 1.864351e-02
1.458334e+00 1.464167e+00 1.470001e+00 1.829570e-02
1.470001e+00 1.475834e+00 1.481667e+00 1.795250e-02
1.481667e+00 1.487501e+00 1.493334e+00 1.761395e-02
1.493334e+00 1.499167e+00 1.505001e+00 1.728004e-02
1.505001e+00 1.510834e+00 1.516667e+00 1.695078e-02
1.516667e+00 1.522501e+00 1.528334e+00 1.662618e-02
1.528334e+00 1.534167e+00 1.540001e+00 1.630625e-02
1.540001e+00 1.545834e+00 1.551667e+00 1.599097e-02
1.551667e+00 1.557501e+00 1.563334e+00 1.568033e-02
1.563334e+00 1.569167e+00 1.575001e+00 1.537434e-02
1.575001e+00 1.580834e+00 1.586667e+00 1.507297e-02
1.586667e+00 1.592501e+00 1.598334e+00 1.477621e-02
1.598334e+00 1.604167e+00 1.610001e+00 1.448404e-02
1.610001e+00 1.615834e+00 1.621667e+00 1.419645e-02
1.621667e+00 1.627501e+00 1.633334e+00 1.391340e-02
1.633334e+00 1.639167e+00 1.645001e+00 1.363486e-02
1.645001e+00 1.650834e+00 1.656667e+00 1.336083e-02
1.656667e+00 1.662501e+00 1.668334e+00 1.309125e-02
1.668334e+00 1.674167e+00 1.680001e+00 1.282611e-02
1.680001e+00 1.685834e+00 1.691667e+00 1.256537e-02
1.691667e+00 1.697501e+00 1.703334e+00 1.230899e-02
1.703334e+00 1.709167e+00 1.715001e+00 1.205694e-02
1.715001e+00 1.720834e+00 1.726667e+00 1.180918e-02
1.726667e+00 1.732501e+00 1.738334e+00 1.156566e-02
1.738334e+00 1.744167e+00 1.750000e+00 1.132636e-02
1.750000e+00 1.755834e+00 1.761667e+00 1.109123e-02
1.761667e+00 1.767500e+00 1.773334e+00 1.086023e-02
1.773334e+00 1.779167e+00 1.785000e+00 1.063331e-02
1.785000e+00 1.790834e+00 1.796667e+00 1.041042e-02
1.796667e+00 1.802500e+00 1.808334e+00 1.019154e-02
1.808334e+00 1.814167e+00 1.820000e+00 9.976598e-03
1.820000e+00 1.825834e+00 1.831667e+00 9.765562e-03
1.831667e+00 1.837500e+00 1.843334e+00 9.558383e-03
1.843334e+00 1.849167e+00 1.855000e+00 9.355012e-03
1.855000e+00 1.860834e+00 1.866667e+00 9.155403e-03
1.866667e+00 1.872500e+00 1.878334e+00 8.959506e-03
1.878334e+00 1.884167e+00 1.890000e+00 8.767275e-03
1.890000e+00 1.895834e+00 1.901667e+00 8.578660e-03
1.901667e+00 1.907500e+00 1.913334e+00 8.393612e-03
1.913334e+00 1.919167e+00 1.925000e+00 8.212083e-03
1.925000e+00 1.930834e+00 1.936667e+00 8.034023e-03
1.936667e+00 1.942500e+00 1.948334e+00 7.859384e-03
1.948334e+00 1.954167e+00 1.960000e+00 7.688116e-03
1.960000e+00 1.965834e+00 1.971667e+00 7.520171e-03
1.971667e+00 1.977500e+00 1.983334e+00 7.355498e-03
1.983334e+00 1.989167e+00 1.995000e+00 7.194050e-03
1.995000e+00 2.000834e+00 2.006667e+00 7.035777e-03
2.006667e+00 2.012500e+00 2.018334e+00 6.880631e-03
2.018334e+00 2.024167e+00 2.030000e+00 6.728563e-03
2.030000e+00 2.035834e+00 2.041667e+00 6.579525e-03
2.041667e+00 2.047500e+00 2.053334e+00 6.433469e-03
2.053334e+00 2.059167e+00 2.065000e+00 6.290347e-03
2.065000e+00 2.070834e+00 2.076667e+00 6.150112e-03
2.076667e+00 2.082500e+00 2.088334e+00 6.012716e-03
2.088334e+00 2.094167e+00 2.100000e+00 5.878112e-03
2.100000e+00 2.105834e+00 2.111667e+00 5.746254e-03
2.111667e+00 2.117500e+00 2.123334e+00 5.617097e-03
2.123334e+00 2.129167e+00 2.135000e+00 5.490593e-03
2.135000e+00 2.140834e+00 2.146667e+00 5.366699e-03
2.146667e+00 2.152500e+00 2.158334e+00 5.245368e-03
2.158334e+00 2.164167e+00 2.170000e+00 5.126556e-03
2.170000e+00 2.175834e+00 2.181667e+00 5.010220e-03
2.181667e+00 2.187500e+00 2.193334e+00 4.896315e-03
2.193334e+00 2.199167e+00 2.205000e+00 4.784798e-03
2.205000e+00 2.210834e+00 2.216667e+00 4.675628e-03
2.216667e+00 2.222500e+00 2.228334e+00 4.568760e-03
2.228334e+00 2.234167e+00 2.240000e+00 4.464155e-03
2.240000e+00 2.245834e+00 2.251667e+00 4.361769e-03
2.251667e+00 2.257500e+00 2.263334e+00 4.261564e-03
2.263334e+00 2.269167e+00 2.275000e+00 4.163498e-03
2.275000e+00 2.280834e+00 2.286667e+00 4.067531e-03
2.286667e+00 2.292500e+00 2.298334e+00 3.973625e-03
2.298334e+00 2.304167e+00 2.310000e+00 3.881741e-03
2.310000e+00 2.315834e+00 2.321667e+00 3.791840e-03
2.321667e+00 2.327500e+00 2.333334e+00 3.703885e-03
2.333334e+00 2.339167e+00 2.345000e+00 3.617839e-03
2.345000e+00 2.350834e+00 2.356667e+00 3.533664e-03
2.356667e+00 2.362500e+00 2.368334e+00 3.451325e-03
2.368334e+00 2.374167e+00 2.380000e+00 3.370787e-03
2.380000e+00 2.385834e+00 2.391667e+00 3.292014e-03
2.391667e+00 2.397500e+00 2.403334e+00 3.214971e-03
2.403334e+00 2.409167e+00 2.415000e+00 3.139625e-03
2.415000e+00 2.420834e+00 2.426667e+00 3.065942e-03
2.426667e+00 2.432500e+00 2.438334e+00 2.993888e-03
2.438334e+00 2.444167e+00 2.450000e+00 2.923433e-03
2.450000e+00 2.455834e+00 2.461667e+00 2.854543e-03
2.461667e+00 2.467500e+00 2.473334e+00 2.787187e-03
2.473334e+00 2.479167e+00 2.485000e+00 2.721334e-03
2.485000e+00 2.490834e+00 2.496667e+00 2.656953e-03
2.496667e+00 2.502500e+00 2.508334e+00 2.594016e-03
2.508334e+00 2.514167e+00 2.520000e+00 2.532492e-03
2.520000e+00 2.525834e+00 2.531667e+00 2.472352e-03
2.531667e+00 2.537500e+00 2.543334e+00 2.413568e-03
2.543334e+00 2.549167e+00 2.555000e+00 2.356111e-03
2.555000e+00 2.560834e+00 2.566667e+00 2.299955e-03
2.566667e+00 2.572500e+00 2.578334e+00 2.245073e-03
2.578334e+00 2.584167e+00 2.590000e+00 2.191437e-03
2.590000e+00 2.595834e+00 2.601667e+00 2.139022e-03
2.601667e+00 2.607500e+00 2.613334e+00 2.087802e-03
2.613334e+00 2.619167e+00 2.625000e+00 2.037752e-03
2.625000e+00 2.630834e+00 2.636667e+00 1.988847e-03
2.636667e+00 2.642500e+00 2.648334e+00 1.941063e-03
2.648334e+00 2.654167e+00 2.660000e+00 1.894376e-03
2.660000e+00 2.665834e+00 2.671667e+00 1.848763e-03
2.671667e+00 2.677500e+00 2.683334e+00 1.804201e-03
2.683334e+00 2.689167e+00 2.695000e+00 1.760667e-03
2.695000e+00 2.700834e+00 2.706667e+00 1.718139e-03
2.706667e+00 2.712500e+00 2.718334e+00 1.676596e-03
2.718334e+00 2.724167e+00 2.730000e+00 1.636015e-03
2.730000e+00 2.735834e+00 2.741667e+00 1.596378e-03
2.741667e+00 2.747500e+00 2.753334e+00 1.557662e-03
2.753334e+00 2.759167e+00 2.765000e+00 1.519847e-03
2.765000e+00 2.770834e+00 2.776667e+00 1.482915e-03
2.776667e+00 2.782500e+00 2.788334e+00 1.446846e-03
2.788334e+00 2.794167e+00 2.800000e+00 1.411620e-03
2.800000e+00 2.805834e+00 2.811667e+00 1.377220e-03
2.811667e+00 2.817500e+00 2.823334e+00 1.343627e-03
2.823334e+00 2.829167e+00 2.835000e+00 1.310823e-03
2.835000e+00 2.840834e+00 2.846667e+00 1.278791e-03
2.846667e+00 2.852500e+00 2.858334e+00 1.247513e-03
2.858334e+00 2.864167e+00 2.870000e+00 1.216974e-03
2.870000e+00 2.875834e+00 2.881667e+00 1.187155e-03
2.881667e+00 2.887500e+00 2.893334e+00 1.158042e-03
2.893334e+00 2.899167e+00 2.905000e+00 1.129619e-03
2.905000e+00 2.910834e+00 2.916667e+00 1.101869e-03
2.916667e+00 2.922500e+00 2.928333e+00 1.074779e-03
2.928333e+00 2.934167e+00 2.940000e+00 1.048332e-03
2.940000e+00 2.945833e+00 2.951667e+00 1.022515e-03
2.951667e+00 2.957500e+00 2.963333e+00 9.973130e-04
2.963333e+00 2.969167e+00 2.975000e+00 9.727123e-04
2.975000e+00 2.980833e+00 2.986667e+00 9.486993e-04
2.986667e+00 2.992500e+00 2.998333e+00 9.252606e-04
2.998333e+00 3.004167e+00 3.010000e+00 9.023831e-04
3.010000e+00 3.015833e+00 3.021667e+00 8.800540e-04
3.021667e+00 3.027500e+00 3.033333e+00 8.582607e-04
3.033333e+00 3.039167e+00 3.045000e+00 8.369909e-04
3.045000e+00 3.050833e+00 3.056667e+00 8.162327e-04
3.056667e+00 3.062500e+00 3.068333e+00 7.959743e-04
3.068333e+00 3.074167e+00 3.080000e+00 7.762042e-04
3.080000e+00 3.085833e+00 3.091667e+00 7.569111e-04
3.091667e+00 3.097500e+00 3.103333e+00 7.380839e-04
3.103333e+00 3.109167e+00 3.115000e+00 7.197120e-04
3.115000e+00 3.120833e+00 3.126667e+00 7.017848e-04
3.126667e+00 3.132500e+00 3.138333e+00 6.842919e-04
3.138333e+00 3.144167e+00 3.150000e+00 6.672232e-04
3.150000e+00 3.155833e+00 3.161667e+00 6.505689e-04
3.161667e+00 3.167500e+00 3.173333e+00 6.343192e-04
3.173333e+00 3.179167e+00 3.185000e+00 6.184649e-04
3.185000e+00 3.190833e+00 3.196667e+00 6.029965e-04
3.196667e+00 3.202500e+00 3.208333e+00 5.879051e-04
3.208333e+00 3.214167e+00 3.220000e+00 5.731818e-04
3.220000e+00 3.225833e+00 3.231667e+00 5.588179e-04
3.231667e+00 3.237500e+00 3.243333e+00 5.448051e-04
3.243333e+00 3.249167e+00 3.255000e+00 5.311350e-04
3.255000e+00 3.260833e+00 3.266667e+00 5.177996e-04
3.266667e+00 3.272500e+00 3.278333e+00 5.047910e-04
3.278333e+00 3.284167e+00 3.290000e+00 4.921013e-04
3.290000e+00 3.295833e+00 3.301667e+00 4.797232e-04
3.301667e+00 3.307500e+00 3.313333e+00 4.676491e-04
3.313333e+00 3.319167e+00 3.325000e+00 4.558719e-04
3.325000e+00 3.330833e+00 3.336667e+00 4.443846e-04
3.336667e+00 3.342500e+00 3.348333e+00 4.331801e-04
3.348333e+00 3.354167e+00 3.360000e+00 4.222518e-04
3.360000e+00 3.365833e+00 3.371667e+00 4.115931e-04
3.371667e+00 3.377500e+00 3.383333e+00 4.011976e-04
3.383333e+00 3.389167e+00 3.395000e+00 3.910589e-04
3.395000e+00 3.400833e+00 3.406667e+00 3.811709e-04
3.406667e+00 3.412500e+00 3.418333e+00 3.715276e-04
3.418333e+00 3.424167e+00 3.430000e+00 3.621231e-04
3.430000e+00 3.435833e+00 3.441667e+00 3.529518e-04
3.441667e+00 3.447500e+00 3.453333e+00 3.440079e-04
3.453333e+00 3.459167e+00 3.465000e+00 3.352860e-04
3.465000e+00 3.470833e+00 3.476667e+00 3.267807e-04
3.476667e+00 3.482500e+00 3.488333e+00 3.184869e-04
3.488333e+00 3.494167e+00 3.500000e+00 3.103994e-04
