1.000000e-06 5.834332e-03 1.166766e-02 3.312524e-05
1.166766e-02 1.750099e-02 2.333433e-02 2.835016e-04
2.333433e-02 2.916766e-02 3.500099e-02 7.503524e-04
3.500099e-02 4.083432e-02 4.666765e-02 1.402724e-03
4.666765e-02 5.250099e-02 5.833432e-02 2.213153e-03
5.833432e-02 6.416765e-02 7.000098e-02 3.157107e-03
7.000098e-02 7.583431e-02 8.166764e-02 4.212610e-03
8.166764e-02 8.750097e-02 9.333431e-02 5.359953e-03
9.333431e-02 9.916764e-02 1.050010e-01 6.581452e-03
1.050010e-01 1.108343e-01 1.166676e-01 7.861252e-03
1.166676e-01 1.225010e-01 1.283343e-01 9.185147e-03
1.283343e-01 1.341676e-01 1.400010e-01 1.054043e-02
1.400010e-01 1.458343e-01 1.516676e-01 1.191576e-02
1.516676e-01 1.575010e-01 1.633343e-01 1.330101e-02
1.633343e-01 1.691676e-01 1.750009e-01 1.468721e-02
1.750009e-01 1.808343e-01 1.866676e-01 1.606640e-02
1.866676e-01 1.925009e-01 1.983343e-01 1.743154e-02
1.983343e-01 2.041676e-01 2.100009e-01 1.877648e-02
2.100009e-01 2.158343e-01 2.216676e-01 2.009580e-02
2.216676e-01 2.275009e-01 2.333343e-01 2.138483e-02
2.333343e-01 2.391676e-01 2.450009e-01 2.263950e-02
2.450009e-01 2.508343e-01 2.566676e-01 2.385636e-02
2.566676e-01 2.625009e-01 2.683343e-01 2.503247e-02
2.683343e-01 2.741676e-01 2.800009e-01 2.616539e-02
2.800009e-01 2.858343e-01 2.916676e-01 2.725309e-02
2.916676e-01 2.975009e-01 3.033342e-01 2.829397e-02
3.033342e-01 3.091676e-01 3.150009e-01 2.928677e-02
3.150009e-01 3.208342e-01 3.266676e-01 3.023055e-02
3.266676e-01 3.325009e-01 3.383342e-01 3.112467e-02
3.383342e-01 3.441676e-01 3.500009e-01 3.196874e-02
3.500009e-01 3.558342e-01 3.616676e-01 3.276264e-02
3.616676e-01 3.675009e-01 3.733342e-01 3.350641e-02
3.733342e-01 3.791676e-01 3.850009e-01 3.420031e-02
3.850009e-01 3.908342e-01 3.966676e-01 3.484477e-02
3.966676e-01 4.025009e-01 4.083342e-01 3.544035e-02
4.083342e-01 4.141675e-01 4.200009e-01 3.598775e-02
4.200009e-01 4.258342e-01 4.316675e-01 3.648778e-02
4.316675e-01 4.375009e-01 4.433342e-01 3.694136e-02
4.433342e-01 4.491675e-01 4.550009e-01 3.734948e-02
4.550009e-01 4.608342e-01 4.666675e-01 3.771321e-02
4.666675e-01 4.725009e-01 4.783342e-01 3.803368e-02
4.783342e-01 4.841675e-01 4.900009e-01 3.831209e-02
4.900009e-01 4.958342e-01 5.016675e-01 3.854966e-02
5.016675e-01 5.075009e-01 5.133342e-01 3.874765e-02
5.133342e-01 5.191675e-01 5.250008e-01 3.890736e-02
5.250008e-01 5.308342e-01 5.366675e-01 3.903008e-02
5.366675e-01 5.425008e-01 5.483342e-01 3.911716e-02
5.483342e-01 5.541675e-01 5.600008e-01 3.916991e-02
5.600008e-01 5.658342e-01 5.716675e-01 3.918968e-02
5.716675e-01 5.775008e-01 5.833342e-01 3.917778e-02
5.833342e-01 5.891675e-01 5.950008e-01 3.913555e-02
5.950008e-01 6.008342e-01 6.066675e-01 3.906430e-02
6.066675e-01 6.125008e-01 6.183342e-01 3.896534e-02
6.183342e-01 6.241675e-01 6.300008e-01 3.883994e-02
6.300008e-01 6.358342e-01 6.416675e-01 3.868938e-02
6.416675e-01 6.475008e-01 6.533341e-01 3.851490e-02
6.533341e-01 6.591675e-01 6.650008e-01 3.831774e-02
6.650008e-01 6.708341e-01 6.766675e-01 3.809907e-02
6.766675e-01 6.825008e-01 6.883341e-01 3.786009e-02
6.883341e-01 6.941675e-01 7.000008e-01 3.760193e-02
7.000008e-01 7.058341e-01 7.116675e-01 3.732572e-02
7.116675e-01 7.175008e-01 7.233341e-01 3.703253e-02
7.233341e-01 7.291675e-01 7.350008e-01 3.672344e-02
7.350008e-01 7.408341e-01 7.466675e-01 3.639947e-02
7.466675e-01 7.525008e-01 7.583341e-01 3.606161e-02
7.583341e-01 7.641674e-01 7.700008e-01 3.571084e-02
7.700008e-01 7.758341e-01 7.816674e-01 3.534810e-02
7.816674e-01 7.875008e-01 7.933341e-01 3.497428e-02
7.933341e-01 7.991674e-01 8.050008e-01 3.459026e-02
8.050008e-01 8.108341e-01 8.166674e-01 3.419689e-02
8.166674e-01 8.225008e-01 8.283341e-01 3.379498e-02
8.283341e-01 8.341674e-01 8.400008e-01 3.338531e-02
8.400008e-01 8.458341e-01 8.516674e-01 3.296863e-02
8.516674e-01 8.575008e-01 8.633341e-01 3.254568e-02
8.633341e-01 8.691674e-01 8.750007e-01 3.211713e-02
8.750007e-01 8.808341e-01 8.866674e-01 3.168367e-02
8.866674e-01 8.925007e-01 8.983341e-01 3.124593e-02
8.983341e-01 9.041674e-01 9.100007e-01 3.080451e-02
9.100007e-01 9.158341e-01 9.216674e-01 3.036000e-02
9.216674e-01 9.275007e-01 9.333341e-01 2.991296e-02
9.333341e-01 9.391674e-01 9.450007e-01 2.946393e-02
9.450007e-01 9.508341e-01 9.566674e-01 2.901340e-02
9.566674e-01 9.625007e-01 9.683341e-01 2.856186e-02
9.683341e-01 9.741674e-01 9.800007e-01 2.810977e-02
9.800007e-01 9.858341e-01 9.916674e-01 2.765756e-02
9.916674e-01 9.975007e-01 1.003334e+00 2.720565e-02
1.003334e+00 1.009167e+00 1.015001e+00 2.675443e-02
1.015001e+00 1.020834e+00 1.026667e+00 2.630426e-02
1.026667e+00 1.032501e+00 1.038334e+00 2.585551e-02
1.038334e+00 1.044167e+00 1.050001e+00 2.540850e-02
1.050001e+00 1.055834e+00 1.061667e+00 2.496353e-02
1.061667e+00 1.067501e+00 1.073334e+00 2.452092e-02
1.073334e+00 1.079167e+00 1.085001e+00 2.408092e-02
1.085001e+00 1.090834e+00 1.096667e+00 2.364379e-02
1.096667e+00 1.102501e+00 1.108334e+00 2.320979e-02
1.108334e+00 1.114167e+00 1.120001e+00 2.277913e-02
1.120001e+00 1.125834e+00 1.131667e+00 2.235202e-02
1.131667e+00 1.137501e+00 1.143334e+00 2.192867e-02
1.143334e+00 1.149167e+00 1.155001e+00 2.150924e-02
1.155001e+00 1.160834e+00 1.166667e+00 2.109391e-02
1.166667e+00 1.172501e+00 1.178334e+00 2.068284e-02
1.178334e+00 1.184167e+00 1.190001e+00 2.027616e-02
1.190001e+00 1.195834e+00 1.201667e+00 1.987401e-02
1.201667e+00 1.207501e+00 1.213334e+00 1.947650e-02
1.213334e+00 1.219167e+00 1.225001e+00 1.908375e-02
1.225001e+00 1.230834e+00 1.236667e+00 1.869584e-02
1.236667e+00 1.242501e+00 1.248334e+00 1.831287e-02
1.248334e+00 1.254167e+00 1.260001e+00 1.793492e-02
1.260001e+00 1.265834e+00 1.271667e+00 1.756205e-02
1.271667e+00 1.277501e+00 1.283334e+00 1.719432e-02
1.283334e+00 1.289167e+00 1.295001e+00 1.683179e-02
1.295001e+00 1.300834e+00 1.306667e+00 1.647450e-02
1.306667e+00 1.312501e+00 1.318334e+00 1.612249e-02
1.318334e+00 1.324167e+00 1.330001e+00 1.577578e-02
1.330001e+00 1.335834e+00 1.341667e+00 1.543439e-02
1.341667e+00 1.347501e+00 1.353334e+00 1.509836e-02
1.353334e+00 1.359167e+00 1.365001e+00 1.476767e-02
1.365001e+00 1.370834e+00 1.376667e+00 1.444234e-02
1.376667e+00 1.382501e+00 1.388334e+00 1.412237e-02
1.388334e+00 1.394167e+00 1.400001e+00 1.380776e-02
1.400001e+00 1.405834e+00 1.411667e+00 1.349848e-02
1.411667e+00 1.417501e+00 1.423334e+00 1.319453e-02
1.423334e+00 1.429167e+00 1.435001e+00 1.289588e-02
1.435001e+00 1.440834e+00 1.446667e+00 1.260252e-02
1.446667e+00 1.452501e+00 1.458334e+00 1.231441e-02
1.458334e+00 1.464167e+00 1.470001e+00 1.203152e-02
1.470001e+00 1.475834e+00 1.481667e+00 1.175382e-02
1.481667e+00 1.487501e+00 1.493334e+00 1.148128e-02
1.493334e+00 1.499167e+00 1.505001e+00 1.121384e-02
1.505001e+00 1.510834e+00 1.516667e+00 1.095148e-02
1.516667e+00 1.522501e+00 1.528334e+00 1.069414e-02
1.528334e+00 1.534167e+00 1.540001e+00 1.044178e-02
1.540001e+00 1.545834e+00 1.551667e+00 1.019435e-02
1.551667e+00 1.557501e+00 1.563334e+00 9.951794e-03
1.563334e+00 1.569167e+00 1.575001e+00 9.714060e-03
1.575001e+00 1.580834e+00 1.586667e+00 9.481096e-03
1.586667e+00 1.592501e+00 1.598334e+00 9.252844e-03
1.598334e+00 1.604167e+00 1.610001e+00 9.029246e-03
1.610001e+00 1.615834e+00 1.621667e+00 8.810246e-03
1.621667e+00 1.627501e+00 1.633334e+00 8.595782e-03
1.633334e+00 1.639167e+00 1.645001e+00 8.385793e-03
1.645001e+00 1.650834e+00 1.656667e+00 8.180220e-03
1.656667e+00 1.662501e+00 1.668334e+00 7.978999e-03
1.668334e+00 1.674167e+00 1.680001e+00 7.782067e-03
1.680001e+00 1.685834e+00 1.691667e+00 7.589362e-03
1.691667e+00 1.697501e+00 1.703334e+00 7.400820e-03
1.703334e+00 1.709167e+00 1.715001e+00 7.216376e-03
1.715001e+00 1.720834e+00 1.726667e+00 7.035967e-03
1.726667e+00 1.732501e+00 1.738334e+00 6.859529e-03
1.738334e+00 1.744167e+00 1.750000e+00 6.686995e-03
1.750000e+00 1.755834e+00 1.761667e+00 6.518303e-03
1.761667e+00 1.767500e+00 1.773334e+00 6.353387e-03
1.773334e+00 1.779167e+00 1.785000e+00 6.192184e-03
1.785000e+00 1.790834e+00 1.796667e+00 6.034629e-03
1.796667e+00 1.802500e+00 1.808334e+00 5.880657e-03
1.808334e+00 1.814167e+00 1.820000e+00 5.730207e-03
1.820000e+00 1.825834e+00 1.831667e+00 5.583213e-03
1.831667e+00 1.837500e+00 1.843334e+00 5.439613e-03
1.843334e+00 1.849167e+00 1.855000e+00 5.299344e-03
1.855000e+00 1.860834e+00 1.866667e+00 5.162345e-03
1.866667e+00 1.872500e+00 1.878334e+00 5.028553e-03
1.878334e+00 1.884167e+00 1.890000e+00 4.897908e-03
1.890000e+00 1.895834e+00 1.901667e+00 4.770348e-03
1.901667e+00 1.907500e+00 1.913334e+00 4.645814e-03
1.913334e+00 1.919167e+00 1.925000e+00 4.524246e-03
1.925000e+00 1.930834e+00 1.936667e+00 4.405585e-03
1.936667e+00 1.942500e+00 1.948334e+00 4.289773e-03
1.948334e+00 1.954167e+00 1.960000e+00 4.176753e-03
1.960000e+00 1.965834e+00 1.971667e+00 4.066468e-03
1.971667e+00 1.977500e+00 1.983334e+00 3.958861e-03
1.983334e+00 1.989167e+00 1.995000e+00 3.853877e-03
1.995000e+00 2.000834e+00 2.006667e+00 3.751462e-03
2.006667e+00 2.012500e+00 2.018334e+00 3.651561e-03
2.018334e+00 2.024167e+00 2.030000e+00 3.554122e-03
2.030000e+00 2.035834e+00 2.041667e+00 3.459091e-03
2.041667e+00 2.047500e+00 2.053334e+00 3.366417e-03
2.053334e+00 2.059167e+00 2.065000e+00 3.276050e-03
2.065000e+00 2.070834e+00 2.076667e+00 3.187938e-03
2.076667e+00 2.082500e+00 2.088334e+00 3.102033e-03
2.088334e+00 2.094167e+00 2.100000e+00 3.018286e-03
2.100000e+00 2.105834e+00 2.111667e+00 2.936649e-03
2.111667e+00 2.117500e+00 2.123334e+00 2.857076e-03
2.123334e+00 2.129167e+00 2.135000e+00 2.779519e-03
2.135000e+00 2.140834e+00 2.146667e+00 2.703934e-03
2.146667e+00 2.152500e+00 2.158334e+00 2.630275e-03
2.158334e+00 2.164167e+00 2.170000e+00 2.558499e-03
2.170000e+00 2.175834e+00 2.181667e+00 2.488564e-03
2.181667e+00 2.187500e+00 2.193334e+00 2.420425e-03
2.193334e+00 2.199167e+00 2.205000e+00 2.354043e-03
2.205000e+00 2.210834e+00 2.216667e+00 2.289376e-03
2.216667e+00 2.222500e+00 2.228334e+00 2.226383e-03
2.228334e+00 2.234167e+00 2.240000e+00 2.165027e-03
2.240000e+00 2.245834e+00 2.251667e+00 2.105267e-03
2.251667e+00 2.257500e+00 2.263334e+00 2.047067e-03
2.263334e+00 2.269167e+00 2.275000e+00 1.990390e-03
2.275000e+00 2.280834e+00 2.286667e+00 1.935198e-03
2.286667e+00 2.292500e+00 2.298334e+00 1.881457e-03
2.298334e+00 2.304167e+00 2.310000e+00 1.829131e-03
2.310000e+00 2.315834e+00 2.321667e+00 1.778187e-03
2.321667e+00 2.327500e+00 2.333334e+00 1.728591e-03
2.333334e+00 2.339167e+00 2.345000e+00 1.680309e-03
2.345000e+00 2.350834e+00 2.356667e+00 1.633311e-03
2.356667e+00 2.362500e+00 2.368334e+00 1.587564e-03
2.368334e+00 2.374167e+00 2.380000e+00 1.543037e-03
2.380000e+00 2.385834e+00 2.391667e+00 1.499701e-03
2.391667e+00 2.397500e+00 2.403334e+00 1.457526e-03
2.403334e+00 2.409167e+00 2.415000e+00 1.416484e-03
2.415000e+00 2.420834e+00 2.426667e+00 1.376545e-03
2.426667e+00 2.432500e+00 2.438334e+00 1.337682e-03
2.438334e+00 2.444167e+00 2.450000e+00 1.299869e-03
2.450000e+00 2.455834e+00 2.461667e+00 1.263079e-03
2.461667e+00 2.467500e+00 2.473334e+00 1.227285e-03
2.473334e+00 2.479167e+00 2.485000e+00 1.192464e-03
2.485000e+00 2.490834e+00 2.496667e+00 1.158589e-03
2.496667e+00 2.502500e+00 2.508334e+00 1.125638e-03
2.508334e+00 2.514167e+00 2.520000e+00 1.093586e-03
2.520000e+00 2.525834e+00 2.531667e+00 1.062410e-03
2.531667e+00 2.537500e+00 2.543334e+00 1.032088e-03
2.543334e+00 2.549167e+00 2.555000e+00 1.002598e-03
2.555000e+00 2.560834e+00 2.566667e+00 9.739179e-04
2.566667e+00 2.572500e+00 2.578334e+00 9.460274e-04
2.578334e+00 2.584167e+00 2.590000e+00 9.189058e-04
2.590000e+00 2.595834e+00 2.601667e+00 8.925330e-04
2.601667e+00 2.607500e+00 2.613334e+00 8.668896e-04
2.613334e+00 2.619167e+00 2.625000e+00 8.419563e-04
2.625000e+00 2.630834e+00 2.636667e+00 8.177147e-04
2.636667e+00 2.642500e+00 2.648334e+00 7.941465e-04
2.648334e+00 2.654167e+00 2.660000e+00 7.712341e-04
2.660000e+00 2.665834e+00 2.671667e+00 7.489600e-04
2.671667e+00 2.677500e+00 2.683334e+00 7.273074e-04
2.683334e+00 2.689167e+00 2.695000e+00 7.062598e-04
2.695000e+00 2.700834e+00 2.706667e+00 6.858012e-04
2.706667e+00 2.712500e+00 2.718334e+00 6.659158e-04
2.718334e+00 2.724167e+00 2.730000e+00 6.465884e-04
2.730000e+00 2.735834e+00 2.741667e+00 6.278040e-04
2.741667e+00 2.747500e+00 2.753334e+00 6.095481e-04
2.753334e+00 2.759167e+00 2.765000e+00 5.918066e-04
2.765000e+00 2.770834e+00 2.776667e+00 5.745654e-04
2.776667e+00 2.782500e+00 2.788334e+00 5.578113e-04
2.788334e+00 2.794167e+00 2.800000e+00 5.415309e-04
2.800000e+00 2.805834e+00 2.811667e+00 5.257116e-04
2.811667e+00 2.817500e+00 2.823334e+00 5.103408e-04
2.823334e+00 2.829167e+00 2.835000e+00 4.954063e-04
2.835000e+00 2.840834e+00 2.846667e+00 4.808962e-04
2.846667e+00 2.852500e+00 2.858334e+00 4.667990e-04
2.858334e+00 2.864167e+00 2.870000e+00 4.531034e-04
2.870000e+00 2.875834e+00 2.881667e+00 4.397985e-04
2.881667e+00 2.887500e+00 2.893334e+00 4.268734e-04
2.893334e+00 2.899167e+00 2.905000e+00 4.143179e-04
2.905000e+00 2.910834e+00 2.916667e+00 4.021217e-04
2.916667e+00 2.922500e+00 2.928333e+00 3.902749e-04
2.928333e+00 2.934167e+00 2.940000e+00 3.787680e-04
2.940000e+00 2.945833e+00 2.951667e+00 3.675914e-04
2.951667e+00 2.957500e+00 2.963333e+00 3.567362e-04
2.963333e+00 2.969167e+00 2.975000e+00 3.461933e-04
2.975000e+00 2.980833e+00 2.986667e+00 3.359541e-04
2.986667e+00 2.992500e+00 2.998333e+00 3.260102e-04
2.998333e+00 3.004167e+00 3.010000e+00 3.163534e-04
3.010000e+00 3.015833e+00 3.021667e+00 3.069756e-04
3.021667e+00 3.027500e+00 3.033333e+00 2.978690e-04
3.033333e+00 3.039167e+00 3.045000e+00 2.890261e-04
3.045000e+00 3.050833e+00 3.056667e+00 2.804395e-04
3.056667e+00 3.062500e+00 3.068333e+00 2.721020e-04
3.068333e+00 3.074167e+00 3.080000e+00 2.640067e-04
3.080000e+00 3.085833e+00 3.091667e+00 2.561466e-04
3.091667e+00 3.097500e+00 3.103333e+00 2.485152e-04
3.103333e+00 3.109167e+00 3.115000e+00 2.411060e-04
3.115000e+00 3.120833e+00 3.126667e+00 2.339129e-04
3.126667e+00 3.132500e+00 3.138333e+00 2.269295e-04
3.138333e+00 3.144167e+00 3.150000e+00 2.201501e-04
3.150000e+00 3.155833e+00 3.161667e+00 2.135689e-04
3.161667e+00 3.167500e+00 3.173333e+00 2.071802e-04
3.173333e+00 3.179167e+00 3.185000e+00 2.009785e-04
3.185000e+00 3.190833e+00 3.196667e+00 1.949586e-04
3.196667e+00 3.202500e+00 3.208333e+00 1.891152e-04
3.208333e+00 3.214167e+00 3.220000e+00 1.834434e-04
3.220000e+00 3.225833e+00 3.231667e+00 1.779382e-04
3.231667e+00 3.237500e+00 3.243333e+00 1.725948e-04
3.243333e+00 3.249167e+00 3.255000e+00 1.674088e-04
3.255000e+00 3.260833e+00 3.266667e+00 1.623754e-04
3.266667e+00 3.272500e+00 3.278333e+00 1.574904e-04
3.278333e+00 3.284167e+00 3.290000e+00 1.527496e-04
3.290000e+00 3.295833e+00 3.301667e+00 1.481487e-04
3.301667e+00 3.307500e+00 3.313333e+00 1.436837e-04
3.313333e+00 3.319167e+00 3.325000e+00 1.393508e-04
3.325000e+00 3.330833e+00 3.336667e+00 1.351460e-04
3.336667e+00 3.342500e+00 3.348333e+00 1.310658e-04
3.348333e+00 3.354167e+00 3.360000e+00 1.271066e-04
3.360000e+00 3.365833e+00 3.371667e+00 1.232647e-04
3.371667e+00 3.377500e+00 3.383333e+00 1.195369e-04
3.383333e+00 3.389167e+00 3.395000e+00 1.159198e-04
3.395000e+00 3.400833e+00 3.406667e+00 1.124102e-04
3.406667e+00 3.412500e+00 3.418333e+00 1.090050e-04
3.418333e+00 3.424167e+00 3.430000e+00 1.057012e-04
3.430000e+00 3.435833e+00 3.441667e+00 1.024958e-04
3.441667e+00 3.447500e+00 3.453333e+00 9.938590e-05
3.453333e+00 3.459167e+00 3.465000e+00 9.636880e-05
3.465000e+00 3.470833e+00 3.476667e+00 9.344175e-05
3.476667e+00 3.482500e+00 3.488333e+00 9.060213e-05
3.488333e+00 3.494167e+00 3.500000e+00 8.784739e-05
