1.000000e-06 5.834332e-03 1.166766e-02 3.191772e-05
1.166766e-02 1.750099e-02 2.333433e-02 2.622782e-04
2.333433e-02 2.916766e-02 3.500099e-02 6.735901e-04
3.500099e-02 4.083432e-02 4.666765e-02 1.228246e-03
4.666765e-02 5.250099e-02 5.833432e-02 1.896587e-03
5.833432e-02 6.416765e-02 7.000098e-02 2.654400e-03
7.000098e-02 7.583431e-02 8.166764e-02 3.481568e-03
8.166764e-02 8.750097e-02 9.333431e-02 4.361196e-03
9.333431e-02 9.916764e-02 1.050010e-01 5.279005e-03
1.050010e-01 1.108343e-01 1.166676e-01 6.222877e-03
1.166676e-01 1.225010e-01 1.283343e-01 7.182505e-03
1.283343e-01 1.341676e-01 1.400010e-01 8.149114e-03
1.400010e-01 1.458343e-01 1.516676e-01 9.115239e-03
1.516676e-01 1.575010e-01 1.633343e-01 1.007454e-02
1.633343e-01 1.691676e-01 1.750009e-01 1.102164e-02
1.750009e-01 1.808343e-01 1.866676e-01 1.195201e-02
1.866676e-01 1.925009e-01 1.983343e-01 1.286185e-02
1.983343e-01 2.041676e-01 2.100009e-01 1.374798e-02
2.100009e-01 2.158343e-01 2.216676e-01 1.460781e-02
2.216676e-01 2.275009e-01 2.333343e-01 1.543918e-02
2.333343e-01 2.391676e-01 2.450009e-01 1.624040e-02
2.450009e-01 2.508343e-01 2.566676e-01 1.701013e-02
2.566676e-01 2.625009e-01 2.683343e-01 1.774736e-02
2.683343e-01 2.741676e-01 2.800009e-01 1.845135e-02
2.800009e-01 2.858343e-01 2.916676e-01 1.912161e-02
2.916676e-01 2.975009e-01 3.033342e-01 1.975787e-02
3.033342e-01 3.091676e-01 3.150009e-01 2.036006e-02
3.150009e-01 3.208342e-01 3.266676e-01 2.092824e-02
3.266676e-01 3.325009e-01 3.383342e-01 2.146264e-02
3.383342e-01 3.441676e-01 3.500009e-01 2.196359e-02
3.500009e-01 3.558342e-01 3.616676e-01 2.243154e-02
3.616676e-01 3.675009e-01 3.733342e-01 2.286701e-02
3.733342e-01 3.791676e-01 3.850009e-01 2.327063e-02
3.850009e-01 3.908342e-01 3.966676e-01 2.364305e-02
3.966676e-01 4.025009e-01 4.083342e-01 2.398500e-02
4.083342e-01 4.141675e-01 4.200009e-01 2.429726e-02
4.200009e-01 4.258342e-01 4.316675e-01 2.458061e-02
4.316675e-01 4.375009e-01 4.433342e-01 2.483589e-02
4.433342e-01 4.491675e-01 4.550009e-01 2.506396e-02
4.550009e-01 4.608342e-01 4.666675e-01 2.526567e-02
4.666675e-01 4.725009e-01 4.783342e-01 2.544191e-02
4.783342e-01 4.841675e-01 4.900009e-01 2.559355e-02
4.900009e-01 4.958342e-01 5.016675e-01 2.572149e-02
5.016675e-01 5.075009e-01 5.133342e-01 2.582660e-02
5.133342e-01 5.191675e-01 5.250008e-01 2.590976e-02
5.250008e-01 5.308342e-01 5.366675e-01 2.597184e-02
5.366675e-01 5.425008e-01 5.483342e-01 2.601371e-02
5.483342e-01 5.541675e-01 5.600008e-01 2.603621e-02
5.600008e-01 5.658342e-01 5.716675e-01 2.604018e-02
5.716675e-01 5.775008e-01 5.833342e-01 2.602644e-02
5.833342e-01 5.891675e-01 5.950008e-01 2.599579e-02
5.950008e-01 6.008342e-01 6.066675e-01 2.594903e-02
6.066675e-01 6.125008e-01 6.183342e-01 2.588692e-02
6.183342e-01 6.241675e-01 6.300008e-01 2.581022e-02
6.300008e-01 6.358342e-01 6.416675e-01 2.571966e-02
6.416675e-01 6.475008e-01 6.533341e-01 2.561595e-02
6.533341e-01 6.591675e-01 6.650008e-01 2.549979e-02
6.650008e-01 6.708341e-01 6.766675e-01 2.537185e-02
6.766675e-01 6.825008e-01 6.883341e-01 2.523279e-02
6.883341e-01 6.941675e-01 7.000008e-01 2.508323e-02
7.000008e-01 7.058341e-01 7.116675e-01 2.492380e-02
7.116675e-01 7.175008e-01 7.233341e-01 2.475508e-02
7.233341e-01 7.291675e-01 7.350008e-01 2.457764e-02
7.350008e-01 7.408341e-01 7.466675e-01 2.439205e-02
7.466675e-01 7.525008e-01 7.583341e-01 2.419884e-02
7.583341e-01 7.641674e-01 7.700008e-01 2.399852e-02
7.700008e-01 7.758341e-01 7.816674e-01 2.379158e-02
7.816674e-01 7.875008e-01 7.933341e-01 2.357852e-02
7.933341e-01 7.991674e-01 8.050008e-01 2.335978e-02
8.050008e-01 8.108341e-01 8.166674e-01 2.313580e-02
8.166674e-01 8.225008e-01 8.283341e-01 2.290702e-02
8.283341e-01 8.341674e-01 8.400008e-01 2.267384e-02
8.400008e-01 8.458341e-01 8.516674e-01 2.243665e-02
8.516674e-01 8.575008e-01 8.633341e-01 2.219583e-02
8.633341e-01 8.691674e-01 8.750007e-01 2.195174e-02
8.750007e-01 8.808341e-01 8.866674e-01 2.170471e-02
8.866674e-01 8.925007e-01 8.983341e-01 2.145508e-02
8.983341e-01 9.041674e-01 9.100007e-01 2.120316e-02
9.100007e-01 9.158341e-01 9.216674e-01 2.094926e-02
9.216674e-01 9.275007e-01 9.333341e-01 2.069366e-02
9.333341e-01 9.391674e-01 9.450007e-01 2.043663e-02
9.450007e-01 9.508341e-01 9.566674e-01 2.017843e-02
9.566674e-01 9.625007e-01 9.683341e-01 1.991932e-02
9.683341e-01 9.741674e-01 9.800007e-01 1.965952e-02
9.800007e-01 9.858341e-01 9.916674e-01 1.939927e-02
9.916674e-01 9.975007e-01 1.003334e+00 1.913878e-02
1.003334e+00 1.009167e+00 1.015001e+00 1.887824e-02
1.015001e+00 1.020834e+00 1.026667e+00 1.861786e-02
1.026667e+00 1.032501e+00 1.038334e+00 1.835782e-02
1.038334e+00 1.044167e+00 1.050001e+00 1.809828e-02
1.050001e+00 1.055834e+00 1.061667e+00 1.783941e-02
1.061667e+00 1.067501e+00 1.073334e+00 1.758137e-02
1.073334e+00 1.079167e+00 1.085001e+00 1.732429e-02
1.085001e+00 1.090834e+00 1.096667e+00 1.706833e-02
1.096667e+00 1.102501e+00 1.108334e+00 1.681360e-02
1.108334e+00 1.114167e+00 1.120001e+00 1.656023e-02
1.120001e+00 1.125834e+00 1.131667e+00 1.630834e-02
1.131667e+00 1.137501e+00 1.143334e+00 1.605802e-02
1.143334e+00 1.149167e+00 1.155001e+00 1.580939e-02
1.155001e+00 1.160834e+00 1.166667e+00 1.556252e-02
1.166667e+00 1.172501e+00 1.178334e+00 1.531752e-02
1.178334e+00 1.184167e+00 1.190001e+00 1.507446e-02
1.190001e+00 1.195834e+00 1.201667e+00 1.483342e-02
1.201667e+00 1.207501e+00 1.213334e+00 1.459447e-02
1.213334e+00 1.219167e+00 1.225001e+00 1.435767e-02
1.225001e+00 1.230834e+00 1.236667e+00 1.412309e-02
1.236667e+00 1.242501e+00 1.248334e+00 1.389077e-02
1.248334e+00 1.254167e+00 1.260001e+00 1.366077e-02
1.260001e+00 1.265834e+00 1.271667e+00 1.343313e-02
1.271667e+00 1.277501e+00 1.283334e+00 1.320789e-02
1.283334e+00 1.289167e+00 1.295001e+00 1.298510e-02
1.295001e+00 1.300834e+00 1.306667e+00 1.276479e-02
1.306667e+00 1.312501e+00 1.318334e+00 1.254698e-02
1.318334e+00 1.324167e+00 1.330001e+00 1.233171e-02
1.330001e+00 1.335834e+00 1.341667e+00 1.211899e-02
1.341667e+00 1.347501e+00 1.353334e+00 1.190884e-02
1.353334e+00 1.359167e+00 1.365001e+00 1.170129e-02
1.365001e+00 1.370834e+00 1.376667e+00 1.149635e-02
1.376667e+00 1.382501e+00 1.388334e+00 1.129402e-02
1.388334e+00 1.394167e+00 1.400001e+00 1.109433e-02
1.400001e+00 1.405834e+00 1.411667e+00 1.089726e-02
1.411667e+00 1.417501e+00 1.423334e+00 1.070284e-02
1.423334e+00 1.429167e+00 1.435001e+00 1.051105e-02
1.435001e+00 1.440834e+00 1.446667e+00 1.032190e-02
1.446667e+00 1.452501e+00 1.458334e+00 1.013539e-02
1.458334e+00 1.464167e+00 1.470001e+00 9.951510e-03
1.470001e+00 1.475834e+00 1.481667e+00 9.770259e-03
1.481667e+00 1.487501e+00 1.493334e+00 9.591627e-03
1.493334e+00 1.499167e+00 1.505001e+00 9.415605e-03
1.505001e+00 1.510834e+00 1.516667e+00 9.242182e-03
1.516667e+00 1.522501e+00 1.528334e+00 9.071348e-03
1.528334e+00 1.534167e+00 1.540001e+00 8.903088e-03
1.540001e+00 1.545834e+00 1.551667e+00 8.737388e-03
1.551667e+00 1.557501e+00 1.563334e+00 8.574232e-03
1.563334e+00 1.569167e+00 1.575001e+00 8.413604e-03
1.575001e+00 1.580834e+00 1.586667e+00 8.255485e-03
1.586667e+00 1.592501e+00 1.598334e+00 8.099858e-03
1.598334e+00 1.604167e+00 1.610001e+00 7.946703e-03
1.610001e+00 1.615834e+00 1.621667e+00 7.795998e-03
1.621667e+00 1.627501e+00 1.633334e+00 7.647725e-03
1.633334e+00 1.639167e+00 1.645001e+00 7.501860e-03
1.645001e+00 1.650834e+00 1.656667e+00 7.358381e-03
1.656667e+00 1.662501e+00 1.668334e+00 7.217265e-03
1.668334e+00 1.674167e+00 1.680001e+00 7.078490e-03
1.680001e+00 1.685834e+00 1.691667e+00 6.942030e-03
1.691667e+00 1.697501e+00 1.703334e+00 6.807861e-03
1.703334e+00 1.709167e+00 1.715001e+00 6.675960e-03
1.715001e+00 1.720834e+00 1.726667e+00 6.546299e-03
1.726667e+00 1.732501e+00 1.738334e+00 6.418855e-03
1.738334e+00 1.744167e+00 1.750000e+00 6.293600e-03
1.750000e+00 1.755834e+00 1.761667e+00 6.170510e-03
1.761667e+00 1.767500e+00 1.773334e+00 6.049558e-03
1.773334e+00 1.779167e+00 1.785000e+00 5.930718e-03
1.785000e+00 1.790834e+00 1.796667e+00 5.813962e-03
1.796667e+00 1.802500e+00 1.808334e+00 5.699265e-03
1.808334e+00 1.814167e+00 1.820000e+00 5.586599e-03
1.820000e+00 1.825834e+00 1.831667e+00 5.475938e-03
1.831667e+00 1.837500e+00 1.843334e+00 5.367255e-03
1.843334e+00 1.849167e+00 1.855000e+00 5.260523e-03
1.855000e+00 1.860834e+00 1.866667e+00 5.155715e-03
1.866667e+00 1.872500e+00 1.878334e+00 5.052804e-03
1.878334e+00 1.884167e+00 1.890000e+00 4.951763e-03
1.890000e+00 1.895834e+00 1.901667e+00 4.852566e-03
1.901667e+00 1.907500e+00 1.913334e+00 4.755186e-03
1.913334e+00 1.919167e+00 1.925000e+00 4.659596e-03
1.925000e+00 1.930834e+00 1.936667e+00 4.565769e-03
1.936667e+00 1.942500e+00 1.948334e+00 4.473680e-03
1.948334e+00 1.954167e+00 1.960000e+00 4.383302e-03
1.960000e+00 1.965834e+00 1.971667e+00 4.294609e-03
1.971667e+00 1.977500e+00 1.983334e+00 4.207575e-03
1.983334e+00 1.989167e+00 1.995000e+00 4.122175e-03
1.995000e+00 2.000834e+00 2.006667e+00 4.038382e-03
2.006667e+00 2.012500e+00 2.018334e+00 3.956171e-03
2.018334e+00 2.024167e+00 2.030000e+00 3.875518e-03
2.030000e+00 2.035834e+00 2.041667e+00 3.796397e-03
2.041667e+00 2.047500e+00 2.053334e+00 3.718782e-03
2.053334e+00 2.059167e+00 2.065000e+00 3.642651e-03
2.065000e+00 2.070834e+00 2.076667e+00 3.567978e-03
2.076667e+00 2.082500e+00 2.088334e+00 3.494740e-03
2.088334e+00 2.094167e+00 2.100000e+00 3.422912e-03
2.100000e+00 2.105834e+00 2.111667e+00 3.352471e-03
2.111667e+00 2.117500e+00 2.123334e+00 3.283394e-03
2.123334e+00 2.129167e+00 2.135000e+00 3.215658e-03
2.135000e+00 2.140834e+00 2.146667e+00 3.149238e-03
2.146667e+00 2.152500e+00 2.158334e+00 3.084115e-03
2.158334e+00 2.164167e+00 2.170000e+00 3.020263e-03
2.170000e+00 2.175834e+00 2.181667e+00 2.957663e-03
2.181667e+00 2.187500e+00 2.193334e+00 2.896292e-03
2.193334e+00 2.199167e+00 2.205000e+00 2.836128e-03
2.205000e+00 2.210834e+00 2.216667e+00 2.777150e-03
2.216667e+00 2.222500e+00 2.228334e+00 2.719337e-03
2.228334e+00 2.234167e+00 2.240000e+00 2.662670e-03
2.240000e+00 2.245834e+00 2.251667e+00 2.607126e-03
2.251667e+00 2.257500e+00 2.263334e+00 2.552686e-03
2.263334e+00 2.269167e+00 2.275000e+00 2.499331e-03
2.275000e+00 2.280834e+00 2.286667e+00 2.447040e-03
2.286667e+00 2.292500e+00 2.298334e+00 2.395794e-03
2.298334e+00 2.304167e+00 2.310000e+00 2.345575e-03
2.310000e+00 2.315834e+00 2.321667e+00 2.296363e-03
2.321667e+00 2.327500e+00 2.333334e+00 2.248140e-03
2.333334e+00 2.339167e+00 2.345000e+00 2.200888e-03
2.345000e+00 2.350834e+00 2.356667e+00 2.154588e-03
2.356667e+00 2.362500e+00 2.368334e+00 2.109224e-03
2.368334e+00 2.374167e+00 2.380000e+00 2.064778e-03
2.380000e+00 2.385834e+00 2.391667e+00 2.021232e-03
2.391667e+00 2.397500e+00 2.403334e+00 1.978570e-03
2.403334e+00 2.409167e+00 2.415000e+00 1.936774e-03
2.415000e+00 2.420834e+00 2.426667e+00 1.895830e-03
2.426667e+00 2.432500e+00 2.438334e+00 1.855720e-03
2.438334e+00 2.444167e+00 2.450000e+00 1.816429e-03
2.450000e+00 2.455834e+00 2.461667e+00 1.777942e-03
2.461667e+00 2.467500e+00 2.473334e+00 1.740242e-03
2.473334e+00 2.479167e+00 2.485000e+00 1.703315e-03
2.485000e+00 2.490834e+00 2.496667e+00 1.667146e-03
2.496667e+00 2.502500e+00 2.508334e+00 1.631720e-03
2.508334e+00 2.514167e+00 2.520000e+00 1.597023e-03
2.520000e+00 2.525834e+00 2.531667e+00 1.563042e-03
2.531667e+00 2.537500e+00 2.543334e+00 1.529761e-03
2.543334e+00 2.549167e+00 2.555000e+00 1.497168e-03
2.555000e+00 2.560834e+00 2.566667e+00 1.465249e-03
2.566667e+00 2.572500e+00 2.578334e+00 1.433991e-03
2.578334e+00 2.584167e+00 2.590000e+00 1.403380e-03
2.590000e+00 2.595834e+00 2.601667e+00 1.373405e-03
2.601667e+00 2.607500e+00 2.613334e+00 1.344053e-03
2.613334e+00 2.619167e+00 2.625000e+00 1.315311e-03
2.625000e+00 2.630834e+00 2.636667e+00 1.287168e-03
2.636667e+00 2.642500e+00 2.648334e+00 1.259611e-03
2.648334e+00 2.654167e+00 2.660000e+00 1.232629e-03
2.660000e+00 2.665834e+00 2.671667e+00 1.206211e-03
2.671667e+00 2.677500e+00 2.683334e+00 1.180345e-03
2.683334e+00 2.689167e+00 2.695000e+00 1.155020e-03
2.695000e+00 2.700834e+00 2.706667e+00 1.130226e-03
2.706667e+00 2.712500e+00 2.718334e+00 1.105951e-03
2.718334e+00 2.724167e+00 2.730000e+00 1.082186e-03
2.730000e+00 2.735834e+00 2.741667e+00 1.058921e-03
2.741667e+00 2.747500e+00 2.753334e+00 1.036144e-03
2.753334e+00 2.759167e+00 2.765000e+00 1.013847e-03
2.765000e+00 2.770834e+00 2.776667e+00 9.920189e-04
2.776667e+00 2.782500e+00 2.788334e+00 9.706513e-04
2.788334e+00 2.794167e+00 2.800000e+00 9.497344e-04
2.800000e+00 2.805834e+00 2.811667e+00 9.292592e-04
2.811667e+00 2.817500e+00 2.823334e+00 9.092166e-04
2.823334e+00 2.829167e+00 2.835000e+00 8.895979e-04
2.835000e+00 2.840834e+00 2.846667e+00 8.703944e-04
2.846667e+00 2.852500e+00 2.858334e+00 8.515977e-04
2.858334e+00 2.864167e+00 2.870000e+00 8.331994e-04
2.870000e+00 2.875834e+00 2.881667e+00 8.151913e-04
2.881667e+00 2.887500e+00 2.893334e+00 7.975656e-04
2.893334e+00 2.899167e+00 2.905000e+00 7.803142e-04
2.905000e+00 2.910834e+00 2.916667e+00 7.634296e-04
2.916667e+00 2.922500e+00 2.928333e+00 7.469042e-04
2.928333e+00 2.934167e+00 2.940000e+00 7.307306e-04
2.940000e+00 2.945833e+00 2.951667e+00 7.149015e-04
2.951667e+00 2.957500e+00 2.963333e+00 6.994098e-04
2.963333e+00 2.969167e+00 2.975000e+00 6.842485e-04
2.975000e+00 2.980833e+00 2.986667e+00 6.694108e-04
2.986667e+00 2.992500e+00 2.998333e+00 6.548900e-04
2.998333e+00 3.004167e+00 3.010000e+00 6.406795e-04
3.010000e+00 3.015833e+00 3.021667e+00 6.267728e-04
3.021667e+00 3.027500e+00 3.033333e+00 6.131637e-04
3.033333e+00 3.039167e+00 3.045000e+00 5.998459e-04
3.045000e+00 3.050833e+00 3.056667e+00 5.868134e-04
3.056667e+00 3.062500e+00 3.068333e+00 5.740602e-04
3.068333e+00 3.074167e+00 3.080000e+00 5.615805e-04
3.080000e+00 3.085833e+00 3.091667e+00 5.493685e-04
3.091667e+00 3.097500e+00 3.103333e+00 5.374187e-04
3.103333e+00 3.109167e+00 3.115000e+00 5.257255e-04
3.115000e+00 3.120833e+00 3.126667e+00 5.142837e-04
3.126667e+00 3.132500e+00 3.138333e+00 5.030878e-04
3.138333e+00 3.144167e+00 3.150000e+00 4.921328e-04
3.150000e+00 3.155833e+00 3.161667e+00 4.814135e-04
3.161667e+00 3.167500e+00 3.173333e+00 4.709251e-04
3.173333e+00 3.179167e+00 3.185000e+00 4.606626e-04
3.185000e+00 3.190833e+00 3.196667e+00 4.506213e-04
3.196667e+00 3.202500e+00 3.208333e+00 4.407965e-04
3.208333e+00 3.214167e+00 3.220000e+00 4.311836e-04
3.220000e+00 3.225833e+00 3.231667e+00 4.217782e-04
3.231667e+00 3.237500e+00 3.243333e+00 4.125759e-04
3.243333e+00 3.249167e+00 3.255000e+00 4.035723e-04
3.255000e+00 3.260833e+00 3.266667e+00 3.947633e-04
3.266667e+00 3.272500e+00 3.278333e+00 3.861448e-04
3.278333e+00 3.284167e+00 3.290000e+00 3.777126e-04
3.290000e+00 3.295833e+00 3.301667e+00 3.694629e-04
3.301667e+00 3.307500e+00 3.313333e+00 3.613917e-04
3.313333e+00 3.319167e+00 3.325000e+00 3.534953e-04
3.325000e+00 3.330833e+00 3.336667e+00 3.457700e-04
3.336667e+00 3.342500e+00 3.348333e+00 3.382120e-04
3.348333e+00 3.354167e+00 3.360000e+00 3.308179e-04
3.360000e+00 3.365833e+00 3.371667e+00 3.235841e-04
3.371667e+00 3.377500e+00 3.383333e+00 3.165073e-04
3.383333e+00 3.389167e+00 3.395000e+00 3.095840e-04
3.395000e+00 3.400833e+00 3.406667e+00 3.028110e-04
3.406667e+00 3.412500e+00 3.418333e+00 2.961850e-04
3.418333e+00 3.424167e+00 3.430000e+00 2.897030e-04
3.430000e+00 3.435833e+00 3.441667e+00 2.833618e-04
3.441667e+00 3.447500e+00 3.453333e+00 2.771585e-04
3.453333e+00 3.459167e+00 3.465000e+00 2.710901e-04
3.465000e+00 3.470833e+00 3.476667e+00 2.651536e-04
3.476667e+00 3.482500e+00 3.488333e+00 2.593463e-04
3.488333e+00 3.494167e+00 3.500000e+00 2.536653e-04
