1.000000e-06 5.834332e-03 1.166766e-02 3.200170e-05
1.166766e-02 1.750099e-02 2.333433e-02 2.635184e-04
2.333433e-02 2.916766e-02 3.500099e-02 6.776179e-04
3.500099e-02 4.083432e-02 4.666765e-02 1.236649e-03
4.666765e-02 5.250099e-02 5.833432e-02 1.910739e-03
5.833432e-02 6.416765e-02 7.000098e-02 2.675401e-03
7.000098e-02 7.583431e-02 8.166764e-02 3.510229e-03
8.166764e-02 8.750097e-02 9.333431e-02 4.398050e-03
9.333431e-02 9.916764e-02 1.050010e-01 5.324321e-03
1.050010e-01 1.108343e-01 1.166676e-01 6.276687e-03
1.166676e-01 1.225010e-01 1.283343e-01 7.244630e-03
1.283343e-01 1.341676e-01 1.400010e-01 8.219189e-03
1.400010e-01 1.458343e-01 1.516676e-01 9.192739e-03
1.516676e-01 1.575010e-01 1.633343e-01 1.015880e-02
1.633343e-01 1.691676e-01 1.750009e-01 1.111190e-02
1.750009e-01 1.808343e-01 1.866676e-01 1.204739e-02
1.866676e-01 1.925009e-01 1.983343e-01 1.296141e-02
1.983343e-01 2.041676e-01 2.100009e-01 1.385074e-02
2.100009e-01 2.158343e-01 2.216676e-01 1.471271e-02
2.216676e-01 2.275009e-01 2.333343e-01 1.554517e-02
2.333343e-01 2.391676e-01 2.450009e-01 1.634640e-02
2.450009e-01 2.508343e-01 2.566676e-01 1.711505e-02
2.566676e-01 2.625009e-01 2.683343e-01 1.785012e-02
2.683343e-01 2.741676e-01 2.800009e-01 1.855088e-02
2.800009e-01 2.858343e-01 2.916676e-01 1.921688e-02
2.916676e-01 2.975009e-01 3.033342e-01 1.984785e-02
3.033342e-01 3.091676e-01 3.150009e-01 2.044376e-02
3.150009e-01 3.208342e-01 3.266676e-01 2.100472e-02
3.266676e-01 3.325009e-01 3.383342e-01 2.153098e-02
3.383342e-01 3.441676e-01 3.500009e-01 2.202292e-02
3.500009e-01 3.558342e-01 3.616676e-01 2.248104e-02
3.616676e-01 3.675009e-01 3.733342e-01 2.290591e-02
3.733342e-01 3.791676e-01 3.850009e-01 2.329819e-02
3.850009e-01 3.908342e-01 3.966676e-01 2.365860e-02
3.966676e-01 4.025009e-01 4.083342e-01 2.398790e-02
4.083342e-01 4.141675e-01 4.200009e-01 2.428692e-02
4.200009e-01 4.258342e-01 4.316675e-01 2.455651e-02
4.316675e-01 4.375009e-01 4.433342e-01 2.479754e-02
4.433342e-01 4.491675e-01 4.550009e-01 2.501092e-02
4.550009e-01 4.608342e-01 4.666675e-01 2.519756e-02
4.666675e-01 4.725009e-01 4.783342e-01 2.535838e-02
4.783342e-01 4.841675e-01 4.900009e-01 2.549431e-02
4.900009e-01 4.958342e-01 5.016675e-01 2.560627e-02
5.016675e-01 5.075009e-01 5.133342e-01 2.569520e-02
5.133342e-01 5.191675e-01 5.250008e-01 2.576201e-02
5.250008e-01 5.308342e-01 5.366675e-01 2.580760e-02
5.366675e-01 5.425008e-01 5.483342e-01 2.583289e-02
5.483342e-01 5.541675e-01 5.600008e-01 2.583876e-02
5.600008e-01 5.658342e-01 5.716675e-01 2.582607e-02
5.716675e-01 5.775008e-01 5.833342e-01 2.579568e-02
5.833342e-01 5.891675e-01 5.950008e-01 2.574843e-02
5.950008e-01 6.008342e-01 6.066675e-01 2.568514e-02
6.066675e-01 6.125008e-01 6.183342e-01 2.560660e-02
6.183342e-01 6.241675e-01 6.300008e-01 2.551360e-02
6.300008e-01 6.358342e-01 6.416675e-01 2.540689e-02
6.416675e-01 6.475008e-01 6.533341e-01 2.528721e-02
6.533341e-01 6.591675e-01 6.650008e-01 2.515527e-02
6.650008e-01 6.708341e-01 6.766675e-01 2.501177e-02
6.766675e-01 6.825008e-01 6.883341e-01 2.485739e-02
6.883341e-01 6.941675e-01 7.000008e-01 2.469277e-02
7.000008e-01 7.058341e-01 7.116675e-01 2.451855e-02
7.116675e-01 7.175008e-01 7.233341e-01 2.433532e-02
7.233341e-01 7.291675e-01 7.350008e-01 2.414369e-02
7.350008e-01 7.408341e-01 7.466675e-01 2.394421e-02
7.466675e-01 7.525008e-01 7.583341e-01 2.373744e-02
7.583341e-01 7.641674e-01 7.700008e-01 2.352389e-02
7.700008e-01 7.758341e-01 7.816674e-01 2.330407e-02
7.816674e-01 7.875008e-01 7.933341e-01 2.307848e-02
7.933341e-01 7.991674e-01 8.050008e-01 2.284757e-02
8.050008e-01 8.108341e-01 8.166674e-01 2.261179e-02
8.166674e-01 8.225008e-01 8.283341e-01 2.237158e-02
8.283341e-01 8.341674e-01 8.400008e-01 2.212734e-02
8.400008e-01 8.458341e-01 8.516674e-01 2.187948e-02
8.516674e-01 8.575008e-01 8.633341e-01 2.162836e-02
8.633341e-01 8.691674e-01 8.750007e-01 2.137436e-02
8.750007e-01 8.808341e-01 8.866674e-01 2.111780e-02
8.866674e-01 8.925007e-01 8.983341e-01 2.085903e-02
8.983341e-01 9.041674e-01 9.100007e-01 2.059836e-02
9.100007e-01 9.158341e-01 9.216674e-01 2.033609e-02
9.216674e-01 9.275007e-01 9.333341e-01 2.007250e-02
9.333341e-01 9.391674e-01 9.450007e-01 1.980787e-02
9.450007e-01 9.508341e-01 9.566674e-01 1.954245e-02
9.566674e-01 9.625007e-01 9.683341e-01 1.927649e-02
9.683341e-01 9.741674e-01 9.800007e-01 1.901023e-02
9.800007e-01 9.858341e-01 9.916674e-01 1.874387e-02
9.916674e-01 9.975007e-01 1.003334e+00 1.847765e-02
1.003334e+00 1.009167e+00 1.015001e+00 1.821174e-02
1.015001e+00 1.020834e+00 1.026667e+00 1.794635e-02
1.026667e+00 1.032501e+00 1.038334e+00 1.768164e-02
1.038334e+00 1.044167e+00 1.050001e+00 1.741779e-02
1.050001e+00 1.055834e+00 1.061667e+00 1.715495e-02
1.061667e+00 1.067501e+00 1.073334e+00 1.689328e-02
1.073334e+00 1.079167e+00 1.085001e+00 1.663290e-02
1.085001e+00 1.090834e+00 1.096667e+00 1.637397e-02
1.096667e+00 1.102501e+00 1.108334e+00 1.611658e-02
1.108334e+00 1.114167e+00 1.120001e+00 1.586087e-02
1.120001e+00 1.125834e+00 1.131667e+00 1.560694e-02
1.131667e+00 1.137501e+00 1.143334e+00 1.535489e-02
1.143334e+00 1.149167e+00 1.155001e+00 1.510481e-02
1.155001e+00 1.160834e+00 1.166667e+00 1.485680e-02
1.166667e+00 1.172501e+00 1.178334e+00 1.461092e-02
1.178334e+00 1.184167e+00 1.190001e+00 1.436727e-02
1.190001e+00 1.195834e+00 1.201667e+00 1.412589e-02
1.201667e+00 1.207501e+00 1.213334e+00 1.388687e-02
1.213334e+00 1.219167e+00 1.225001e+00 1.365025e-02
1.225001e+00 1.230834e+00 1.236667e+00 1.341609e-02
1.236667e+00 1.242501e+00 1.248334e+00 1.318444e-02
1.248334e+00 1.254167e+00 1.260001e+00 1.295534e-02
1.260001e+00 1.265834e+00 1.271667e+00 1.272883e-02
1.271667e+00 1.277501e+00 1.283334e+00 1.250494e-02
1.283334e+00 1.289167e+00 1.295001e+00 1.228371e-02
1.295001e+00 1.300834e+00 1.306667e+00 1.206516e-02
1.306667e+00 1.312501e+00 1.318334e+00 1.184931e-02
1.318334e+00 1.324167e+00 1.330001e+00 1.163619e-02
1.330001e+00 1.335834e+00 1.341667e+00 1.142581e-02
1.341667e+00 1.347501e+00 1.353334e+00 1.121819e-02
1.353334e+00 1.359167e+00 1.365001e+00 1.101333e-02
1.365001e+00 1.370834e+00 1.376667e+00 1.081125e-02
1.376667e+00 1.382501e+00 1.388334e+00 1.061195e-02
1.388334e+00 1.394167e+00 1.400001e+00 1.041543e-02
1.400001e+00 1.405834e+00 1.411667e+00 1.022169e-02
1.411667e+00 1.417501e+00 1.423334e+00 1.003073e-02
1.423334e+00 1.429167e+00 1.435001e+00 9.842547e-03
1.435001e+00 1.440834e+00 1.446667e+00 9.657135e-03
1.446667e+00 1.452501e+00 1.458334e+00 9.474486e-03
1.458334e+00 1.464167e+00 1.470001e+00 9.294589e-03
1.470001e+00 1.475834e+00 1.481667e+00 9.117434e-03
1.481667e+00 1.487501e+00 1.493334e+00 8.943008e-03
1.493334e+00 1.499167e+00 1.505001e+00 8.771295e-03
1.505001e+00 1.510834e+00 1.516667e+00 8.602282e-03
1.516667e+00 1.522501e+00 1.528334e+00 8.435950e-03
1.528334e+00 1.534167e+00 1.540001e+00 8.272281e-03
1.540001e+00 1.545834e+00 1.551667e+00 8.111257e-03
1.551667e+00 1.557501e+00 1.563334e+00 7.952856e-03
1.563334e+00 1.569167e+00 1.575001e+00 7.797058e-03
1.575001e+00 1.580834e+00 1.586667e+00 7.643840e-03
1.586667e+00 1.592501e+00 1.598334e+00 7.493179e-03
1.598334e+00 1.604167e+00 1.610001e+00 7.345052e-03
1.610001e+00 1.615834e+00 1.621667e+00 7.199435e-03
1.621667e+00 1.627501e+00 1.633334e+00 7.056301e-03
1.633334e+00 1.639167e+00 1.645001e+00 6.915625e-03
1.645001e+00 1.650834e+00 1.656667e+00 6.777381e-03
1.656667e+00 1.662501e+00 1.668334e+00 6.641543e-03
1.668334e+00 1.674167e+00 1.680001e+00 6.508084e-03
1.680001e+00 1.685834e+00 1.691667e+00 6.376975e-03
1.691667e+00 1.697501e+00 1.703334e+00 6.248189e-03
1.703334e+00 1.709167e+00 1.715001e+00 6.121697e-03
1.715001e+00 1.720834e+00 1.726667e+00 5.997473e-03
1.726667e+00 1.732501e+00 1.738334e+00 5.875486e-03
1.738334e+00 1.744167e+00 1.750000e+00 5.755708e-03
1.750000e+00 1.755834e+00 1.761667e+00 5.638110e-03
1.761667e+00 1.767500e+00 1.773334e+00 5.522663e-03
1.773334e+00 1.779167e+00 1.785000e+00 5.409338e-03
1.785000e+00 1.790834e+00 1.796667e+00 5.298106e-03
1.796667e+00 1.802500e+00 1.808334e+00 5.188937e-03
1.808334e+00 1.814167e+00 1.820000e+00 5.081802e-03
1.820000e+00 1.825834e+00 1.831667e+00 4.976672e-03
1.831667e+00 1.837500e+00 1.843334e+00 4.873517e-03
1.843334e+00 1.849167e+00 1.855000e+00 4.772310e-03
1.855000e+00 1.860834e+00 1.866667e+00 4.673019e-03
1.866667e+00 1.872500e+00 1.878334e+00 4.575618e-03
1.878334e+00 1.884167e+00 1.890000e+00 4.480075e-03
1.890000e+00 1.895834e+00 1.901667e+00 4.386364e-03
1.901667e+00 1.907500e+00 1.913334e+00 4.294456e-03
1.913334e+00 1.919167e+00 1.925000e+00 4.204321e-03
1.925000e+00 1.930834e+00 1.936667e+00 4.115932e-03
1.936667e+00 1.942500e+00 1.948334e+00 4.029261e-03
1.948334e+00 1.954167e+00 1.960000e+00 3.944279e-03
1.960000e+00 1.965834e+00 1.971667e+00 3.860961e-03
1.971667e+00 1.977500e+00 1.983334e+00 3.779277e-03
1.983334e+00 1.989167e+00 1.995000e+00 3.699201e-03
1.995000e+00 2.000834e+00 2.006667e+00 3.620705e-03
2.006667e+00 2.012500e+00 2.018334e+00 3.543765e-03
2.018334e+00 2.024167e+00 2.030000e+00 3.468352e-03
2.030000e+00 2.035834e+00 2.041667e+00 3.394440e-03
2.041667e+00 2.047500e+00 2.053334e+00 3.322005e-03
2.053334e+00 2.059167e+00 2.065000e+00 3.251020e-03
2.065000e+00 2.070834e+00 2.076667e+00 3.181460e-03
2.076667e+00 2.082500e+00 2.088334e+00 3.113300e-03
2.088334e+00 2.094167e+00 2.100000e+00 3.046515e-03
2.100000e+00 2.105834e+00 2.111667e+00 2.981082e-03
2.111667e+00 2.117500e+00 2.123334e+00 2.916974e-03
2.123334e+00 2.129167e+00 2.135000e+00 2.854170e-03
2.135000e+00 2.140834e+00 2.146667e+00 2.792646e-03
2.146667e+00 2.152500e+00 2.158334e+00 2.732377e-03
2.158334e+00 2.164167e+00 2.170000e+00 2.673342e-03
2.170000e+00 2.175834e+00 2.181667e+00 2.615517e-03
2.181667e+00 2.187500e+00 2.193334e+00 2.558880e-03
2.193334e+00 2.199167e+00 2.205000e+00 2.503410e-03
2.205000e+00 2.210834e+00 2.216667e+00 2.449085e-03
2.216667e+00 2.222500e+00 2.228334e+00 2.395883e-03
2.228334e+00 2.234167e+00 2.240000e+00 2.343783e-03
2.240000e+00 2.245834e+00 2.251667e+00 2.292764e-03
2.251667e+00 2.257500e+00 2.263334e+00 2.242807e-03
2.263334e+00 2.269167e+00 2.275000e+00 2.193890e-03
2.275000e+00 2.280834e+00 2.286667e+00 2.145995e-03
2.286667e+00 2.292500e+00 2.298334e+00 2.099101e-03
2.298334e+00 2.304167e+00 2.310000e+00 2.053189e-03
2.310000e+00 2.315834e+00 2.321667e+00 2.008240e-03
2.321667e+00 2.327500e+00 2.333334e+00 1.964236e-03
2.333334e+00 2.339167e+00 2.345000e+00 1.921159e-03
2.345000e+00 2.350834e+00 2.356667e+00 1.878990e-03
2.356667e+00 2.362500e+00 2.368334e+00 1.837711e-03
2.368334e+00 2.374167e+00 2.380000e+00 1.797306e-03
2.380000e+00 2.385834e+00 2.391667e+00 1.757756e-03
2.391667e+00 2.397500e+00 2.403334e+00 1.719046e-03
2.403334e+00 2.409167e+00 2.415000e+00 1.681158e-03
2.415000e+00 2.420834e+00 2.426667e+00 1.644076e-03
2.426667e+00 2.432500e+00 2.438334e+00 1.607785e-03
2.438334e+00 2.444167e+00 2.450000e+00 1.572267e-03
2.450000e+00 2.455834e+00 2.461667e+00 1.537509e-03
2.461667e+00 2.467500e+00 2.473334e+00 1.503494e-03
2.473334e+00 2.479167e+00 2.485000e+00 1.470208e-03
2.485000e+00 2.490834e+00 2.496667e+00 1.437636e-03
2.496667e+00 2.502500e+00 2.508334e+00 1.405763e-03
2.508334e+00 2.514167e+00 2.520000e+00 1.374576e-03
2.520000e+00 2.525834e+00 2.531667e+00 1.344061e-03
2.531667e+00 2.537500e+00 2.543334e+00 1.314203e-03
2.543334e+00 2.549167e+00 2.555000e+00 1.284989e-03
2.555000e+00 2.560834e+00 2.566667e+00 1.256407e-03
2.566667e+00 2.572500e+00 2.578334e+00 1.228443e-03
2.578334e+00 2.584167e+00 2.590000e+00 1.201085e-03
2.590000e+00 2.595834e+00 2.601667e+00 1.174320e-03
2.601667e+00 2.607500e+00 2.613334e+00 1.148135e-03
2.613334e+00 2.619167e+00 2.625000e+00 1.122520e-03
2.625000e+00 2.630834e+00 2.636667e+00 1.097461e-03
2.636667e+00 2.642500e+00 2.648334e+00 1.072948e-03
2.648334e+00 2.654167e+00 2.660000e+00 1.048970e-03
2.660000e+00 2.665834e+00 2.671667e+00 1.025514e-03
2.671667e+00 2.677500e+00 2.683334e+00 1.002570e-03
2.683334e+00 2.689167e+00 2.695000e+00 9.801283e-04
2.695000e+00 2.700834e+00 2.706667e+00 9.581772e-04
2.706667e+00 2.712500e+00 2.718334e+00 9.367067e-04
2.718334e+00 2.724167e+00 2.730000e+00 9.157067e-04
2.730000e+00 2.735834e+00 2.741667e+00 8.951674e-04
2.741667e+00 2.747500e+00 2.753334e+00 8.750791e-04
2.753334e+00 2.759167e+00 2.765000e+00 8.554321e-04
2.765000e+00 2.770834e+00 2.776667e+00 8.362173e-04
2.776667e+00 2.782500e+00 2.788334e+00 8.174253e-04
2.788334e+00 2.794167e+00 2.800000e+00 7.990473e-04
2.800000e+00 2.805834e+00 2.811667e+00 7.810745e-04
2.811667e+00 2.817500e+00 2.823334e+00 7.634982e-04
2.823334e+00 2.829167e+00 2.835000e+00 7.463099e-04
2.835000e+00 2.840834e+00 2.846667e+00 7.295015e-04
2.846667e+00 2.852500e+00 2.858334e+00 7.130648e-04
2.858334e+00 2.864167e+00 2.870000e+00 6.969919e-04
2.870000e+00 2.875834e+00 2.881667e+00 6.812749e-04
2.881667e+00 2.887500e+00 2.893334e+00 6.659062e-04
2.893334e+00 2.899167e+00 2.905000e+00 6.508783e-04
2.905000e+00 2.910834e+00 2.916667e+00 6.361840e-04
2.916667e+00 2.922500e+00 2.928333e+00 6.218160e-04
2.928333e+00 2.934167e+00 2.940000e+00 6.077673e-04
2.940000e+00 2.945833e+00 2.951667e+00 5.940309e-04
2.951667e+00 2.957500e+00 2.963333e+00 5.806003e-04
2.963333e+00 2.969167e+00 2.975000e+00 5.674686e-04
2.975000e+00 2.980833e+00 2.986667e+00 5.546296e-04
2.986667e+00 2.992500e+00 2.998333e+00 5.420767e-04
2.998333e+00 3.004167e+00 3.010000e+00 5.298039e-04
3.010000e+00 3.015833e+00 3.021667e+00 5.178050e-04
3.021667e+00 3.027500e+00 3.033333e+00 5.060740e-04
3.033333e+00 3.039167e+00 3.045000e+00 4.946052e-04
3.045000e+00 3.050833e+00 3.056667e+00 4.833928e-04
3.056667e+00 3.062500e+00 3.068333e+00 4.724312e-04
3.068333e+00 3.074167e+00 3.080000e+00 4.617150e-04
3.080000e+00 3.085833e+00 3.091667e+00 4.512387e-04
3.091667e+00 3.097500e+00 3.103333e+00 4.409972e-04
3.103333e+00 3.109167e+00 3.115000e+00 4.309853e-04
3.115000e+00 3.120833e+00 3.126667e+00 4.211979e-04
3.126667e+00 3.132500e+00 3.138333e+00 4.116302e-04
3.138333e+00 3.144167e+00 3.150000e+00 4.022773e-04
3.150000e+00 3.155833e+00 3.161667e+00 3.931344e-04
3.161667e+00 3.167500e+00 3.173333e+00 3.841971e-04
3.173333e+00 3.179167e+00 3.185000e+00 3.754607e-04
3.185000e+00 3.190833e+00 3.196667e+00 3.669208e-04
3.196667e+00 3.202500e+00 3.208333e+00 3.585730e-04
3.208333e+00 3.214167e+00 3.220000e+00 3.504133e-04
3.220000e+00 3.225833e+00 3.231667e+00 3.424373e-04
3.231667e+00 3.237500e+00 3.243333e+00 3.346410e-04
3.243333e+00 3.249167e+00 3.255000e+00 3.270205e-04
3.255000e+00 3.260833e+00 3.266667e+00 3.195718e-04
3.266667e+00 3.272500e+00 3.278333e+00 3.122913e-04
3.278333e+00 3.284167e+00 3.290000e+00 3.051750e-04
3.290000e+00 3.295833e+00 3.301667e+00 2.982194e-04
3.301667e+00 3.307500e+00 3.313333e+00 2.914209e-04
3.313333e+00 3.319167e+00 3.325000e+00 2.847761e-04
3.325000e+00 3.330833e+00 3.336667e+00 2.782815e-04
3.336667e+00 3.342500e+00 3.348333e+00 2.719337e-04
3.348333e+00 3.354167e+00 3.360000e+00 2.657296e-04
3.360000e+00 3.365833e+00 3.371667e+00 2.596658e-04
3.371667e+00 3.377500e+00 3.383333e+00 2.537393e-04
3.383333e+00 3.389167e+00 3.395000e+00 2.479471e-04
3.395000e+00 3.400833e+00 3.406667e+00 2.422860e-04
3.406667e+00 3.412500e+00 3.418333e+00 2.367533e-04
3.418333e+00 3.424167e+00 3.430000e+00 2.313459e-04
3.430000e+00 3.435833e+00 3.441667e+00 2.260612e-04
3.441667e+00 3.447500e+00 3.453333e+00 2.208963e-04
3.453333e+00 3.459167e+00 3.465000e+00 2.158487e-04
3.465000e+00 3.470833e+00 3.476667e+00 2.109156e-04
3.476667e+00 3.482500e+00 3.488333e+00 2.060945e-04
3.488333e+00 3.494167e+00 3.500000e+00 2.013829e-04
