1.000000e-06 5.834332e-03 1.166766e-02 3.213616e-05
1.166766e-02 1.750099e-02 2.333433e-02 2.655413e-04
2.333433e-02 2.916766e-02 3.500099e-02 6.842495e-04
3.500099e-02 4.083432e-02 4.666765e-02 1.250574e-03
4.666765e-02 5.250099e-02 5.833432e-02 1.934308e-03
5.833432e-02 6.416765e-02 7.000098e-02 2.710519e-03
7.000098e-02 7.583431e-02 8.166764e-02 3.558323e-03
8.166764e-02 8.750097e-02 9.333431e-02 4.460078e-03
9.333431e-02 9.916764e-02 1.050010e-01 5.400802e-03
1.050010e-01 1.108343e-01 1.166676e-01 6.367732e-03
1.166676e-01 1.225010e-01 1.283343e-01 7.349989e-03
1.283343e-01 1.341676e-01 1.400010e-01 8.338294e-03
1.400010e-01 1.458343e-01 1.516676e-01 9.324745e-03
1.516676e-01 1.575010e-01 1.633343e-01 1.030263e-02
1.633343e-01 1.691676e-01 1.750009e-01 1.126626e-02
1.750009e-01 1.808343e-01 1.866676e-01 1.221086e-02
1.866676e-01 1.925009e-01 1.983343e-01 1.313242e-02
1.983343e-01 2.041676e-01 2.100009e-01 1.402760e-02
2.100009e-01 2.158343e-01 2.216676e-01 1.489370e-02
2.216676e-01 2.275009e-01 2.333343e-01 1.572849e-02
2.333343e-01 2.391676e-01 2.450009e-01 1.653022e-02
2.450009e-01 2.508343e-01 2.566676e-01 1.729756e-02
2.566676e-01 2.625009e-01 2.683343e-01 1.802948e-02
2.683343e-01 2.741676e-01 2.800009e-01 1.872530e-02
2.800009e-01 2.858343e-01 2.916676e-01 1.938458e-02
2.916676e-01 2.975009e-01 3.033342e-01 2.000713e-02
3.033342e-01 3.091676e-01 3.150009e-01 2.059294e-02
3.150009e-01 3.208342e-01 3.266676e-01 2.114219e-02
3.266676e-01 3.325009e-01 3.383342e-01 2.165520e-02
3.383342e-01 3.441676e-01 3.500009e-01 2.213243e-02
3.500009e-01 3.558342e-01 3.616676e-01 2.257444e-02
3.616676e-01 3.675009e-01 3.733342e-01 2.298190e-02
3.733342e-01 3.791676e-01 3.850009e-01 2.335554e-02
3.850009e-01 3.908342e-01 3.966676e-01 2.369615e-02
3.966676e-01 4.025009e-01 4.083342e-01 2.400461e-02
4.083342e-01 4.141675e-01 4.200009e-01 2.428182e-02
4.200009e-01 4.258342e-01 4.316675e-01 2.452869e-02
4.316675e-01 4.375009e-01 4.433342e-01 2.474621e-02
4.433342e-01 4.491675e-01 4.550009e-01 2.493535e-02
4.550009e-01 4.608342e-01 4.666675e-01 2.509711e-02
4.666675e-01 4.725009e-01 4.783342e-01 2.523248e-02
4.783342e-01 4.841675e-01 4.900009e-01 2.534248e-02
4.900009e-01 4.958342e-01 5.016675e-01 2.542811e-02
5.016675e-01 5.075009e-01 5.133342e-01 2.549036e-02
5.133342e-01 5.191675e-01 5.250008e-01 2.553022e-02
5.250008e-01 5.308342e-01 5.366675e-01 2.554867e-02
5.366675e-01 5.425008e-01 5.483342e-01 2.554668e-02
5.483342e-01 5.541675e-01 5.600008e-01 2.552519e-02
5.600008e-01 5.658342e-01 5.716675e-01 2.548514e-02
5.716675e-01 5.775008e-01 5.833342e-01 2.542743e-02
5.833342e-01 5.891675e-01 5.950008e-01 2.535295e-02
5.950008e-01 6.008342e-01 6.066675e-01 2.526258e-02
6.066675e-01 6.125008e-01 6.183342e-01 2.515716e-02
6.183342e-01 6.241675e-01 6.300008e-01 2.503751e-02
6.300008e-01 6.358342e-01 6.416675e-01 2.490444e-02
6.416675e-01 6.475008e-01 6.533341e-01 2.475872e-02
6.533341e-01 6.591675e-01 6.650008e-01 2.460110e-02
6.650008e-01 6.708341e-01 6.766675e-01 2.443232e-02
6.766675e-01 6.825008e-01 6.883341e-01 2.425307e-02
6.883341e-01 6.941675e-01 7.000008e-01 2.406404e-02
7.000008e-01 7.058341e-01 7.116675e-01 2.386589e-02
7.116675e-01 7.175008e-01 7.233341e-01 2.365924e-02
7.233341e-01 7.291675e-01 7.350008e-01 2.344472e-02
7.350008e-01 7.408341e-01 7.466675e-01 2.322290e-02
7.466675e-01 7.525008e-01 7.583341e-01 2.299434e-02
7.583341e-01 7.641674e-01 7.700008e-01 2.275960e-02
7.700008e-01 7.758341e-01 7.816674e-01 2.251919e-02
7.816674e-01 7.875008e-01 7.933341e-01 2.227361e-02
7.933341e-01 7.991674e-01 8.050008e-01 2.202334e-02
8.050008e-01 8.108341e-01 8.166674e-01 2.176883e-02
8.166674e-01 8.225008e-01 8.283341e-01 2.151053e-02
8.283341e-01 8.341674e-01 8.400008e-01 2.124884e-02
8.400008e-01 8.458341e-01 8.516674e-01 2.098418e-02
8.516674e-01 8.575008e-01 8.633341e-01 2.071692e-02
8.633341e-01 8.691674e-01 8.750007e-01 2.044742e-02
8.750007e-01 8.808341e-01 8.866674e-01 2.017603e-02
8.866674e-01 8.925007e-01 8.983341e-01 1.990308e-02
8.983341e-01 9.041674e-01 9.100007e-01 1.962888e-02
9.100007e-01 9.158341e-01 9.216674e-01 1.935373e-02
9.216674e-01 9.275007e-01 9.333341e-01 1.907792e-02
9.333341e-01 9.391674e-01 9.450007e-01 1.880170e-02
9.450007e-01 9.508341e-01 9.566674e-01 1.852534e-02
9.566674e-01 9.625007e-01 9.683341e-01 1.824907e-02
9.683341e-01 9.741674e-01 9.800007e-01 1.797313e-02
9.800007e-01 9.858341e-01 9.916674e-01 1.769771e-02
9.916674e-01 9.975007e-01 1.003334e+00 1.742304e-02
1.003334e+00 1.009167e+00 1.015001e+00 1.714929e-02
1.015001e+00 1.020834e+00 1.026667e+00 1.687665e-02
1.026667e+00 1.032501e+00 1.038334e+00 1.660528e-02
1.038334e+00 1.044167e+00 1.050001e+00 1.633535e-02
1.050001e+00 1.055834e+00 1.061667e+00 1.606700e-02
1.061667e+00 1.067501e+00 1.073334e+00 1.580036e-02
1.073334e+00 1.079167e+00 1.085001e+00 1.553558e-02
1.085001e+00 1.090834e+00 1.096667e+00 1.527276e-02
1.096667e+00 1.102501e+00 1.108334e+00 1.501202e-02
1.108334e+00 1.114167e+00 1.120001e+00 1.475347e-02
1.120001e+00 1.125834e+00 1.131667e+00 1.449720e-02
1.131667e+00 1.137501e+00 1.143334e+00 1.424330e-02
1.143334e+00 1.149167e+00 1.155001e+00 1.399185e-02
1.155001e+00 1.160834e+00 1.166667e+00 1.374292e-02
1.166667e+00 1.172501e+00 1.178334e+00 1.349660e-02
1.178334e+00 1.184167e+00 1.190001e+00 1.325293e-02
1.190001e+00 1.195834e+00 1.201667e+00 1.301197e-02
1.201667e+00 1.207501e+00 1.213334e+00 1.277379e-02
1.213334e+00 1.219167e+00 1.225001e+00 1.253841e-02
1.225001e+00 1.230834e+00 1.236667e+00 1.230588e-02
1.236667e+00 1.242501e+00 1.248334e+00 1.207625e-02
1.248334e+00 1.254167e+00 1.260001e+00 1.184953e-02
1.260001e+00 1.265834e+00 1.271667e+00 1.162577e-02
1.271667e+00 1.277501e+00 1.283334e+00 1.140497e-02
1.283334e+00 1.289167e+00 1.295001e+00 1.118716e-02
1.295001e+00 1.300834e+00 1.306667e+00 1.097235e-02
1.306667e+00 1.312501e+00 1.318334e+00 1.076057e-02
1.318334e+00 1.324167e+00 1.330001e+00 1.055181e-02
1.330001e+00 1.335834e+00 1.341667e+00 1.034608e-02
1.341667e+00 1.347501e+00 1.353334e+00 1.014338e-02
1.353334e+00 1.359167e+00 1.365001e+00 9.943713e-03
1.365001e+00 1.370834e+00 1.376667e+00 9.747079e-03
1.376667e+00 1.382501e+00 1.388334e+00 9.553470e-03
1.388334e+00 1.394167e+00 1.400001e+00 9.362878e-03
1.400001e+00 1.405834e+00 1.411667e+00 9.175294e-03
1.411667e+00 1.417501e+00 1.423334e+00 8.990704e-03
1.423334e+00 1.429167e+00 1.435001e+00 8.809097e-03
1.435001e+00 1.440834e+00 1.446667e+00 8.630455e-03
1.446667e+00 1.452501e+00 1.458334e+00 8.454762e-03
1.458334e+00 1.464167e+00 1.470001e+00 8.281998e-03
1.470001e+00 1.475834e+00 1.481667e+00 8.112144e-03
1.481667e+00 1.487501e+00 1.493334e+00 7.945177e-03
1.493334e+00 1.499167e+00 1.505001e+00 7.781075e-03
1.505001e+00 1.510834e+00 1.516667e+00 7.619813e-03
1.516667e+00 1.522501e+00 1.528334e+00 7.461365e-03
1.528334e+00 1.534167e+00 1.540001e+00 7.305707e-03
1.540001e+00 1.545834e+00 1.551667e+00 7.152810e-03
1.551667e+00 1.557501e+00 1.563334e+00 7.002647e-03
1.563334e+00 1.569167e+00 1.575001e+00 6.855188e-03
1.575001e+00 1.580834e+00 1.586667e+00 6.710405e-03
1.586667e+00 1.592501e+00 1.598334e+00 6.568267e-03
1.598334e+00 1.604167e+00 1.610001e+00 6.428743e-03
1.610001e+00 1.615834e+00 1.621667e+00 6.291803e-03
1.621667e+00 1.627501e+00 1.633334e+00 6.157414e-03
1.633334e+00 1.639167e+00 1.645001e+00 6.025545e-03
1.645001e+00 1.650834e+00 1.656667e+00 5.896163e-03
1.656667e+00 1.662501e+00 1.668334e+00 5.769235e-03
1.668334e+00 1.674167e+00 1.680001e+00 5.644730e-03
1.680001e+00 1.685834e+00 1.691667e+00 5.522613e-03
1.691667e+00 1.697501e+00 1.703334e+00 5.402851e-03
1.703334e+00 1.709167e+00 1.715001e+00 5.285411e-03
1.715001e+00 1.720834e+00 1.726667e+00 5.170260e-03
1.726667e+00 1.732501e+00 1.738334e+00 5.057363e-03
1.738334e+00 1.744167e+00 1.750000e+00 4.946688e-03
1.750000e+00 1.755834e+00 1.761667e+00 4.838201e-03
1.761667e+00 1.767500e+00 1.773334e+00 4.731867e-03
1.773334e+00 1.779167e+00 1.785000e+00 4.627655e-03
1.785000e+00 1.790834e+00 1.796667e+00 4.525531e-03
1.796667e+00 1.802500e+00 1.808334e+00 4.425460e-03
1.808334e+00 1.814167e+00 1.820000e+00 4.327411e-03
1.820000e+00 1.825834e+00 1.831667e+00 4.231350e-03
1.831667e+00 1.837500e+00 1.843334e+00 4.137245e-03
1.843334e+00 1.849167e+00 1.855000e+00 4.045063e-03
1.855000e+00 1.860834e+00 1.866667e+00 3.954772e-03
1.866667e+00 1.872500e+00 1.878334e+00 3.866339e-03
1.878334e+00 1.884167e+00 1.890000e+00 3.779733e-03
1.890000e+00 1.895834e+00 1.901667e+00 3.694923e-03
1.901667e+00 1.907500e+00 1.913334e+00 3.611876e-03
1.913334e+00 1.919167e+00 1.925000e+00 3.530562e-03
1.925000e+00 1.930834e+00 1.936667e+00 3.450951e-03
1.936667e+00 1.942500e+00 1.948334e+00 3.373011e-03
1.948334e+00 1.954167e+00 1.960000e+00 3.296714e-03
1.960000e+00 1.965834e+00 1.971667e+00 3.222028e-03
1.971667e+00 1.977500e+00 1.983334e+00 3.148925e-03
1.983334e+00 1.989167e+00 1.995000e+00 3.077375e-03
1.995000e+00 2.000834e+00 2.006667e+00 3.007350e-03
2.006667e+00 2.012500e+00 2.018334e+00 2.938821e-03
2.018334e+00 2.024167e+00 2.030000e+00 2.871761e-03
2.030000e+00 2.035834e+00 2.041667e+00 2.806141e-03
2.041667e+00 2.047500e+00 2.053334e+00 2.741935e-03
2.053334e+00 2.059167e+00 2.065000e+00 2.679115e-03
2.065000e+00 2.070834e+00 2.076667e+00 2.617654e-03
2.076667e+00 2.082500e+00 2.088334e+00 2.557527e-03
2.088334e+00 2.094167e+00 2.100000e+00 2.498708e-03
2.100000e+00 2.105834e+00 2.111667e+00 2.441171e-03
2.111667e+00 2.117500e+00 2.123334e+00 2.384891e-03
2.123334e+00 2.129167e+00 2.135000e+00 2.329843e-03
2.135000e+00 2.140834e+00 2.146667e+00 2.276003e-03
2.146667e+00 2.152500e+00 2.158334e+00 2.223347e-03
2.158334e+00 2.164167e+00 2.170000e+00 2.171851e-03
2.170000e+00 2.175834e+00 2.181667e+00 2.121492e-03
2.181667e+00 2.187500e+00 2.193334e+00 2.072248e-03
2.193334e+00 2.199167e+00 2.205000e+00 2.024095e-03
2.205000e+00 2.210834e+00 2.216667e+00 1.977012e-03
2.216667e+00 2.222500e+00 2.228334e+00 1.930976e-03
2.228334e+00 2.234167e+00 2.240000e+00 1.885967e-03
2.240000e+00 2.245834e+00 2.251667e+00 1.841963e-03
2.251667e+00 2.257500e+00 2.263334e+00 1.798944e-03
2.263334e+00 2.269167e+00 2.275000e+00 1.756889e-03
2.275000e+00 2.280834e+00 2.286667e+00 1.715778e-03
2.286667e+00 2.292500e+00 2.298334e+00 1.675591e-03
2.298334e+00 2.304167e+00 2.310000e+00 1.636310e-03
2.310000e+00 2.315834e+00 2.321667e+00 1.597915e-03
2.321667e+00 2.327500e+00 2.333334e+00 1.560388e-03
2.333334e+00 2.339167e+00 2.345000e+00 1.523710e-03
2.345000e+00 2.350834e+00 2.356667e+00 1.487864e-03
2.356667e+00 2.362500e+00 2.368334e+00 1.452831e-03
2.368334e+00 2.374167e+00 2.380000e+00 1.418595e-03
2.380000e+00 2.385834e+00 2.391667e+00 1.385139e-03
2.391667e+00 2.397500e+00 2.403334e+00 1.352445e-03
2.403334e+00 2.409167e+00 2.415000e+00 1.320498e-03
2.415000e+00 2.420834e+00 2.426667e+00 1.289281e-03
2.426667e+00 2.432500e+00 2.438334e+00 1.258779e-03
2.438334e+00 2.444167e+00 2.450000e+00 1.228976e-03
2.450000e+00 2.455834e+00 2.461667e+00 1.199857e-03
2.461667e+00 2.467500e+00 2.473334e+00 1.171408e-03
2.473334e+00 2.479167e+00 2.485000e+00 1.143613e-03
2.485000e+00 2.490834e+00 2.496667e+00 1.116459e-03
2.496667e+00 2.502500e+00 2.508334e+00 1.089931e-03
2.508334e+00 2.514167e+00 2.520000e+00 1.064016e-03
2.520000e+00 2.525834e+00 2.531667e+00 1.038700e-03
2.531667e+00 2.537500e+00 2.543334e+00 1.013970e-03
2.543334e+00 2.549167e+00 2.555000e+00 9.898129e-04
2.555000e+00 2.560834e+00 2.566667e+00 9.662165e-04
2.566667e+00 2.572500e+00 2.578334e+00 9.431683e-04
2.578334e+00 2.584167e+00 2.590000e+00 9.206559e-04
2.590000e+00 2.595834e+00 2.601667e+00 8.986675e-04
2.601667e+00 2.607500e+00 2.613334e+00 8.771914e-04
2.613334e+00 2.619167e+00 2.625000e+00 8.562163e-04
2.625000e+00 2.630834e+00 2.636667e+00 8.357308e-04
2.636667e+00 2.642500e+00 2.648334e+00 8.157240e-04
2.648334e+00 2.654167e+00 2.660000e+00 7.961853e-04
2.660000e+00 2.665834e+00 2.671667e+00 7.771040e-04
2.671667e+00 2.677500e+00 2.683334e+00 7.584700e-04
2.683334e+00 2.689167e+00 2.695000e+00 7.402730e-04
2.695000e+00 2.700834e+00 2.706667e+00 7.225033e-04
2.706667e+00 2.712500e+00 2.718334e+00 7.051511e-04
2.718334e+00 2.724167e+00 2.730000e+00 6.882071e-04
2.730000e+00 2.735834e+00 2.741667e+00 6.716620e-04
2.741667e+00 2.747500e+00 2.753334e+00 6.555066e-04
2.753334e+00 2.759167e+00 2.765000e+00 6.397322e-04
2.765000e+00 2.770834e+00 2.776667e+00 6.243300e-04
2.776667e+00 2.782500e+00 2.788334e+00 6.092916e-04
2.788334e+00 2.794167e+00 2.800000e+00 5.946086e-04
2.800000e+00 2.805834e+00 2.811667e+00 5.802730e-04
2.811667e+00 2.817500e+00 2.823334e+00 5.662767e-04
2.823334e+00 2.829167e+00 2.835000e+00 5.526120e-04
2.835000e+00 2.840834e+00 2.846667e+00 5.392713e-04
2.846667e+00 2.852500e+00 2.858334e+00 5.262471e-04
2.858334e+00 2.864167e+00 2.870000e+00 5.135320e-04
2.870000e+00 2.875834e+00 2.881667e+00 5.011191e-04
2.881667e+00 2.887500e+00 2.893334e+00 4.890013e-04
2.893334e+00 2.899167e+00 2.905000e+00 4.771718e-04
2.905000e+00 2.910834e+00 2.916667e+00 4.656240e-04
2.916667e+00 2.922500e+00 2.928333e+00 4.543512e-04
2.928333e+00 2.934167e+00 2.940000e+00 4.433472e-04
2.940000e+00 2.945833e+00 2.951667e+00 4.326056e-04
2.951667e+00 2.957500e+00 2.963333e+00 4.221204e-04
2.963333e+00 2.969167e+00 2.975000e+00 4.118857e-04
2.975000e+00 2.980833e+00 2.986667e+00 4.018955e-04
2.986667e+00 2.992500e+00 2.998333e+00 3.921442e-04
2.998333e+00 3.004167e+00 3.010000e+00 3.826263e-04
3.010000e+00 3.015833e+00 3.021667e+00 3.733362e-04
3.021667e+00 3.027500e+00 3.033333e+00 3.642686e-04
3.033333e+00 3.039167e+00 3.045000e+00 3.554183e-04
3.045000e+00 3.050833e+00 3.056667e+00 3.467803e-04
3.056667e+00 3.062500e+00 3.068333e+00 3.383496e-04
3.068333e+00 3.074167e+00 3.080000e+00 3.301212e-04
3.080000e+00 3.085833e+00 3.091667e+00 3.220905e-04
3.091667e+00 3.097500e+00 3.103333e+00 3.142527e-04
3.103333e+00 3.109167e+00 3.115000e+00 3.066034e-04
3.115000e+00 3.120833e+00 3.126667e+00 2.991381e-04
3.126667e+00 3.132500e+00 3.138333e+00 2.918525e-04
3.138333e+00 3.144167e+00 3.150000e+00 2.847423e-04
3.150000e+00 3.155833e+00 3.161667e+00 2.778034e-04
3.161667e+00 3.167500e+00 3.173333e+00 2.710317e-04
3.173333e+00 3.179167e+00 3.185000e+00 2.644233e-04
3.185000e+00 3.190833e+00 3.196667e+00 2.579744e-04
3.196667e+00 3.202500e+00 3.208333e+00 2.516810e-04
3.208333e+00 3.214167e+00 3.220000e+00 2.455397e-04
3.220000e+00 3.225833e+00 3.231667e+00 2.395467e-04
3.231667e+00 3.237500e+00 3.243333e+00 2.336985e-04
3.243333e+00 3.249167e+00 3.255000e+00 2.279917e-04
3.255000e+00 3.260833e+00 3.266667e+00 2.224229e-04
3.266667e+00 3.272500e+00 3.278333e+00 2.169889e-04
3.278333e+00 3.284167e+00 3.290000e+00 2.116864e-04
3.290000e+00 3.295833e+00 3.301667e+00 2.065123e-04
3.301667e+00 3.307500e+00 3.313333e+00 2.014636e-04
3.313333e+00 3.319167e+00 3.325000e+00 1.965372e-04
3.325000e+00 3.330833e+00 3.336667e+00 1.917302e-04
3.336667e+00 3.342500e+00 3.348333e+00 1.870398e-04
3.348333e+00 3.354167e+00 3.360000e+00 1.824632e-04
3.360000e+00 3.365833e+00 3.371667e+00 1.779977e-04
3.371667e+00 3.377500e+00 3.383333e+00 1.736406e-04
3.383333e+00 3.389167e+00 3.395000e+00 1.693893e-04
3.395000e+00 3.400833e+00 3.406667e+00 1.652413e-04
3.406667e+00 3.412500e+00 3.418333e+00 1.611941e-04
3.418333e+00 3.424167e+00 3.430000e+00 1.572453e-04
3.430000e+00 3.435833e+00 3.441667e+00 1.533925e-04
3.441667e+00 3.447500e+00 3.453333e+00 1.496334e-04
3.453333e+00 3.459167e+00 3.465000e+00 1.459658e-04
3.465000e+00 3.470833e+00 3.476667e+00 1.423875e-04
3.476667e+00 3.482500e+00 3.488333e+00 1.388963e-04
3.488333e+00 3.494167e+00 3.500000e+00 1.354902e-04
