1.000000e-06 5.834332e-03 1.166766e-02 3.203977e-05
1.166766e-02 1.750099e-02 2.333433e-02 2.640864e-04
2.333433e-02 2.916766e-02 3.500099e-02 6.794720e-04
3.500099e-02 4.083432e-02 4.666765e-02 1.240531e-03
4.666765e-02 5.250099e-02 5.833432e-02 1.917295e-03
5.833432e-02 6.416765e-02 7.000098e-02 2.685151e-03
7.000098e-02 7.583431e-02 8.166764e-02 3.523561e-03
8.166764e-02 8.750097e-02 9.333431e-02 4.415220e-03
9.333431e-02 9.916764e-02 1.050010e-01 5.345466e-03
1.050010e-01 1.108343e-01 1.166676e-01 6.301830e-03
1.166676e-01 1.225010e-01 1.283343e-01 7.273695e-03
1.283343e-01 1.341676e-01 1.400010e-01 8.252013e-03
1.400010e-01 1.458343e-01 1.516676e-01 9.229084e-03
1.516676e-01 1.575010e-01 1.633343e-01 1.019836e-02
1.633343e-01 1.691676e-01 1.750009e-01 1.115432e-02
1.750009e-01 1.808343e-01 1.866676e-01 1.209227e-02
1.866676e-01 1.925009e-01 1.983343e-01 1.300832e-02
1.983343e-01 2.041676e-01 2.100009e-01 1.389920e-02
2.100009e-01 2.158343e-01 2.216676e-01 1.476225e-02
2.216676e-01 2.275009e-01 2.333343e-01 1.559529e-02
2.333343e-01 2.391676e-01 2.450009e-01 1.639660e-02
2.450009e-01 2.508343e-01 2.566676e-01 1.716483e-02
2.566676e-01 2.625009e-01 2.683343e-01 1.789896e-02
2.683343e-01 2.741676e-01 2.800009e-01 1.859830e-02
2.800009e-01 2.858343e-01 2.916676e-01 1.926237e-02
2.916676e-01 2.975009e-01 3.033342e-01 1.989096e-02
3.033342e-01 3.091676e-01 3.150009e-01 2.048402e-02
3.150009e-01 3.208342e-01 3.266676e-01 2.104168e-02
3.266676e-01 3.325009e-01 3.383342e-01 2.156421e-02
3.383342e-01 3.441676e-01 3.500009e-01 2.205203e-02
3.500009e-01 3.558342e-01 3.616676e-01 2.250564e-02
3.616676e-01 3.675009e-01 3.733342e-01 2.292563e-02
3.733342e-01 3.791676e-01 3.850009e-01 2.331270e-02
3.850009e-01 3.908342e-01 3.966676e-01 2.366757e-02
3.966676e-01 4.025009e-01 4.083342e-01 2.399105e-02
4.083342e-01 4.141675e-01 4.200009e-01 2.428398e-02
4.200009e-01 4.258342e-01 4.316675e-01 2.454722e-02
4.316675e-01 4.375009e-01 4.433342e-01 2.478169e-02
4.433342e-01 4.491675e-01 4.550009e-01 2.498830e-02
4.550009e-01 4.608342e-01 4.666675e-01 2.516799e-02
4.666675e-01 4.725009e-01 4.783342e-01 2.532170e-02
4.783342e-01 4.841675e-01 4.900009e-01 2.545039e-02
4.900009e-01 4.958342e-01 5.016675e-01 2.555500e-02
5.016675e-01 5.075009e-01 5.133342e-01 2.563647e-02
5.133342e-01 5.191675e-01 5.250008e-01 2.569575e-02
5.250008e-01 5.308342e-01 5.366675e-01 2.573376e-02
5.366675e-01 5.425008e-01 5.483342e-01 2.575142e-02
5.483342e-01 5.541675e-01 5.600008e-01 2.574964e-02
5.600008e-01 5.658342e-01 5.716675e-01 2.572929e-02
5.716675e-01 5.775008e-01 5.833342e-01 2.569125e-02
5.833342e-01 5.891675e-01 5.950008e-01 2.563638e-02
5.950008e-01 6.008342e-01 6.066675e-01 2.556550e-02
6.066675e-01 6.125008e-01 6.183342e-01 2.547943e-02
6.183342e-01 6.241675e-01 6.300008e-01 2.537895e-02
6.300008e-01 6.358342e-01 6.416675e-01 2.526484e-02
6.416675e-01 6.475008e-01 6.533341e-01 2.513785e-02
6.533341e-01 6.591675e-01 6.650008e-01 2.499870e-02
6.650008e-01 6.708341e-01 6.766675e-01 2.484810e-02
6.766675e-01 6.825008e-01 6.883341e-01 2.468672e-02
6.883341e-01 6.941675e-01 7.000008e-01 2.451523e-02
7.000008e-01 7.058341e-01 7.116675e-01 2.433426e-02
7.116675e-01 7.175008e-01 7.233341e-01 2.414443e-02
7.233341e-01 7.291675e-01 7.350008e-01 2.394634e-02
7.350008e-01 7.408341e-01 7.466675e-01 2.374055e-02
7.466675e-01 7.525008e-01 7.583341e-01 2.352762e-02
7.583341e-01 7.641674e-01 7.700008e-01 2.330808e-02
7.700008e-01 7.758341e-01 7.816674e-01 2.308243e-02
7.816674e-01 7.875008e-01 7.933341e-01 2.285116e-02
7.933341e-01 7.991674e-01 8.050008e-01 2.261476e-02
8.050008e-01 8.108341e-01 8.166674e-01 2.237366e-02
8.166674e-01 8.225008e-01 8.283341e-01 2.212830e-02
8.283341e-01 8.341674e-01 8.400008e-01 2.187909e-02
8.400008e-01 8.458341e-01 8.516674e-01 2.162643e-02
8.516674e-01 8.575008e-01 8.633341e-01 2.137070e-02
8.633341e-01 8.691674e-01 8.750007e-01 2.111226e-02
8.750007e-01 8.808341e-01 8.866674e-01 2.085145e-02
8.866674e-01 8.925007e-01 8.983341e-01 2.058861e-02
8.983341e-01 9.041674e-01 9.100007e-01 2.032405e-02
9.100007e-01 9.158341e-01 9.216674e-01 2.005807e-02
9.216674e-01 9.275007e-01 9.333341e-01 1.979095e-02
9.333341e-01 9.391674e-01 9.450007e-01 1.952296e-02
9.450007e-01 9.508341e-01 9.566674e-01 1.925436e-02
9.566674e-01 9.625007e-01 9.683341e-01 1.898540e-02
9.683341e-01 9.741674e-01 9.800007e-01 1.871631e-02
9.800007e-01 9.858341e-01 9.916674e-01 1.844730e-02
9.916674e-01 9.975007e-01 1.003334e+00 1.817859e-02
1.003334e+00 1.009167e+00 1.015001e+00 1.791037e-02
1.015001e+00 1.020834e+00 1.026667e+00 1.764282e-02
1.026667e+00 1.032501e+00 1.038334e+00 1.737613e-02
1.038334e+00 1.044167e+00 1.050001e+00 1.711045e-02
1.050001e+00 1.055834e+00 1.061667e+00 1.684594e-02
1.061667e+00 1.067501e+00 1.073334e+00 1.658276e-02
1.073334e+00 1.079167e+00 1.085001e+00 1.632102e-02
1.085001e+00 1.090834e+00 1.096667e+00 1.606087e-02
1.096667e+00 1.102501e+00 1.108334e+00 1.580243e-02
1.108334e+00 1.114167e+00 1.120001e+00 1.554580e-02
1.120001e+00 1.125834e+00 1.131667e+00 1.529109e-02
1.131667e+00 1.137501e+00 1.143334e+00 1.503840e-02
1.143334e+00 1.149167e+00 1.155001e+00 1.478781e-02
1.155001e+00 1.160834e+00 1.166667e+00 1.453942e-02
1.166667e+00 1.172501e+00 1.178334e+00 1.429330e-02
1.178334e+00 1.184167e+00 1.190001e+00 1.404952e-02
1.190001e+00 1.195834e+00 1.201667e+00 1.380814e-02
1.201667e+00 1.207501e+00 1.213334e+00 1.356924e-02
1.213334e+00 1.219167e+00 1.225001e+00 1.333285e-02
1.225001e+00 1.230834e+00 1.236667e+00 1.309903e-02
1.236667e+00 1.242501e+00 1.248334e+00 1.286783e-02
1.248334e+00 1.254167e+00 1.260001e+00 1.263929e-02
1.260001e+00 1.265834e+00 1.271667e+00 1.241343e-02
1.271667e+00 1.277501e+00 1.283334e+00 1.219030e-02
1.283334e+00 1.289167e+00 1.295001e+00 1.196992e-02
1.295001e+00 1.300834e+00 1.306667e+00 1.175231e-02
1.306667e+00 1.312501e+00 1.318334e+00 1.153750e-02
1.318334e+00 1.324167e+00 1.330001e+00 1.132550e-02
1.330001e+00 1.335834e+00 1.341667e+00 1.111633e-02
1.341667e+00 1.347501e+00 1.353334e+00 1.090999e-02
1.353334e+00 1.359167e+00 1.365001e+00 1.070649e-02
1.365001e+00 1.370834e+00 1.376667e+00 1.050584e-02
1.376667e+00 1.382501e+00 1.388334e+00 1.030805e-02
1.388334e+00 1.394167e+00 1.400001e+00 1.011310e-02
1.400001e+00 1.405834e+00 1.411667e+00 9.920997e-03
1.411667e+00 1.417501e+00 1.423334e+00 9.731740e-03
1.423334e+00 1.429167e+00 1.435001e+00 9.545319e-03
1.435001e+00 1.440834e+00 1.446667e+00 9.361726e-03
1.446667e+00 1.452501e+00 1.458334e+00 9.180950e-03
1.458334e+00 1.464167e+00 1.470001e+00 9.002979e-03
1.470001e+00 1.475834e+00 1.481667e+00 8.827798e-03
1.481667e+00 1.487501e+00 1.493334e+00 8.655394e-03
1.493334e+00 1.499167e+00 1.505001e+00 8.485748e-03
1.505001e+00 1.510834e+00 1.516667e+00 8.318843e-03
1.516667e+00 1.522501e+00 1.528334e+00 8.154660e-03
1.528334e+00 1.534167e+00 1.540001e+00 7.993178e-03
1.540001e+00 1.545834e+00 1.551667e+00 7.834376e-03
1.551667e+00 1.557501e+00 1.563334e+00 7.678230e-03
1.563334e+00 1.569167e+00 1.575001e+00 7.524719e-03
1.575001e+00 1.580834e+00 1.586667e+00 7.373816e-03
1.586667e+00 1.592501e+00 1.598334e+00 7.225499e-03
1.598334e+00 1.604167e+00 1.610001e+00 7.079740e-03
1.610001e+00 1.615834e+00 1.621667e+00 6.936514e-03
1.621667e+00 1.627501e+00 1.633334e+00 6.795793e-03
1.633334e+00 1.639167e+00 1.645001e+00 6.657550e-03
1.645001e+00 1.650834e+00 1.656667e+00 6.521757e-03
1.656667e+00 1.662501e+00 1.668334e+00 6.388386e-03
1.668334e+00 1.674167e+00 1.680001e+00 6.257407e-03
1.680001e+00 1.685834e+00 1.691667e+00 6.128793e-03
1.691667e+00 1.697501e+00 1.703334e+00 6.002513e-03
1.703334e+00 1.709167e+00 1.715001e+00 5.878538e-03
1.715001e+00 1.720834e+00 1.726667e+00 5.756838e-03
1.726667e+00 1.732501e+00 1.738334e+00 5.637382e-03
1.738334e+00 1.744167e+00 1.750000e+00 5.520142e-03
1.750000e+00 1.755834e+00 1.761667e+00 5.405086e-03
1.761667e+00 1.767500e+00 1.773334e+00 5.292184e-03
1.773334e+00 1.779167e+00 1.785000e+00 5.181406e-03
1.785000e+00 1.790834e+00 1.796667e+00 5.072722e-03
1.796667e+00 1.802500e+00 1.808334e+00 4.966100e-03
1.808334e+00 1.814167e+00 1.820000e+00 4.861511e-03
1.820000e+00 1.825834e+00 1.831667e+00 4.758924e-03
1.831667e+00 1.837500e+00 1.843334e+00 4.658310e-03
1.843334e+00 1.849167e+00 1.855000e+00 4.559637e-03
1.855000e+00 1.860834e+00 1.866667e+00 4.462876e-03
1.866667e+00 1.872500e+00 1.878334e+00 4.367998e-03
1.878334e+00 1.884167e+00 1.890000e+00 4.274972e-03
1.890000e+00 1.895834e+00 1.901667e+00 4.183768e-03
1.901667e+00 1.907500e+00 1.913334e+00 4.094358e-03
1.913334e+00 1.919167e+00 1.925000e+00 4.006713e-03
1.925000e+00 1.930834e+00 1.936667e+00 3.920802e-03
1.936667e+00 1.942500e+00 1.948334e+00 3.836599e-03
1.948334e+00 1.954167e+00 1.960000e+00 3.754073e-03
1.960000e+00 1.965834e+00 1.971667e+00 3.673197e-03
1.971667e+00 1.977500e+00 1.983334e+00 3.593943e-03
1.983334e+00 1.989167e+00 1.995000e+00 3.516284e-03
1.995000e+00 2.000834e+00 2.006667e+00 3.440191e-03
2.006667e+00 2.012500e+00 2.018334e+00 3.365637e-03
2.018334e+00 2.024167e+00 2.030000e+00 3.292596e-03
2.030000e+00 2.035834e+00 2.041667e+00 3.221041e-03
2.041667e+00 2.047500e+00 2.053334e+00 3.150946e-03
2.053334e+00 2.059167e+00 2.065000e+00 3.082284e-03
2.065000e+00 2.070834e+00 2.076667e+00 3.015031e-03
2.076667e+00 2.082500e+00 2.088334e+00 2.949160e-03
2.088334e+00 2.094167e+00 2.100000e+00 2.884646e-03
2.100000e+00 2.105834e+00 2.111667e+00 2.821466e-03
2.111667e+00 2.117500e+00 2.123334e+00 2.759593e-03
2.123334e+00 2.129167e+00 2.135000e+00 2.699005e-03
2.135000e+00 2.140834e+00 2.146667e+00 2.639677e-03
2.146667e+00 2.152500e+00 2.158334e+00 2.581586e-03
2.158334e+00 2.164167e+00 2.170000e+00 2.524709e-03
2.170000e+00 2.175834e+00 2.181667e+00 2.469023e-03
2.181667e+00 2.187500e+00 2.193334e+00 2.414505e-03
2.193334e+00 2.199167e+00 2.205000e+00 2.361134e-03
2.205000e+00 2.210834e+00 2.216667e+00 2.308887e-03
2.216667e+00 2.222500e+00 2.228334e+00 2.257743e-03
2.228334e+00 2.234167e+00 2.240000e+00 2.207680e-03
2.240000e+00 2.245834e+00 2.251667e+00 2.158679e-03
2.251667e+00 2.257500e+00 2.263334e+00 2.110718e-03
2.263334e+00 2.269167e+00 2.275000e+00 2.063776e-03
2.275000e+00 2.280834e+00 2.286667e+00 2.017835e-03
2.286667e+00 2.292500e+00 2.298334e+00 1.972875e-03
2.298334e+00 2.304167e+00 2.310000e+00 1.928875e-03
2.310000e+00 2.315834e+00 2.321667e+00 1.885818e-03
2.321667e+00 2.327500e+00 2.333334e+00 1.843685e-03
2.333334e+00 2.339167e+00 2.345000e+00 1.802456e-03
2.345000e+00 2.350834e+00 2.356667e+00 1.762115e-03
2.356667e+00 2.362500e+00 2.368334e+00 1.722644e-03
2.368334e+00 2.374167e+00 2.380000e+00 1.684024e-03
2.380000e+00 2.385834e+00 2.391667e+00 1.646240e-03
2.391667e+00 2.397500e+00 2.403334e+00 1.609273e-03
2.403334e+00 2.409167e+00 2.415000e+00 1.573108e-03
2.415000e+00 2.420834e+00 2.426667e+00 1.537728e-03
2.426667e+00 2.432500e+00 2.438334e+00 1.503118e-03
2.438334e+00 2.444167e+00 2.450000e+00 1.469261e-03
2.450000e+00 2.455834e+00 2.461667e+00 1.436142e-03
2.461667e+00 2.467500e+00 2.473334e+00 1.403746e-03
2.473334e+00 2.479167e+00 2.485000e+00 1.372058e-03
2.485000e+00 2.490834e+00 2.496667e+00 1.341064e-03
2.496667e+00 2.502500e+00 2.508334e+00 1.310749e-03
2.508334e+00 2.514167e+00 2.520000e+00 1.281099e-03
2.520000e+00 2.525834e+00 2.531667e+00 1.252101e-03
2.531667e+00 2.537500e+00 2.543334e+00 1.223740e-03
2.543334e+00 2.549167e+00 2.555000e+00 1.196003e-03
2.555000e+00 2.560834e+00 2.566667e+00 1.168878e-03
2.566667e+00 2.572500e+00 2.578334e+00 1.142352e-03
2.578334e+00 2.584167e+00 2.590000e+00 1.116412e-03
2.590000e+00 2.595834e+00 2.601667e+00 1.091045e-03
2.601667e+00 2.607500e+00 2.613334e+00 1.066240e-03
2.613334e+00 2.619167e+00 2.625000e+00 1.041985e-03
2.625000e+00 2.630834e+00 2.636667e+00 1.018268e-03
2.636667e+00 2.642500e+00 2.648334e+00 9.950773e-04
2.648334e+00 2.654167e+00 2.660000e+00 9.724024e-04
2.660000e+00 2.665834e+00 2.671667e+00 9.502321e-04
2.671667e+00 2.677500e+00 2.683334e+00 9.285555e-04
2.683334e+00 2.689167e+00 2.695000e+00 9.073623e-04
2.695000e+00 2.700834e+00 2.706667e+00 8.866419e-04
2.706667e+00 2.712500e+00 2.718334e+00 8.663843e-04
2.718334e+00 2.724167e+00 2.730000e+00 8.465796e-04
2.730000e+00 2.735834e+00 2.741667e+00 8.272180e-04
2.741667e+00 2.747500e+00 2.753334e+00 8.082900e-04
2.753334e+00 2.759167e+00 2.765000e+00 7.897863e-04
2.765000e+00 2.770834e+00 2.776667e+00 7.716976e-04
2.776667e+00 2.782500e+00 2.788334e+00 7.540150e-04
2.788334e+00 2.794167e+00 2.800000e+00 7.367297e-04
2.800000e+00 2.805834e+00 2.811667e+00 7.198330e-04
2.811667e+00 2.817500e+00 2.823334e+00 7.033166e-04
2.823334e+00 2.829167e+00 2.835000e+00 6.871722e-04
2.835000e+00 2.840834e+00 2.846667e+00 6.713916e-04
2.846667e+00 2.852500e+00 2.858334e+00 6.559670e-04
2.858334e+00 2.864167e+00 2.870000e+00 6.408905e-04
2.870000e+00 2.875834e+00 2.881667e+00 6.261545e-04
2.881667e+00 2.887500e+00 2.893334e+00 6.117516e-04
2.893334e+00 2.899167e+00 2.905000e+00 5.976745e-04
2.905000e+00 2.910834e+00 2.916667e+00 5.839160e-04
2.916667e+00 2.922500e+00 2.928333e+00 5.704692e-04
2.928333e+00 2.934167e+00 2.940000e+00 5.573271e-04
2.940000e+00 2.945833e+00 2.951667e+00 5.444830e-04
2.951667e+00 2.957500e+00 2.963333e+00 5.319305e-04
2.963333e+00 2.969167e+00 2.975000e+00 5.196629e-04
2.975000e+00 2.980833e+00 2.986667e+00 5.076741e-04
2.986667e+00 2.992500e+00 2.998333e+00 4.959579e-04
2.998333e+00 3.004167e+00 3.010000e+00 4.845082e-04
3.010000e+00 3.015833e+00 3.021667e+00 4.733192e-04
3.021667e+00 3.027500e+00 3.033333e+00 4.623850e-04
3.033333e+00 3.039167e+00 3.045000e+00 4.516999e-04
3.045000e+00 3.050833e+00 3.056667e+00 4.412585e-04
3.056667e+00 3.062500e+00 3.068333e+00 4.310553e-04
3.068333e+00 3.074167e+00 3.080000e+00 4.210850e-04
3.080000e+00 3.085833e+00 3.091667e+00 4.113424e-04
3.091667e+00 3.097500e+00 3.103333e+00 4.018225e-04
3.103333e+00 3.109167e+00 3.115000e+00 3.925201e-04
3.115000e+00 3.120833e+00 3.126667e+00 3.834306e-04
3.126667e+00 3.132500e+00 3.138333e+00 3.745491e-04
3.138333e+00 3.144167e+00 3.150000e+00 3.658709e-04
3.150000e+00 3.155833e+00 3.161667e+00 3.573915e-04
3.161667e+00 3.167500e+00 3.173333e+00 3.491064e-04
3.173333e+00 3.179167e+00 3.185000e+00 3.410114e-04
3.185000e+00 3.190833e+00 3.196667e+00 3.331020e-04
3.196667e+00 3.202500e+00 3.208333e+00 3.253741e-04
3.208333e+00 3.214167e+00 3.220000e+00 3.178236e-04
3.220000e+00 3.225833e+00 3.231667e+00 3.104466e-04
3.231667e+00 3.237500e+00 3.243333e+00 3.032392e-04
3.243333e+00 3.249167e+00 3.255000e+00 2.961974e-04
3.255000e+00 3.260833e+00 3.266667e+00 2.893175e-04
3.266667e+00 3.272500e+00 3.278333e+00 2.825960e-04
3.278333e+00 3.284167e+00 3.290000e+00 2.760291e-04
3.290000e+00 3.295833e+00 3.301667e+00 2.696135e-04
3.301667e+00 3.307500e+00 3.313333e+00 2.633457e-04
3.313333e+00 3.319167e+00 3.325000e+00 2.572223e-04
3.325000e+00 3.330833e+00 3.336667e+00 2.512401e-04
3.336667e+00 3.342500e+00 3.348333e+00 2.453958e-04
3.348333e+00 3.354167e+00 3.360000e+00 2.396863e-04
3.360000e+00 3.365833e+00 3.371667e+00 2.341086e-04
3.371667e+00 3.377500e+00 3.383333e+00 2.286597e-04
3.383333e+00 3.389167e+00 3.395000e+00 2.233366e-04
3.395000e+00 3.400833e+00 3.406667e+00 2.181365e-04
3.406667e+00 3.412500e+00 3.418333e+00 2.130566e-04
3.418333e+00 3.424167e+00 3.430000e+00 2.080941e-04
3.430000e+00 3.435833e+00 3.441667e+00 2.032464e-04
3.441667e+00 3.447500e+00 3.453333e+00 1.985107e-04
3.453333e+00 3.459167e+00 3.465000e+00 1.938847e-04
3.465000e+00 3.470833e+00 3.476667e+00 1.893658e-04
3.476667e+00 3.482500e+00 3.488333e+00 1.849514e-04
3.488333e+00 3.494167e+00 3.500000e+00 1.806393e-04
