1.000000e-06 5.834332e-03 1.166766e-02 3.239124e-05
1.166766e-02 1.750099e-02 2.333433e-02 2.695166e-04
2.333433e-02 2.916766e-02 3.500099e-02 6.975168e-04
3.500099e-02 4.083432e-02 4.666765e-02 1.278781e-03
4.666765e-02 5.250099e-02 5.833432e-02 1.982510e-03
5.833432e-02 6.416765e-02 7.000098e-02 2.782907e-03
7.000098e-02 7.583431e-02 8.166764e-02 3.658129e-03
8.166764e-02 8.750097e-02 9.333431e-02 4.589565e-03
9.333431e-02 9.916764e-02 1.050010e-01 5.561303e-03
1.050010e-01 1.108343e-01 1.166676e-01 6.559723e-03
1.166676e-01 1.225010e-01 1.283343e-01 7.573164e-03
1.283343e-01 1.341676e-01 1.400010e-01 8.591655e-03
1.400010e-01 1.458343e-01 1.516676e-01 9.606687e-03
1.516676e-01 1.575010e-01 1.633343e-01 1.061103e-02
1.633343e-01 1.691676e-01 1.750009e-01 1.159855e-02
1.750009e-01 1.808343e-01 1.866676e-01 1.256410e-02
1.866676e-01 1.925009e-01 1.983343e-01 1.350339e-02
1.983343e-01 2.041676e-01 2.100009e-01 1.441285e-02
2.100009e-01 2.158343e-01 2.216676e-01 1.528959e-02
2.216676e-01 2.275009e-01 2.333343e-01 1.613129e-02
2.333343e-01 2.391676e-01 2.450009e-01 1.693611e-02
2.450009e-01 2.508343e-01 2.566676e-01 1.770268e-02
2.566676e-01 2.625009e-01 2.683343e-01 1.843001e-02
2.683343e-01 2.741676e-01 2.800009e-01 1.911743e-02
2.800009e-01 2.858343e-01 2.916676e-01 1.976458e-02
2.916676e-01 2.975009e-01 3.033342e-01 2.037135e-02
3.033342e-01 3.091676e-01 3.150009e-01 2.093787e-02
3.150009e-01 3.208342e-01 3.266676e-01 2.146442e-02
3.266676e-01 3.325009e-01 3.383342e-01 2.195149e-02
3.383342e-01 3.441676e-01 3.500009e-01 2.239968e-02
3.500009e-01 3.558342e-01 3.616676e-01 2.280973e-02
3.616676e-01 3.675009e-01 3.733342e-01 2.318247e-02
3.733342e-01 3.791676e-01 3.850009e-01 2.351881e-02
3.850009e-01 3.908342e-01 3.966676e-01 2.381975e-02
3.966676e-01 4.025009e-01 4.083342e-01 2.408631e-02
4.083342e-01 4.141675e-01 4.200009e-01 2.431960e-02
4.200009e-01 4.258342e-01 4.316675e-01 2.452072e-02
4.316675e-01 4.375009e-01 4.433342e-01 2.469082e-02
4.433342e-01 4.491675e-01 4.550009e-01 2.483107e-02
4.550009e-01 4.608342e-01 4.666675e-01 2.494264e-02
4.666675e-01 4.725009e-01 4.783342e-01 2.502669e-02
4.783342e-01 4.841675e-01 4.900009e-01 2.508441e-02
4.900009e-01 4.958342e-01 5.016675e-01 2.511696e-02
5.016675e-01 5.075009e-01 5.133342e-01 2.512550e-02
5.133342e-01 5.191675e-01 5.250008e-01 2.511116e-02
5.250008e-01 5.308342e-01 5.366675e-01 2.507508e-02
5.366675e-01 5.425008e-01 5.483342e-01 2.501834e-02
5.483342e-01 5.541675e-01 5.600008e-01 2.494205e-02
5.600008e-01 5.658342e-01 5.716675e-01 2.484724e-02
5.716675e-01 5.775008e-01 5.833342e-01 2.473496e-02
5.833342e-01 5.891675e-01 5.950008e-01 2.460621e-02
5.950008e-01 6.008342e-01 6.066675e-01 2.446196e-02
6.066675e-01 6.125008e-01 6.183342e-01 2.430316e-02
6.183342e-01 6.241675e-01 6.300008e-01 2.413073e-02
6.300008e-01 6.358342e-01 6.416675e-01 2.394556e-02
6.416675e-01 6.475008e-01 6.533341e-01 2.374851e-02
6.533341e-01 6.591675e-01 6.650008e-01 2.354040e-02
6.650008e-01 6.708341e-01 6.766675e-01 2.332204e-02
6.766675e-01 6.825008e-01 6.883341e-01 2.309420e-02
6.883341e-01 6.941675e-01 7.000008e-01 2.285761e-02
7.000008e-01 7.058341e-01 7.116675e-01 2.261299e-02
7.116675e-01 7.175008e-01 7.233341e-01 2.236102e-02
7.233341e-01 7.291675e-01 7.350008e-01 2.210234e-02
7.350008e-01 7.408341e-01 7.466675e-01 2.183760e-02
7.466675e-01 7.525008e-01 7.583341e-01 2.156738e-02
7.583341e-01 7.641674e-01 7.700008e-01 2.129226e-02
7.700008e-01 7.758341e-01 7.816674e-01 2.101279e-02
7.816674e-01 7.875008e-01 7.933341e-01 2.072948e-02
7.933341e-01 7.991674e-01 8.050008e-01 2.044284e-02
8.050008e-01 8.108341e-01 8.166674e-01 2.015332e-02
8.166674e-01 8.225008e-01 8.283341e-01 1.986139e-02
8.283341e-01 8.341674e-01 8.400008e-01 1.956747e-02
8.400008e-01 8.458341e-01 8.516674e-01 1.927197e-02
8.516674e-01 8.575008e-01 8.633341e-01 1.897526e-02
8.633341e-01 8.691674e-01 8.750007e-01 1.867771e-02
8.750007e-01 8.808341e-01 8.866674e-01 1.837966e-02
8.866674e-01 8.925007e-01 8.983341e-01 1.808144e-02
8.983341e-01 9.041674e-01 9.100007e-01 1.778335e-02
9.100007e-01 9.158341e-01 9.216674e-01 1.748567e-02
9.216674e-01 9.275007e-01 9.333341e-01 1.718869e-02
9.333341e-01 9.391674e-01 9.450007e-01 1.689266e-02
9.450007e-01 9.508341e-01 9.566674e-01 1.659780e-02
9.566674e-01 9.625007e-01 9.683341e-01 1.630436e-02
9.683341e-01 9.741674e-01 9.800007e-01 1.601252e-02
9.800007e-01 9.858341e-01 9.916674e-01 1.572250e-02
9.916674e-01 9.975007e-01 1.003334e+00 1.543447e-02
1.003334e+00 1.009167e+00 1.015001e+00 1.514860e-02
1.015001e+00 1.020834e+00 1.026667e+00 1.486505e-02
1.026667e+00 1.032501e+00 1.038334e+00 1.458396e-02
1.038334e+00 1.044167e+00 1.050001e+00 1.430547e-02
1.050001e+00 1.055834e+00 1.061667e+00 1.402969e-02
1.061667e+00 1.067501e+00 1.073334e+00 1.375675e-02
1.073334e+00 1.079167e+00 1.085001e+00 1.348675e-02
1.085001e+00 1.090834e+00 1.096667e+00 1.321977e-02
1.096667e+00 1.102501e+00 1.108334e+00 1.295591e-02
1.108334e+00 1.114167e+00 1.120001e+00 1.269525e-02
1.120001e+00 1.125834e+00 1.131667e+00 1.243784e-02
1.131667e+00 1.137501e+00 1.143334e+00 1.218376e-02
1.143334e+00 1.149167e+00 1.155001e+00 1.193306e-02
1.155001e+00 1.160834e+00 1.166667e+00 1.168578e-02
1.166667e+00 1.172501e+00 1.178334e+00 1.144197e-02
1.178334e+00 1.184167e+00 1.190001e+00 1.120166e-02
1.190001e+00 1.195834e+00 1.201667e+00 1.096488e-02
1.201667e+00 1.207501e+00 1.213334e+00 1.073166e-02
1.213334e+00 1.219167e+00 1.225001e+00 1.050201e-02
1.225001e+00 1.230834e+00 1.236667e+00 1.027594e-02
1.236667e+00 1.242501e+00 1.248334e+00 1.005348e-02
1.248334e+00 1.254167e+00 1.260001e+00 9.834615e-03
1.260001e+00 1.265834e+00 1.271667e+00 9.619355e-03
1.271667e+00 1.277501e+00 1.283334e+00 9.407696e-03
1.283334e+00 1.289167e+00 1.295001e+00 9.199632e-03
1.295001e+00 1.300834e+00 1.306667e+00 8.995151e-03
1.306667e+00 1.312501e+00 1.318334e+00 8.794243e-03
1.318334e+00 1.324167e+00 1.330001e+00 8.596890e-03
1.330001e+00 1.335834e+00 1.341667e+00 8.403076e-03
1.341667e+00 1.347501e+00 1.353334e+00 8.212778e-03
1.353334e+00 1.359167e+00 1.365001e+00 8.025973e-03
1.365001e+00 1.370834e+00 1.376667e+00 7.842636e-03
1.376667e+00 1.382501e+00 1.388334e+00 7.662740e-03
1.388334e+00 1.394167e+00 1.400001e+00 7.486255e-03
1.400001e+00 1.405834e+00 1.411667e+00 7.313149e-03
1.411667e+00 1.417501e+00 1.423334e+00 7.143391e-03
1.423334e+00 1.429167e+00 1.435001e+00 6.976945e-03
1.435001e+00 1.440834e+00 1.446667e+00 6.813777e-03
1.446667e+00 1.452501e+00 1.458334e+00 6.653850e-03
1.458334e+00 1.464167e+00 1.470001e+00 6.497127e-03
1.470001e+00 1.475834e+00 1.481667e+00 6.343567e-03
1.481667e+00 1.487501e+00 1.493334e+00 6.193132e-03
1.493334e+00 1.499167e+00 1.505001e+00 6.045781e-03
1.505001e+00 1.510834e+00 1.516667e+00 5.901474e-03
1.516667e+00 1.522501e+00 1.528334e+00 5.760168e-03
1.528334e+00 1.534167e+00 1.540001e+00 5.621821e-03
1.540001e+00 1.545834e+00 1.551667e+00 5.486391e-03
1.551667e+00 1.557501e+00 1.563334e+00 5.353835e-03
1.563334e+00 1.569167e+00 1.575001e+00 5.224108e-03
1.575001e+00 1.580834e+00 1.586667e+00 5.097168e-03
1.586667e+00 1.592501e+00 1.598334e+00 4.972971e-03
1.598334e+00 1.604167e+00 1.610001e+00 4.851473e-03
1.610001e+00 1.615834e+00 1.621667e+00 4.732630e-03
1.621667e+00 1.627501e+00 1.633334e+00 4.616397e-03
1.633334e+00 1.639167e+00 1.645001e+00 4.502732e-03
1.645001e+00 1.650834e+00 1.656667e+00 4.391590e-03
1.656667e+00 1.662501e+00 1.668334e+00 4.282928e-03
1.668334e+00 1.674167e+00 1.680001e+00 4.176701e-03
1.680001e+00 1.685834e+00 1.691667e+00 4.072867e-03
1.691667e+00 1.697501e+00 1.703334e+00 3.971383e-03
1.703334e+00 1.709167e+00 1.715001e+00 3.872205e-03
1.715001e+00 1.720834e+00 1.726667e+00 3.775290e-03
1.726667e+00 1.732501e+00 1.738334e+00 3.680598e-03
1.738334e+00 1.744167e+00 1.750000e+00 3.588085e-03
1.750000e+00 1.755834e+00 1.761667e+00 3.497711e-03
1.761667e+00 1.767500e+00 1.773334e+00 3.409433e-03
1.773334e+00 1.779167e+00 1.785000e+00 3.323211e-03
1.785000e+00 1.790834e+00 1.796667e+00 3.239006e-03
1.796667e+00 1.802500e+00 1.808334e+00 3.156776e-03
1.808334e+00 1.814167e+00 1.820000e+00 3.076482e-03
1.820000e+00 1.825834e+00 1.831667e+00 2.998086e-03
1.831667e+00 1.837500e+00 1.843334e+00 2.921549e-03
1.843334e+00 1.849167e+00 1.855000e+00 2.846833e-03
1.855000e+00 1.860834e+00 1.866667e+00 2.773899e-03
1.866667e+00 1.872500e+00 1.878334e+00 2.702713e-03
1.878334e+00 1.884167e+00 1.890000e+00 2.633236e-03
1.890000e+00 1.895834e+00 1.901667e+00 2.565433e-03
1.901667e+00 1.907500e+00 1.913334e+00 2.499268e-03
1.913334e+00 1.919167e+00 1.925000e+00 2.434706e-03
1.925000e+00 1.930834e+00 1.936667e+00 2.371714e-03
1.936667e+00 1.942500e+00 1.948334e+00 2.310256e-03
1.948334e+00 1.954167e+00 1.960000e+00 2.250301e-03
1.960000e+00 1.965834e+00 1.971667e+00 2.191814e-03
1.971667e+00 1.977500e+00 1.983334e+00 2.134764e-03
1.983334e+00 1.989167e+00 1.995000e+00 2.079119e-03
1.995000e+00 2.000834e+00 2.006667e+00 2.024848e-03
2.006667e+00 2.012500e+00 2.018334e+00 1.971920e-03
2.018334e+00 2.024167e+00 2.030000e+00 1.920305e-03
2.030000e+00 2.035834e+00 2.041667e+00 1.869974e-03
2.041667e+00 2.047500e+00 2.053334e+00 1.820897e-03
2.053334e+00 2.059167e+00 2.065000e+00 1.773046e-03
2.065000e+00 2.070834e+00 2.076667e+00 1.726394e-03
2.076667e+00 2.082500e+00 2.088334e+00 1.680911e-03
2.088334e+00 2.094167e+00 2.100000e+00 1.636573e-03
2.100000e+00 2.105834e+00 2.111667e+00 1.593352e-03
2.111667e+00 2.117500e+00 2.123334e+00 1.551221e-03
2.123334e+00 2.129167e+00 2.135000e+00 1.510157e-03
2.135000e+00 2.140834e+00 2.146667e+00 1.470134e-03
2.146667e+00 2.152500e+00 2.158334e+00 1.431127e-03
2.158334e+00 2.164167e+00 2.170000e+00 1.393112e-03
2.170000e+00 2.175834e+00 2.181667e+00 1.356067e-03
2.181667e+00 2.187500e+00 2.193334e+00 1.319968e-03
2.193334e+00 2.199167e+00 2.205000e+00 1.284792e-03
2.205000e+00 2.210834e+00 2.216667e+00 1.250518e-03
2.216667e+00 2.222500e+00 2.228334e+00 1.217124e-03
2.228334e+00 2.234167e+00 2.240000e+00 1.184589e-03
2.240000e+00 2.245834e+00 2.251667e+00 1.152892e-03
2.251667e+00 2.257500e+00 2.263334e+00 1.122013e-03
2.263334e+00 2.269167e+00 2.275000e+00 1.091931e-03
2.275000e+00 2.280834e+00 2.286667e+00 1.062629e-03
2.286667e+00 2.292500e+00 2.298334e+00 1.034086e-03
2.298334e+00 2.304167e+00 2.310000e+00 1.006284e-03
2.310000e+00 2.315834e+00 2.321667e+00 9.792047e-04
2.321667e+00 2.327500e+00 2.333334e+00 9.528309e-04
2.333334e+00 2.339167e+00 2.345000e+00 9.271448e-04
2.345000e+00 2.350834e+00 2.356667e+00 9.021295e-04
2.356667e+00 2.362500e+00 2.368334e+00 8.777683e-04
2.368334e+00 2.374167e+00 2.380000e+00 8.540451e-04
2.380000e+00 2.385834e+00 2.391667e+00 8.309440e-04
2.391667e+00 2.397500e+00 2.403334e+00 8.084494e-04
2.403334e+00 2.409167e+00 2.415000e+00 7.865462e-04
2.415000e+00 2.420834e+00 2.426667e+00 7.652197e-04
2.426667e+00 2.432500e+00 2.438334e+00 7.444552e-04
2.438334e+00 2.444167e+00 2.450000e+00 7.242386e-04
2.450000e+00 2.455834e+00 2.461667e+00 7.045563e-04
2.461667e+00 2.467500e+00 2.473334e+00 6.853946e-04
2.473334e+00 2.479167e+00 2.485000e+00 6.667404e-04
2.485000e+00 2.490834e+00 2.496667e+00 6.485807e-04
2.496667e+00 2.502500e+00 2.508334e+00 6.309032e-04
2.508334e+00 2.514167e+00 2.520000e+00 6.136954e-04
2.520000e+00 2.525834e+00 2.531667e+00 5.969454e-04
2.531667e+00 2.537500e+00 2.543334e+00 5.806415e-04
2.543334e+00 2.549167e+00 2.555000e+00 5.647722e-04
2.555000e+00 2.560834e+00 2.566667e+00 5.493265e-04
2.566667e+00 2.572500e+00 2.578334e+00 5.342935e-04
2.578334e+00 2.584167e+00 2.590000e+00 5.196625e-04
2.590000e+00 2.595834e+00 2.601667e+00 5.054231e-04
2.601667e+00 2.607500e+00 2.613334e+00 4.915653e-04
2.613334e+00 2.619167e+00 2.625000e+00 4.780792e-04
2.625000e+00 2.630834e+00 2.636667e+00 4.649552e-04
2.636667e+00 2.642500e+00 2.648334e+00 4.521838e-04
2.648334e+00 2.654167e+00 2.660000e+00 4.397560e-04
2.660000e+00 2.665834e+00 2.671667e+00 4.276627e-04
2.671667e+00 2.677500e+00 2.683334e+00 4.158953e-04
2.683334e+00 2.689167e+00 2.695000e+00 4.044453e-04
2.695000e+00 2.700834e+00 2.706667e+00 3.933043e-04
2.706667e+00 2.712500e+00 2.718334e+00 3.824643e-04
2.718334e+00 2.724167e+00 2.730000e+00 3.719174e-04
2.730000e+00 2.735834e+00 2.741667e+00 3.616559e-04
2.741667e+00 2.747500e+00 2.753334e+00 3.516723e-04
2.753334e+00 2.759167e+00 2.765000e+00 3.419593e-04
2.765000e+00 2.770834e+00 2.776667e+00 3.325098e-04
2.776667e+00 2.782500e+00 2.788334e+00 3.233168e-04
2.788334e+00 2.794167e+00 2.800000e+00 3.143736e-04
2.800000e+00 2.805834e+00 2.811667e+00 3.056735e-04
2.811667e+00 2.817500e+00 2.823334e+00 2.972101e-04
2.823334e+00 2.829167e+00 2.835000e+00 2.889772e-04
2.835000e+00 2.840834e+00 2.846667e+00 2.809686e-04
2.846667e+00 2.852500e+00 2.858334e+00 2.731783e-04
2.858334e+00 2.864167e+00 2.870000e+00 2.656007e-04
2.870000e+00 2.875834e+00 2.881667e+00 2.582299e-04
2.881667e+00 2.887500e+00 2.893334e+00 2.510605e-04
2.893334e+00 2.899167e+00 2.905000e+00 2.440872e-04
2.905000e+00 2.910834e+00 2.916667e+00 2.373047e-04
2.916667e+00 2.922500e+00 2.928333e+00 2.307078e-04
2.928333e+00 2.934167e+00 2.940000e+00 2.242916e-04
2.940000e+00 2.945833e+00 2.951667e+00 2.180514e-04
2.951667e+00 2.957500e+00 2.963333e+00 2.119823e-04
2.963333e+00 2.969167e+00 2.975000e+00 2.060798e-04
2.975000e+00 2.980833e+00 2.986667e+00 2.003393e-04
2.986667e+00 2.992500e+00 2.998333e+00 1.947566e-04
2.998333e+00 3.004167e+00 3.010000e+00 1.893274e-04
3.010000e+00 3.015833e+00 3.021667e+00 1.840476e-04
3.021667e+00 3.027500e+00 3.033333e+00 1.789131e-04
3.033333e+00 3.039167e+00 3.045000e+00 1.739200e-04
3.045000e+00 3.050833e+00 3.056667e+00 1.690646e-04
3.056667e+00 3.062500e+00 3.068333e+00 1.643430e-04
3.068333e+00 3.074167e+00 3.080000e+00 1.597516e-04
3.080000e+00 3.085833e+00 3.091667e+00 1.552870e-04
3.091667e+00 3.097500e+00 3.103333e+00 1.509456e-04
3.103333e+00 3.109167e+00 3.115000e+00 1.467243e-04
3.115000e+00 3.120833e+00 3.126667e+00 1.426196e-04
3.126667e+00 3.132500e+00 3.138333e+00 1.386284e-04
3.138333e+00 3.144167e+00 3.150000e+00 1.347477e-04
3.150000e+00 3.155833e+00 3.161667e+00 1.309744e-04
3.161667e+00 3.167500e+00 3.173333e+00 1.273057e-04
3.173333e+00 3.179167e+00 3.185000e+00 1.237386e-04
3.185000e+00 3.190833e+00 3.196667e+00 1.202703e-04
3.196667e+00 3.202500e+00 3.208333e+00 1.168983e-04
3.208333e+00 3.214167e+00 3.220000e+00 1.136199e-04
3.220000e+00 3.225833e+00 3.231667e+00 1.104325e-04
3.231667e+00 3.237500e+00 3.243333e+00 1.073336e-04
3.243333e+00 3.249167e+00 3.255000e+00 1.043208e-04
3.255000e+00 3.260833e+00 3.266667e+00 1.013917e-04
3.266667e+00 3.272500e+00 3.278333e+00 9.854416e-05
3.278333e+00 3.284167e+00 3.290000e+00 9.577580e-05
3.290000e+00 3.295833e+00 3.301667e+00 9.308449e-05
3.301667e+00 3.307500e+00 3.313333e+00 9.046811e-05
3.313333e+00 3.319167e+00 3.325000e+00 8.792461e-05
3.325000e+00 3.330833e+00 3.336667e+00 8.545199e-05
3.336667e+00 3.342500e+00 3.348333e+00 8.304829e-05
3.348333e+00 3.354167e+00 3.360000e+00 8.071163e-05
3.360000e+00 3.365833e+00 3.371667e+00 7.844015e-05
3.371667e+00 3.377500e+00 3.383333e+00 7.623206e-05
3.383333e+00 3.389167e+00 3.395000e+00 7.408562e-05
3.395000e+00 3.400833e+00 3.406667e+00 7.199913e-05
3.406667e+00 3.412500e+00 3.418333e+00 6.997093e-05
3.418333e+00 3.424167e+00 3.430000e+00 6.799941e-05
3.430000e+00 3.435833e+00 3.441667e+00 6.608301e-05
3.441667e+00 3.447500e+00 3.453333e+00 6.422021e-05
3.453333e+00 3.459167e+00 3.465000e+00 6.240952e-05
3.465000e+00 3.470833e+00 3.476667e+00 6.064950e-05
3.476667e+00 3.482500e+00 3.488333e+00 5.893876e-05
3.488333e+00 3.494167e+00 3.500000e+00 5.727592e-05
