1.000000e-06 5.834332e-03 1.166766e-02 3.176127e-05
1.166766e-02 1.750099e-02 2.333433e-02 2.600119e-04
2.333433e-02 2.916766e-02 3.500099e-02 6.663009e-04
3.500099e-02 4.083432e-02 4.666765e-02 1.213140e-03
4.666765e-02 5.250099e-02 5.833432e-02 1.871277e-03
5.833432e-02 6.416765e-02 7.000098e-02 2.617000e-03
7.000098e-02 7.583431e-02 8.166764e-02 3.430709e-03
8.166764e-02 8.750097e-02 9.333431e-02 4.296007e-03
9.333431e-02 9.916764e-02 1.050010e-01 5.199076e-03
1.050010e-01 1.108343e-01 1.166676e-01 6.128211e-03
1.166676e-01 1.225010e-01 1.283343e-01 7.073475e-03
1.283343e-01 1.341676e-01 1.400010e-01 8.026414e-03
1.400010e-01 1.458343e-01 1.516676e-01 8.979838e-03
1.516676e-01 1.575010e-01 1.633343e-01 9.927639e-03
1.633343e-01 1.691676e-01 1.750009e-01 1.086464e-02
1.750009e-01 1.808343e-01 1.866676e-01 1.178646e-02
1.866676e-01 1.925009e-01 1.983343e-01 1.268942e-02
1.983343e-01 2.041676e-01 2.100009e-01 1.357046e-02
2.100009e-01 2.158343e-01 2.216676e-01 1.442702e-02
2.216676e-01 2.275009e-01 2.333343e-01 1.525702e-02
2.333343e-01 2.391676e-01 2.450009e-01 1.605878e-02
2.450009e-01 2.508343e-01 2.566676e-01 1.683096e-02
2.566676e-01 2.625009e-01 2.683343e-01 1.757254e-02
2.683343e-01 2.741676e-01 2.800009e-01 1.828276e-02
2.800009e-01 2.858343e-01 2.916676e-01 1.896109e-02
2.916676e-01 2.975009e-01 3.033342e-01 1.960723e-02
3.033342e-01 3.091676e-01 3.150009e-01 2.022103e-02
3.150009e-01 3.208342e-01 3.266676e-01 2.080250e-02
3.266676e-01 3.325009e-01 3.383342e-01 2.135180e-02
3.383342e-01 3.441676e-01 3.500009e-01 2.186918e-02
3.500009e-01 3.558342e-01 3.616676e-01 2.235502e-02
3.616676e-01 3.675009e-01 3.733342e-01 2.280977e-02
3.733342e-01 3.791676e-01 3.850009e-01 2.323395e-02
3.850009e-01 3.908342e-01 3.966676e-01 2.362814e-02
3.966676e-01 4.025009e-01 4.083342e-01 2.399299e-02
4.083342e-01 4.141675e-01 4.200009e-01 2.432918e-02
4.200009e-01 4.258342e-01 4.316675e-01 2.463742e-02
4.316675e-01 4.375009e-01 4.433342e-01 2.491847e-02
4.433342e-01 4.491675e-01 4.550009e-01 2.517308e-02
4.550009e-01 4.608342e-01 4.666675e-01 2.540205e-02
4.666675e-01 4.725009e-01 4.783342e-01 2.560616e-02
4.783342e-01 4.841675e-01 4.900009e-01 2.578623e-02
4.900009e-01 4.958342e-01 5.016675e-01 2.594307e-02
5.016675e-01 5.075009e-01 5.133342e-01 2.607747e-02
5.133342e-01 5.191675e-01 5.250008e-01 2.619025e-02
5.250008e-01 5.308342e-01 5.366675e-01 2.628221e-02
5.366675e-01 5.425008e-01 5.483342e-01 2.635414e-02
5.483342e-01 5.541675e-01 5.600008e-01 2.640684e-02
5.600008e-01 5.658342e-01 5.716675e-01 2.644107e-02
5.716675e-01 5.775008e-01 5.833342e-01 2.645760e-02
5.833342e-01 5.891675e-01 5.950008e-01 2.645718e-02
5.950008e-01 6.008342e-01 6.066675e-01 2.644054e-02
6.066675e-01 6.125008e-01 6.183342e-01 2.640841e-02
6.183342e-01 6.241675e-01 6.300008e-01 2.636149e-02
6.300008e-01 6.358342e-01 6.416675e-01 2.630047e-02
6.416675e-01 6.475008e-01 6.533341e-01 2.622601e-02
6.533341e-01 6.591675e-01 6.650008e-01 2.613879e-02
6.650008e-01 6.708341e-01 6.766675e-01 2.603942e-02
6.766675e-01 6.825008e-01 6.883341e-01 2.592854e-02
6.883341e-01 6.941675e-01 7.000008e-01 2.580673e-02
7.000008e-01 7.058341e-01 7.116675e-01 2.567460e-02
7.116675e-01 7.175008e-01 7.233341e-01 2.553269e-02
7.233341e-01 7.291675e-01 7.350008e-01 2.538157e-02
7.350008e-01 7.408341e-01 7.466675e-01 2.522175e-02
7.466675e-01 7.525008e-01 7.583341e-01 2.505376e-02
7.583341e-01 7.641674e-01 7.700008e-01 2.487809e-02
7.700008e-01 7.758341e-01 7.816674e-01 2.469522e-02
7.816674e-01 7.875008e-01 7.933341e-01 2.450562e-02
7.933341e-01 7.991674e-01 8.050008e-01 2.430972e-02
8.050008e-01 8.108341e-01 8.166674e-01 2.410795e-02
8.166674e-01 8.225008e-01 8.283341e-01 2.390075e-02
8.283341e-01 8.341674e-01 8.400008e-01 2.368849e-02
8.400008e-01 8.458341e-01 8.516674e-01 2.347156e-02
8.516674e-01 8.575008e-01 8.633341e-01 2.325034e-02
8.633341e-01 8.691674e-01 8.750007e-01 2.302518e-02
8.750007e-01 8.808341e-01 8.866674e-01 2.279641e-02
8.866674e-01 8.925007e-01 8.983341e-01 2.256437e-02
8.983341e-01 9.041674e-01 9.100007e-01 2.232937e-02
9.100007e-01 9.158341e-01 9.216674e-01 2.209170e-02
9.216674e-01 9.275007e-01 9.333341e-01 2.185166e-02
9.333341e-01 9.391674e-01 9.450007e-01 2.160952e-02
9.450007e-01 9.508341e-01 9.566674e-01 2.136554e-02
9.566674e-01 9.625007e-01 9.683341e-01 2.111998e-02
9.683341e-01 9.741674e-01 9.800007e-01 2.087307e-02
9.800007e-01 9.858341e-01 9.916674e-01 2.062505e-02
9.916674e-01 9.975007e-01 1.003334e+00 2.037613e-02
1.003334e+00 1.009167e+00 1.015001e+00 2.012653e-02
1.015001e+00 1.020834e+00 1.026667e+00 1.987644e-02
1.026667e+00 1.032501e+00 1.038334e+00 1.962605e-02
1.038334e+00 1.044167e+00 1.050001e+00 1.937555e-02
1.050001e+00 1.055834e+00 1.061667e+00 1.912510e-02
1.061667e+00 1.067501e+00 1.073334e+00 1.887487e-02
1.073334e+00 1.079167e+00 1.085001e+00 1.862501e-02
1.085001e+00 1.090834e+00 1.096667e+00 1.837567e-02
1.096667e+00 1.102501e+00 1.108334e+00 1.812698e-02
1.108334e+00 1.114167e+00 1.120001e+00 1.787909e-02
1.120001e+00 1.125834e+00 1.131667e+00 1.763211e-02
1.131667e+00 1.137501e+00 1.143334e+00 1.738617e-02
1.143334e+00 1.149167e+00 1.155001e+00 1.714136e-02
1.155001e+00 1.160834e+00 1.166667e+00 1.689781e-02
1.166667e+00 1.172501e+00 1.178334e+00 1.665559e-02
1.178334e+00 1.184167e+00 1.190001e+00 1.641482e-02
1.190001e+00 1.195834e+00 1.201667e+00 1.617558e-02
1.201667e+00 1.207501e+00 1.213334e+00 1.593794e-02
1.213334e+00 1.219167e+00 1.225001e+00 1.570198e-02
1.225001e+00 1.230834e+00 1.236667e+00 1.546777e-02
1.236667e+00 1.242501e+00 1.248334e+00 1.523539e-02
1.248334e+00 1.254167e+00 1.260001e+00 1.500489e-02
1.260001e+00 1.265834e+00 1.271667e+00 1.477633e-02
1.271667e+00 1.277501e+00 1.283334e+00 1.454976e-02
1.283334e+00 1.289167e+00 1.295001e+00 1.432523e-02
1.295001e+00 1.300834e+00 1.306667e+00 1.410279e-02
1.306667e+00 1.312501e+00 1.318334e+00 1.388247e-02
1.318334e+00 1.324167e+00 1.330001e+00 1.366433e-02
1.330001e+00 1.335834e+00 1.341667e+00 1.344838e-02
1.341667e+00 1.347501e+00 1.353334e+00 1.323466e-02
1.353334e+00 1.359167e+00 1.365001e+00 1.302320e-02
1.365001e+00 1.370834e+00 1.376667e+00 1.281403e-02
1.376667e+00 1.382501e+00 1.388334e+00 1.260716e-02
1.388334e+00 1.394167e+00 1.400001e+00 1.240262e-02
1.400001e+00 1.405834e+00 1.411667e+00 1.220042e-02
1.411667e+00 1.417501e+00 1.423334e+00 1.200058e-02
1.423334e+00 1.429167e+00 1.435001e+00 1.180310e-02
1.435001e+00 1.440834e+00 1.446667e+00 1.160801e-02
1.446667e+00 1.452501e+00 1.458334e+00 1.141530e-02
1.458334e+00 1.464167e+00 1.470001e+00 1.122498e-02
1.470001e+00 1.475834e+00 1.481667e+00 1.103706e-02
1.481667e+00 1.487501e+00 1.493334e+00 1.085154e-02
1.493334e+00 1.499167e+00 1.505001e+00 1.066842e-02
1.505001e+00 1.510834e+00 1.516667e+00 1.048769e-02
1.516667e+00 1.522501e+00 1.528334e+00 1.030936e-02
1.528334e+00 1.534167e+00 1.540001e+00 1.013341e-02
1.540001e+00 1.545834e+00 1.551667e+00 9.959851e-03
1.551667e+00 1.557501e+00 1.563334e+00 9.788666e-03
1.563334e+00 1.569167e+00 1.575001e+00 9.619848e-03
1.575001e+00 1.580834e+00 1.586667e+00 9.453388e-03
1.586667e+00 1.592501e+00 1.598334e+00 9.289276e-03
1.598334e+00 1.604167e+00 1.610001e+00 9.127499e-03
1.610001e+00 1.615834e+00 1.621667e+00 8.968045e-03
1.621667e+00 1.627501e+00 1.633334e+00 8.810900e-03
1.633334e+00 1.639167e+00 1.645001e+00 8.656050e-03
1.645001e+00 1.650834e+00 1.656667e+00 8.503479e-03
1.656667e+00 1.662501e+00 1.668334e+00 8.353172e-03
1.668334e+00 1.674167e+00 1.680001e+00 8.205110e-03
1.680001e+00 1.685834e+00 1.691667e+00 8.059279e-03
1.691667e+00 1.697501e+00 1.703334e+00 7.915658e-03
1.703334e+00 1.709167e+00 1.715001e+00 7.774229e-03
1.715001e+00 1.720834e+00 1.726667e+00 7.634974e-03
1.726667e+00 1.732501e+00 1.738334e+00 7.497872e-03
1.738334e+00 1.744167e+00 1.750000e+00 7.362905e-03
1.750000e+00 1.755834e+00 1.761667e+00 7.230050e-03
1.761667e+00 1.767500e+00 1.773334e+00 7.099288e-03
1.773334e+00 1.779167e+00 1.785000e+00 6.970597e-03
1.785000e+00 1.790834e+00 1.796667e+00 6.843956e-03
1.796667e+00 1.802500e+00 1.808334e+00 6.719343e-03
1.808334e+00 1.814167e+00 1.820000e+00 6.596736e-03
1.820000e+00 1.825834e+00 1.831667e+00 6.476113e-03
1.831667e+00 1.837500e+00 1.843334e+00 6.357451e-03
1.843334e+00 1.849167e+00 1.855000e+00 6.240728e-03
1.855000e+00 1.860834e+00 1.866667e+00 6.125922e-03
1.866667e+00 1.872500e+00 1.878334e+00 6.013009e-03
1.878334e+00 1.884167e+00 1.890000e+00 5.901967e-03
1.890000e+00 1.895834e+00 1.901667e+00 5.792772e-03
1.901667e+00 1.907500e+00 1.913334e+00 5.685402e-03
1.913334e+00 1.919167e+00 1.925000e+00 5.579833e-03
1.925000e+00 1.930834e+00 1.936667e+00 5.476043e-03
1.936667e+00 1.942500e+00 1.948334e+00 5.374008e-03
1.948334e+00 1.954167e+00 1.960000e+00 5.273706e-03
1.960000e+00 1.965834e+00 1.971667e+00 5.175113e-03
1.971667e+00 1.977500e+00 1.983334e+00 5.078206e-03
1.983334e+00 1.989167e+00 1.995000e+00 4.982962e-03
1.995000e+00 2.000834e+00 2.006667e+00 4.889359e-03
2.006667e+00 2.012500e+00 2.018334e+00 4.797374e-03
2.018334e+00 2.024167e+00 2.030000e+00 4.706984e-03
2.030000e+00 2.035834e+00 2.041667e+00 4.618166e-03
2.041667e+00 2.047500e+00 2.053334e+00 4.530898e-03
2.053334e+00 2.059167e+00 2.065000e+00 4.445159e-03
2.065000e+00 2.070834e+00 2.076667e+00 4.360924e-03
2.076667e+00 2.082500e+00 2.088334e+00 4.278173e-03
2.088334e+00 2.094167e+00 2.100000e+00 4.196883e-03
2.100000e+00 2.105834e+00 2.111667e+00 4.117034e-03
2.111667e+00 2.117500e+00 2.123334e+00 4.038602e-03
2.123334e+00 2.129167e+00 2.135000e+00 3.961567e-03
2.135000e+00 2.140834e+00 2.146667e+00 3.885908e-03
2.146667e+00 2.152500e+00 2.158334e+00 3.811603e-03
2.158334e+00 2.164167e+00 2.170000e+00 3.738632e-03
2.170000e+00 2.175834e+00 2.181667e+00 3.666973e-03
2.181667e+00 2.187500e+00 2.193334e+00 3.596607e-03
2.193334e+00 2.199167e+00 2.205000e+00 3.527513e-03
2.205000e+00 2.210834e+00 2.216667e+00 3.459671e-03
2.216667e+00 2.222500e+00 2.228334e+00 3.393061e-03
2.228334e+00 2.234167e+00 2.240000e+00 3.327663e-03
2.240000e+00 2.245834e+00 2.251667e+00 3.263458e-03
2.251667e+00 2.257500e+00 2.263334e+00 3.200427e-03
2.263334e+00 2.269167e+00 2.275000e+00 3.138551e-03
2.275000e+00 2.280834e+00 2.286667e+00 3.077810e-03
2.286667e+00 2.292500e+00 2.298334e+00 3.018187e-03
2.298334e+00 2.304167e+00 2.310000e+00 2.959662e-03
2.310000e+00 2.315834e+00 2.321667e+00 2.902218e-03
2.321667e+00 2.327500e+00 2.333334e+00 2.845837e-03
2.333334e+00 2.339167e+00 2.345000e+00 2.790501e-03
2.345000e+00 2.350834e+00 2.356667e+00 2.736192e-03
2.356667e+00 2.362500e+00 2.368334e+00 2.682893e-03
2.368334e+00 2.374167e+00 2.380000e+00 2.630587e-03
2.380000e+00 2.385834e+00 2.391667e+00 2.579258e-03
2.391667e+00 2.397500e+00 2.403334e+00 2.528888e-03
2.403334e+00 2.409167e+00 2.415000e+00 2.479461e-03
2.415000e+00 2.420834e+00 2.426667e+00 2.430962e-03
2.426667e+00 2.432500e+00 2.438334e+00 2.383373e-03
2.438334e+00 2.444167e+00 2.450000e+00 2.336680e-03
2.450000e+00 2.455834e+00 2.461667e+00 2.290867e-03
2.461667e+00 2.467500e+00 2.473334e+00 2.245919e-03
2.473334e+00 2.479167e+00 2.485000e+00 2.201820e-03
2.485000e+00 2.490834e+00 2.496667e+00 2.158555e-03
2.496667e+00 2.502500e+00 2.508334e+00 2.116111e-03
2.508334e+00 2.514167e+00 2.520000e+00 2.074472e-03
2.520000e+00 2.525834e+00 2.531667e+00 2.033624e-03
2.531667e+00 2.537500e+00 2.543334e+00 1.993554e-03
2.543334e+00 2.549167e+00 2.555000e+00 1.954248e-03
2.555000e+00 2.560834e+00 2.566667e+00 1.915691e-03
2.566667e+00 2.572500e+00 2.578334e+00 1.877871e-03
2.578334e+00 2.584167e+00 2.590000e+00 1.840775e-03
2.590000e+00 2.595834e+00 2.601667e+00 1.804389e-03
2.601667e+00 2.607500e+00 2.613334e+00 1.768700e-03
2.613334e+00 2.619167e+00 2.625000e+00 1.733697e-03
2.625000e+00 2.630834e+00 2.636667e+00 1.699366e-03
2.636667e+00 2.642500e+00 2.648334e+00 1.665696e-03
2.648334e+00 2.654167e+00 2.660000e+00 1.632674e-03
2.660000e+00 2.665834e+00 2.671667e+00 1.600289e-03
2.671667e+00 2.677500e+00 2.683334e+00 1.568529e-03
2.683334e+00 2.689167e+00 2.695000e+00 1.537383e-03
2.695000e+00 2.700834e+00 2.706667e+00 1.506839e-03
2.706667e+00 2.712500e+00 2.718334e+00 1.476887e-03
2.718334e+00 2.724167e+00 2.730000e+00 1.447515e-03
2.730000e+00 2.735834e+00 2.741667e+00 1.418713e-03
2.741667e+00 2.747500e+00 2.753334e+00 1.390470e-03
2.753334e+00 2.759167e+00 2.765000e+00 1.362776e-03
2.765000e+00 2.770834e+00 2.776667e+00 1.335621e-03
2.776667e+00 2.782500e+00 2.788334e+00 1.308995e-03
2.788334e+00 2.794167e+00 2.800000e+00 1.282888e-03
2.800000e+00 2.805834e+00 2.811667e+00 1.257290e-03
2.811667e+00 2.817500e+00 2.823334e+00 1.232191e-03
2.823334e+00 2.829167e+00 2.835000e+00 1.207584e-03
2.835000e+00 2.840834e+00 2.846667e+00 1.183457e-03
2.846667e+00 2.852500e+00 2.858334e+00 1.159803e-03
2.858334e+00 2.864167e+00 2.870000e+00 1.136612e-03
2.870000e+00 2.875834e+00 2.881667e+00 1.113875e-03
2.881667e+00 2.887500e+00 2.893334e+00 1.091585e-03
2.893334e+00 2.899167e+00 2.905000e+00 1.069732e-03
2.905000e+00 2.910834e+00 2.916667e+00 1.048309e-03
2.916667e+00 2.922500e+00 2.928333e+00 1.027307e-03
2.928333e+00 2.934167e+00 2.940000e+00 1.006718e-03
2.940000e+00 2.945833e+00 2.951667e+00 9.865341e-04
2.951667e+00 2.957500e+00 2.963333e+00 9.667483e-04
2.963333e+00 2.969167e+00 2.975000e+00 9.473527e-04
2.975000e+00 2.980833e+00 2.986667e+00 9.283397e-04
2.986667e+00 2.992500e+00 2.998333e+00 9.097021e-04
2.998333e+00 3.004167e+00 3.010000e+00 8.914328e-04
3.010000e+00 3.015833e+00 3.021667e+00 8.735246e-04
3.021667e+00 3.027500e+00 3.033333e+00 8.559706e-04
3.033333e+00 3.039167e+00 3.045000e+00 8.387641e-04
3.045000e+00 3.050833e+00 3.056667e+00 8.218984e-04
3.056667e+00 3.062500e+00 3.068333e+00 8.053670e-04
3.068333e+00 3.074167e+00 3.080000e+00 7.891633e-04
3.080000e+00 3.085833e+00 3.091667e+00 7.732811e-04
3.091667e+00 3.097500e+00 3.103333e+00 7.577142e-04
3.103333e+00 3.109167e+00 3.115000e+00 7.424565e-04
3.115000e+00 3.120833e+00 3.126667e+00 7.275020e-04
3.126667e+00 3.132500e+00 3.138333e+00 7.128449e-04
3.138333e+00 3.144167e+00 3.150000e+00 6.984794e-04
3.150000e+00 3.155833e+00 3.161667e+00 6.843998e-04
3.161667e+00 3.167500e+00 3.173333e+00 6.706006e-04
3.173333e+00 3.179167e+00 3.185000e+00 6.570763e-04
3.185000e+00 3.190833e+00 3.196667e+00 6.438216e-04
3.196667e+00 3.202500e+00 3.208333e+00 6.308313e-04
3.208333e+00 3.214167e+00 3.220000e+00 6.181001e-04
3.220000e+00 3.225833e+00 3.231667e+00 6.056231e-04
3.231667e+00 3.237500e+00 3.243333e+00 5.933953e-04
3.243333e+00 3.249167e+00 3.255000e+00 5.814118e-04
3.255000e+00 3.260833e+00 3.266667e+00 5.696679e-04
3.266667e+00 3.272500e+00 3.278333e+00 5.581588e-04
3.278333e+00 3.284167e+00 3.290000e+00 5.468799e-04
3.290000e+00 3.295833e+00 3.301667e+00 5.358268e-04
3.301667e+00 3.307500e+00 3.313333e+00 5.249950e-04
3.313333e+00 3.319167e+00 3.325000e+00 5.143801e-04
3.325000e+00 3.330833e+00 3.336667e+00 5.039780e-04
3.336667e+00 3.342500e+00 3.348333e+00 4.937844e-04
3.348333e+00 3.354167e+00 3.360000e+00 4.837952e-04
3.360000e+00 3.365833e+00 3.371667e+00 4.740064e-04
3.371667e+00 3.377500e+00 3.383333e+00 4.644140e-04
3.383333e+00 3.389167e+00 3.395000e+00 4.550143e-04
3.395000e+00 3.400833e+00 3.406667e+00 4.458033e-04
3.406667e+00 3.412500e+00 3.418333e+00 4.367773e-04
3.418333e+00 3.424167e+00 3.430000e+00 4.279327e-04
3.430000e+00 3.435833e+00 3.441667e+00 4.192660e-04
3.441667e+00 3.447500e+00 3.453333e+00 4.107735e-04
3.453333e+00 3.459167e+00 3.465000e+00 4.024519e-04
3.465000e+00 3.470833e+00 3.476667e+00 3.942977e-04
3.476667e+00 3.482500e+00 3.488333e+00 3.863076e-04
3.488333e+00 3.494167e+00 3.500000e+00 3.784784e-04
