1.000000e-06 5.834332e-03 1.166766e-02 3.157936e-05
1.166766e-02 1.750099e-02 2.333433e-02 2.574440e-04
2.333433e-02 2.916766e-02 3.500099e-02 6.581485e-04
3.500099e-02 4.083432e-02 4.666765e-02 1.196395e-03
4.666765e-02 5.250099e-02 5.833432e-02 1.843414e-03
5.833432e-02 6.416765e-02 7.000098e-02 2.576059e-03
7.000098e-02 7.583431e-02 8.166764e-02 3.375303e-03
8.166764e-02 8.750097e-02 9.333431e-02 4.225289e-03
9.333431e-02 9.916764e-02 1.050010e-01 5.112695e-03
1.050010e-01 1.108343e-01 1.166676e-01 6.026261e-03
1.166676e-01 1.225010e-01 1.283343e-01 6.956439e-03
1.283343e-01 1.341676e-01 1.400010e-01 7.895114e-03
1.400010e-01 1.458343e-01 1.516676e-01 8.835384e-03
1.516676e-01 1.575010e-01 1.633343e-01 9.771382e-03
1.633343e-01 1.691676e-01 1.750009e-01 1.069813e-02
1.750009e-01 1.808343e-01 1.866676e-01 1.161142e-02
1.866676e-01 1.925009e-01 1.983343e-01 1.250769e-02
1.983343e-01 2.041676e-01 2.100009e-01 1.338397e-02
2.100009e-01 2.158343e-01 2.216676e-01 1.423778e-02
2.216676e-01 2.275009e-01 2.333343e-01 1.506708e-02
2.333343e-01 2.391676e-01 2.450009e-01 1.587021e-02
2.450009e-01 2.508343e-01 2.566676e-01 1.664584e-02
2.566676e-01 2.625009e-01 2.683343e-01 1.739293e-02
2.683343e-01 2.741676e-01 2.800009e-01 1.811070e-02
2.800009e-01 2.858343e-01 2.916676e-01 1.879858e-02
2.916676e-01 2.975009e-01 3.033342e-01 1.945620e-02
3.033342e-01 3.091676e-01 3.150009e-01 2.008337e-02
3.150009e-01 3.208342e-01 3.266676e-01 2.068003e-02
3.266676e-01 3.325009e-01 3.383342e-01 2.124626e-02
3.383342e-01 3.441676e-01 3.500009e-01 2.178225e-02
3.500009e-01 3.558342e-01 3.616676e-01 2.228828e-02
3.616676e-01 3.675009e-01 3.733342e-01 2.276471e-02
3.733342e-01 3.791676e-01 3.850009e-01 2.321199e-02
3.850009e-01 3.908342e-01 3.966676e-01 2.363061e-02
3.966676e-01 4.025009e-01 4.083342e-01 2.402112e-02
4.083342e-01 4.141675e-01 4.200009e-01 2.438411e-02
4.200009e-01 4.258342e-01 4.316675e-01 2.472021e-02
4.316675e-01 4.375009e-01 4.433342e-01 2.503008e-02
4.433342e-01 4.491675e-01 4.550009e-01 2.531440e-02
4.550009e-01 4.608342e-01 4.666675e-01 2.557386e-02
4.666675e-01 4.725009e-01 4.783342e-01 2.580919e-02
4.783342e-01 4.841675e-01 4.900009e-01 2.602109e-02
4.900009e-01 4.958342e-01 5.016675e-01 2.621030e-02
5.016675e-01 5.075009e-01 5.133342e-01 2.637755e-02
5.133342e-01 5.191675e-01 5.250008e-01 2.652356e-02
5.250008e-01 5.308342e-01 5.366675e-01 2.664908e-02
5.366675e-01 5.425008e-01 5.483342e-01 2.675482e-02
5.483342e-01 5.541675e-01 5.600008e-01 2.684150e-02
5.600008e-01 5.658342e-01 5.716675e-01 2.690983e-02
5.716675e-01 5.775008e-01 5.833342e-01 2.696051e-02
5.833342e-01 5.891675e-01 5.950008e-01 2.699423e-02
5.950008e-01 6.008342e-01 6.066675e-01 2.701168e-02
6.066675e-01 6.125008e-01 6.183342e-01 2.701351e-02
6.183342e-01 6.241675e-01 6.300008e-01 2.700039e-02
6.300008e-01 6.358342e-01 6.416675e-01 2.697294e-02
6.416675e-01 6.475008e-01 6.533341e-01 2.693181e-02
6.533341e-01 6.591675e-01 6.650008e-01 2.687760e-02
6.650008e-01 6.708341e-01 6.766675e-01 2.681090e-02
6.766675e-01 6.825008e-01 6.883341e-01 2.673230e-02
6.883341e-01 6.941675e-01 7.000008e-01 2.664236e-02
7.000008e-01 7.058341e-01 7.116675e-01 2.654163e-02
7.116675e-01 7.175008e-01 7.233341e-01 2.643065e-02
7.233341e-01 7.291675e-01 7.350008e-01 2.630994e-02
7.350008e-01 7.408341e-01 7.466675e-01 2.618000e-02
7.466675e-01 7.525008e-01 7.583341e-01 2.604132e-02
7.583341e-01 7.641674e-01 7.700008e-01 2.589438e-02
7.700008e-01 7.758341e-01 7.816674e-01 2.573963e-02
7.816674e-01 7.875008e-01 7.933341e-01 2.557752e-02
7.933341e-01 7.991674e-01 8.050008e-01 2.540848e-02
8.050008e-01 8.108341e-01 8.166674e-01 2.523292e-02
8.166674e-01 8.225008e-01 8.283341e-01 2.505124e-02
8.283341e-01 8.341674e-01 8.400008e-01 2.486383e-02
8.400008e-01 8.458341e-01 8.516674e-01 2.467107e-02
8.516674e-01 8.575008e-01 8.633341e-01 2.447331e-02
8.633341e-01 8.691674e-01 8.750007e-01 2.427090e-02
8.750007e-01 8.808341e-01 8.866674e-01 2.406418e-02
8.866674e-01 8.925007e-01 8.983341e-01 2.385346e-02
8.983341e-01 9.041674e-01 9.100007e-01 2.363907e-02
9.100007e-01 9.158341e-01 9.216674e-01 2.342128e-02
9.216674e-01 9.275007e-01 9.333341e-01 2.320040e-02
9.333341e-01 9.391674e-01 9.450007e-01 2.297670e-02
9.450007e-01 9.508341e-01 9.566674e-01 2.275044e-02
9.566674e-01 9.625007e-01 9.683341e-01 2.252187e-02
9.683341e-01 9.741674e-01 9.800007e-01 2.229124e-02
9.800007e-01 9.858341e-01 9.916674e-01 2.205877e-02
9.916674e-01 9.975007e-01 1.003334e+00 2.182471e-02
1.003334e+00 1.009167e+00 1.015001e+00 2.158925e-02
1.015001e+00 1.020834e+00 1.026667e+00 2.135260e-02
1.026667e+00 1.032501e+00 1.038334e+00 2.111496e-02
1.038334e+00 1.044167e+00 1.050001e+00 2.087652e-02
1.050001e+00 1.055834e+00 1.061667e+00 2.063746e-02
1.061667e+00 1.067501e+00 1.073334e+00 2.039793e-02
1.073334e+00 1.079167e+00 1.085001e+00 2.015812e-02
1.085001e+00 1.090834e+00 1.096667e+00 1.991817e-02
1.096667e+00 1.102501e+00 1.108334e+00 1.967823e-02
1.108334e+00 1.114167e+00 1.120001e+00 1.943845e-02
1.120001e+00 1.125834e+00 1.131667e+00 1.919895e-02
1.131667e+00 1.137501e+00 1.143334e+00 1.895987e-02
1.143334e+00 1.149167e+00 1.155001e+00 1.872132e-02
1.155001e+00 1.160834e+00 1.166667e+00 1.848342e-02
1.166667e+00 1.172501e+00 1.178334e+00 1.824629e-02
1.178334e+00 1.184167e+00 1.190001e+00 1.801001e-02
1.190001e+00 1.195834e+00 1.201667e+00 1.777470e-02
1.201667e+00 1.207501e+00 1.213334e+00 1.754045e-02
1.213334e+00 1.219167e+00 1.225001e+00 1.730733e-02
1.225001e+00 1.230834e+00 1.236667e+00 1.707544e-02
1.236667e+00 1.242501e+00 1.248334e+00 1.684486e-02
1.248334e+00 1.254167e+00 1.260001e+00 1.661564e-02
1.260001e+00 1.265834e+00 1.271667e+00 1.638788e-02
1.271667e+00 1.277501e+00 1.283334e+00 1.616162e-02
1.283334e+00 1.289167e+00 1.295001e+00 1.593693e-02
1.295001e+00 1.300834e+00 1.306667e+00 1.571387e-02
1.306667e+00 1.312501e+00 1.318334e+00 1.549249e-02
1.318334e+00 1.324167e+00 1.330001e+00 1.527284e-02
1.330001e+00 1.335834e+00 1.341667e+00 1.505496e-02
1.341667e+00 1.347501e+00 1.353334e+00 1.483890e-02
1.353334e+00 1.359167e+00 1.365001e+00 1.462470e-02
1.365001e+00 1.370834e+00 1.376667e+00 1.441239e-02
1.376667e+00 1.382501e+00 1.388334e+00 1.420201e-02
1.388334e+00 1.394167e+00 1.400001e+00 1.399358e-02
1.400001e+00 1.405834e+00 1.411667e+00 1.378714e-02
1.411667e+00 1.417501e+00 1.423334e+00 1.358271e-02
1.423334e+00 1.429167e+00 1.435001e+00 1.338032e-02
1.435001e+00 1.440834e+00 1.446667e+00 1.317998e-02
1.446667e+00 1.452501e+00 1.458334e+00 1.298171e-02
1.458334e+00 1.464167e+00 1.470001e+00 1.278553e-02
1.470001e+00 1.475834e+00 1.481667e+00 1.259146e-02
1.481667e+00 1.487501e+00 1.493334e+00 1.239950e-02
1.493334e+00 1.499167e+00 1.505001e+00 1.220967e-02
1.505001e+00 1.510834e+00 1.516667e+00 1.202197e-02
1.516667e+00 1.522501e+00 1.528334e+00 1.183641e-02
1.528334e+00 1.534167e+00 1.540001e+00 1.165299e-02
1.540001e+00 1.545834e+00 1.551667e+00 1.147173e-02
1.551667e+00 1.557501e+00 1.563334e+00 1.129262e-02
1.563334e+00 1.569167e+00 1.575001e+00 1.111566e-02
1.575001e+00 1.580834e+00 1.586667e+00 1.094085e-02
1.586667e+00 1.592501e+00 1.598334e+00 1.076819e-02
1.598334e+00 1.604167e+00 1.610001e+00 1.059767e-02
1.610001e+00 1.615834e+00 1.621667e+00 1.042930e-02
1.621667e+00 1.627501e+00 1.633334e+00 1.026307e-02
1.633334e+00 1.639167e+00 1.645001e+00 1.009897e-02
1.645001e+00 1.650834e+00 1.656667e+00 9.936990e-03
1.656667e+00 1.662501e+00 1.668334e+00 9.777125e-03
1.668334e+00 1.674167e+00 1.680001e+00 9.619367e-03
1.680001e+00 1.685834e+00 1.691667e+00 9.463705e-03
1.691667e+00 1.697501e+00 1.703334e+00 9.310128e-03
1.703334e+00 1.709167e+00 1.715001e+00 9.158624e-03
1.715001e+00 1.720834e+00 1.726667e+00 9.009183e-03
1.726667e+00 1.732501e+00 1.738334e+00 8.861790e-03
1.738334e+00 1.744167e+00 1.750000e+00 8.716433e-03
1.750000e+00 1.755834e+00 1.761667e+00 8.573097e-03
1.761667e+00 1.767500e+00 1.773334e+00 8.431768e-03
1.773334e+00 1.779167e+00 1.785000e+00 8.292432e-03
1.785000e+00 1.790834e+00 1.796667e+00 8.155072e-03
1.796667e+00 1.802500e+00 1.808334e+00 8.019672e-03
1.808334e+00 1.814167e+00 1.820000e+00 7.886218e-03
1.820000e+00 1.825834e+00 1.831667e+00 7.754691e-03
1.831667e+00 1.837500e+00 1.843334e+00 7.625075e-03
1.843334e+00 1.849167e+00 1.855000e+00 7.497352e-03
1.855000e+00 1.860834e+00 1.866667e+00 7.371506e-03
1.866667e+00 1.872500e+00 1.878334e+00 7.247518e-03
1.878334e+00 1.884167e+00 1.890000e+00 7.125370e-03
1.890000e+00 1.895834e+00 1.901667e+00 7.005044e-03
1.901667e+00 1.907500e+00 1.913334e+00 6.886522e-03
1.913334e+00 1.919167e+00 1.925000e+00 6.769784e-03
1.925000e+00 1.930834e+00 1.936667e+00 6.654812e-03
1.936667e+00 1.942500e+00 1.948334e+00 6.541587e-03
1.948334e+00 1.954167e+00 1.960000e+00 6.430091e-03
1.960000e+00 1.965834e+00 1.971667e+00 6.320303e-03
1.971667e+00 1.977500e+00 1.983334e+00 6.212205e-03
1.983334e+00 1.989167e+00 1.995000e+00 6.105777e-03
1.995000e+00 2.000834e+00 2.006667e+00 6.001001e-03
2.006667e+00 2.012500e+00 2.018334e+00 5.897856e-03
2.018334e+00 2.024167e+00 2.030000e+00 5.796324e-03
2.030000e+00 2.035834e+00 2.041667e+00 5.696385e-03
2.041667e+00 2.047500e+00 2.053334e+00 5.598019e-03
2.053334e+00 2.059167e+00 2.065000e+00 5.501208e-03
2.065000e+00 2.070834e+00 2.076667e+00 5.405931e-03
2.076667e+00 2.082500e+00 2.088334e+00 5.312170e-03
2.088334e+00 2.094167e+00 2.100000e+00 5.219906e-03
2.100000e+00 2.105834e+00 2.111667e+00 5.129118e-03
2.111667e+00 2.117500e+00 2.123334e+00 5.039789e-03
2.123334e+00 2.129167e+00 2.135000e+00 4.951898e-03
2.135000e+00 2.140834e+00 2.146667e+00 4.865428e-03
2.146667e+00 2.152500e+00 2.158334e+00 4.780358e-03
2.158334e+00 2.164167e+00 2.170000e+00 4.696671e-03
2.170000e+00 2.175834e+00 2.181667e+00 4.614348e-03
2.181667e+00 2.187500e+00 2.193334e+00 4.533370e-03
2.193334e+00 2.199167e+00 2.205000e+00 4.453718e-03
2.205000e+00 2.210834e+00 2.216667e+00 4.375374e-03
2.216667e+00 2.222500e+00 2.228334e+00 4.298320e-03
2.228334e+00 2.234167e+00 2.240000e+00 4.222539e-03
2.240000e+00 2.245834e+00 2.251667e+00 4.148011e-03
2.251667e+00 2.257500e+00 2.263334e+00 4.074719e-03
2.263334e+00 2.269167e+00 2.275000e+00 4.002646e-03
2.275000e+00 2.280834e+00 2.286667e+00 3.931774e-03
2.286667e+00 2.292500e+00 2.298334e+00 3.862085e-03
2.298334e+00 2.304167e+00 2.310000e+00 3.793563e-03
2.310000e+00 2.315834e+00 2.321667e+00 3.726190e-03
2.321667e+00 2.327500e+00 2.333334e+00 3.659950e-03
2.333334e+00 2.339167e+00 2.345000e+00 3.594825e-03
2.345000e+00 2.350834e+00 2.356667e+00 3.530799e-03
2.356667e+00 2.362500e+00 2.368334e+00 3.467856e-03
2.368334e+00 2.374167e+00 2.380000e+00 3.405979e-03
2.380000e+00 2.385834e+00 2.391667e+00 3.345153e-03
2.391667e+00 2.397500e+00 2.403334e+00 3.285361e-03
2.403334e+00 2.409167e+00 2.415000e+00 3.226588e-03
2.415000e+00 2.420834e+00 2.426667e+00 3.168817e-03
2.426667e+00 2.432500e+00 2.438334e+00 3.112035e-03
2.438334e+00 2.444167e+00 2.450000e+00 3.056225e-03
2.450000e+00 2.455834e+00 2.461667e+00 3.001372e-03
2.461667e+00 2.467500e+00 2.473334e+00 2.947462e-03
2.473334e+00 2.479167e+00 2.485000e+00 2.894480e-03
2.485000e+00 2.490834e+00 2.496667e+00 2.842411e-03
2.496667e+00 2.502500e+00 2.508334e+00 2.791241e-03
2.508334e+00 2.514167e+00 2.520000e+00 2.740956e-03
2.520000e+00 2.525834e+00 2.531667e+00 2.691541e-03
2.531667e+00 2.537500e+00 2.543334e+00 2.642984e-03
2.543334e+00 2.549167e+00 2.555000e+00 2.595270e-03
2.555000e+00 2.560834e+00 2.566667e+00 2.548386e-03
2.566667e+00 2.572500e+00 2.578334e+00 2.502318e-03
2.578334e+00 2.584167e+00 2.590000e+00 2.457054e-03
2.590000e+00 2.595834e+00 2.601667e+00 2.412581e-03
2.601667e+00 2.607500e+00 2.613334e+00 2.368884e-03
2.613334e+00 2.619167e+00 2.625000e+00 2.325953e-03
2.625000e+00 2.630834e+00 2.636667e+00 2.283775e-03
2.636667e+00 2.642500e+00 2.648334e+00 2.242337e-03
2.648334e+00 2.654167e+00 2.660000e+00 2.201627e-03
2.660000e+00 2.665834e+00 2.671667e+00 2.161634e-03
2.671667e+00 2.677500e+00 2.683334e+00 2.122344e-03
2.683334e+00 2.689167e+00 2.695000e+00 2.083748e-03
2.695000e+00 2.700834e+00 2.706667e+00 2.045833e-03
2.706667e+00 2.712500e+00 2.718334e+00 2.008589e-03
2.718334e+00 2.724167e+00 2.730000e+00 1.972003e-03
2.730000e+00 2.735834e+00 2.741667e+00 1.936065e-03
2.741667e+00 2.747500e+00 2.753334e+00 1.900765e-03
2.753334e+00 2.759167e+00 2.765000e+00 1.866091e-03
2.765000e+00 2.770834e+00 2.776667e+00 1.832033e-03
2.776667e+00 2.782500e+00 2.788334e+00 1.798581e-03
2.788334e+00 2.794167e+00 2.800000e+00 1.765724e-03
2.800000e+00 2.805834e+00 2.811667e+00 1.733453e-03
2.811667e+00 2.817500e+00 2.823334e+00 1.701757e-03
2.823334e+00 2.829167e+00 2.835000e+00 1.670628e-03
2.835000e+00 2.840834e+00 2.846667e+00 1.640054e-03
2.846667e+00 2.852500e+00 2.858334e+00 1.610027e-03
2.858334e+00 2.864167e+00 2.870000e+00 1.580538e-03
2.870000e+00 2.875834e+00 2.881667e+00 1.551577e-03
2.881667e+00 2.887500e+00 2.893334e+00 1.523135e-03
2.893334e+00 2.899167e+00 2.905000e+00 1.495204e-03
2.905000e+00 2.910834e+00 2.916667e+00 1.467774e-03
2.916667e+00 2.922500e+00 2.928333e+00 1.440837e-03
2.928333e+00 2.934167e+00 2.940000e+00 1.414385e-03
2.940000e+00 2.945833e+00 2.951667e+00 1.388409e-03
2.951667e+00 2.957500e+00 2.963333e+00 1.362901e-03
2.963333e+00 2.969167e+00 2.975000e+00 1.337853e-03
2.975000e+00 2.980833e+00 2.986667e+00 1.313257e-03
2.986667e+00 2.992500e+00 2.998333e+00 1.289105e-03
2.998333e+00 3.004167e+00 3.010000e+00 1.265389e-03
3.010000e+00 3.015833e+00 3.021667e+00 1.242102e-03
3.021667e+00 3.027500e+00 3.033333e+00 1.219236e-03
3.033333e+00 3.039167e+00 3.045000e+00 1.196784e-03
3.045000e+00 3.050833e+00 3.056667e+00 1.174739e-03
3.056667e+00 3.062500e+00 3.068333e+00 1.153093e-03
3.068333e+00 3.074167e+00 3.080000e+00 1.131841e-03
3.080000e+00 3.085833e+00 3.091667e+00 1.110973e-03
3.091667e+00 3.097500e+00 3.103333e+00 1.090485e-03
3.103333e+00 3.109167e+00 3.115000e+00 1.070369e-03
3.115000e+00 3.120833e+00 3.126667e+00 1.050619e-03
3.126667e+00 3.132500e+00 3.138333e+00 1.031228e-03
3.138333e+00 3.144167e+00 3.150000e+00 1.012191e-03
3.150000e+00 3.155833e+00 3.161667e+00 9.934995e-04
3.161667e+00 3.167500e+00 3.173333e+00 9.751490e-04
3.173333e+00 3.179167e+00 3.185000e+00 9.571331e-04
3.185000e+00 3.190833e+00 3.196667e+00 9.394459e-04
3.196667e+00 3.202500e+00 3.208333e+00 9.220814e-04
3.208333e+00 3.214167e+00 3.220000e+00 9.050340e-04
3.220000e+00 3.225833e+00 3.231667e+00 8.882981e-04
3.231667e+00 3.237500e+00 3.243333e+00 8.718682e-04
3.243333e+00 3.249167e+00 3.255000e+00 8.557386e-04
3.255000e+00 3.260833e+00 3.266667e+00 8.399042e-04
3.266667e+00 3.272500e+00 3.278333e+00 8.243596e-04
3.278333e+00 3.284167e+00 3.290000e+00 8.090997e-04
3.290000e+00 3.295833e+00 3.301667e+00 7.941194e-04
3.301667e+00 3.307500e+00 3.313333e+00 7.794136e-04
3.313333e+00 3.319167e+00 3.325000e+00 7.649775e-04
3.325000e+00 3.330833e+00 3.336667e+00 7.508063e-04
3.336667e+00 3.342500e+00 3.348333e+00 7.368951e-04
3.348333e+00 3.354167e+00 3.360000e+00 7.232393e-04
3.360000e+00 3.365833e+00 3.371667e+00 7.098343e-04
3.371667e+00 3.377500e+00 3.383333e+00 6.966756e-04
3.383333e+00 3.389167e+00 3.395000e+00 6.837588e-04
3.395000e+00 3.400833e+00 3.406667e+00 6.710795e-04
3.406667e+00 3.412500e+00 3.418333e+00 6.586334e-04
3.418333e+00 3.424167e+00 3.430000e+00 6.464164e-04
3.430000e+00 3.435833e+00 3.441667e+00 6.344243e-04
3.441667e+00 3.447500e+00 3.453333e+00 6.226529e-04
3.453333e+00 3.459167e+00 3.465000e+00 6.110985e-04
3.465000e+00 3.470833e+00 3.476667e+00 5.997569e-04
3.476667e+00 3.482500e+00 3.488333e+00 5.886244e-04
3.488333e+00 3.494167e+00 3.500000e+00 5.776971e-04
