1.000000e-06 5.834332e-03 1.166766e-02 3.229311e-05
1.166766e-02 1.750099e-02 2.333433e-02 2.679646e-04
2.333433e-02 2.916766e-02 3.500099e-02 6.922985e-04
3.500099e-02 4.083432e-02 4.666765e-02 1.267630e-03
4.666765e-02 5.250099e-02 5.833432e-02 1.963379e-03
5.833432e-02 6.416765e-02 7.000098e-02 2.754084e-03
7.000098e-02 7.583431e-02 8.166764e-02 3.618281e-03
8.166764e-02 8.750097e-02 9.333431e-02 4.537742e-03
9.333431e-02 9.916764e-02 1.050010e-01 5.496930e-03
1.050010e-01 1.108343e-01 1.166676e-01 6.482571e-03
1.166676e-01 1.225010e-01 1.283343e-01 7.483319e-03
1.283343e-01 1.341676e-01 1.400010e-01 8.489485e-03
1.400010e-01 1.458343e-01 1.516676e-01 9.492807e-03
1.516676e-01 1.575010e-01 1.633343e-01 1.048627e-02
1.633343e-01 1.691676e-01 1.750009e-01 1.146392e-02
1.750009e-01 1.808343e-01 1.866676e-01 1.242077e-02
1.866676e-01 1.925009e-01 1.983343e-01 1.335263e-02
1.983343e-01 2.041676e-01 2.100009e-01 1.425605e-02
2.100009e-01 2.158343e-01 2.216676e-01 1.512819e-02
2.216676e-01 2.275009e-01 2.333343e-01 1.596679e-02
2.333343e-01 2.391676e-01 2.450009e-01 1.677005e-02
2.450009e-01 2.508343e-01 2.566676e-01 1.753660e-02
2.566676e-01 2.625009e-01 2.683343e-01 1.826545e-02
2.683343e-01 2.741676e-01 2.800009e-01 1.895592e-02
2.800009e-01 2.858343e-01 2.916676e-01 1.960763e-02
2.916676e-01 2.975009e-01 3.033342e-01 2.022042e-02
3.033342e-01 3.091676e-01 3.150009e-01 2.079437e-02
3.150009e-01 3.208342e-01 3.266676e-01 2.132973e-02
3.266676e-01 3.325009e-01 3.383342e-01 2.182691e-02
3.383342e-01 3.441676e-01 3.500009e-01 2.228646e-02
3.500009e-01 3.558342e-01 3.616676e-01 2.270905e-02
3.616676e-01 3.675009e-01 3.733342e-01 2.309543e-02
3.733342e-01 3.791676e-01 3.850009e-01 2.344645e-02
3.850009e-01 3.908342e-01 3.966676e-01 2.376302e-02
3.966676e-01 4.025009e-01 4.083342e-01 2.404610e-02
4.083342e-01 4.141675e-01 4.200009e-01 2.429672e-02
4.200009e-01 4.258342e-01 4.316675e-01 2.451590e-02
4.316675e-01 4.375009e-01 4.433342e-01 2.470473e-02
4.433342e-01 4.491675e-01 4.550009e-01 2.486429e-02
4.550009e-01 4.608342e-01 4.666675e-01 2.499568e-02
4.666675e-01 4.725009e-01 4.783342e-01 2.510001e-02
4.783342e-01 4.841675e-01 4.900009e-01 2.517838e-02
4.900009e-01 4.958342e-01 5.016675e-01 2.523189e-02
5.016675e-01 5.075009e-01 5.133342e-01 2.526163e-02
5.133342e-01 5.191675e-01 5.250008e-01 2.526868e-02
5.250008e-01 5.308342e-01 5.366675e-01 2.525410e-02
5.366675e-01 5.425008e-01 5.483342e-01 2.521895e-02
5.483342e-01 5.541675e-01 5.600008e-01 2.516425e-02
5.600008e-01 5.658342e-01 5.716675e-01 2.509100e-02
5.716675e-01 5.775008e-01 5.833342e-01 2.500019e-02
5.833342e-01 5.891675e-01 5.950008e-01 2.489278e-02
5.950008e-01 6.008342e-01 6.066675e-01 2.476969e-02
6.066675e-01 6.125008e-01 6.183342e-01 2.463184e-02
6.183342e-01 6.241675e-01 6.300008e-01 2.448011e-02
6.300008e-01 6.358342e-01 6.416675e-01 2.431535e-02
6.416675e-01 6.475008e-01 6.533341e-01 2.413839e-02
6.533341e-01 6.591675e-01 6.650008e-01 2.395002e-02
6.650008e-01 6.708341e-01 6.766675e-01 2.375102e-02
6.766675e-01 6.825008e-01 6.883341e-01 2.354213e-02
6.883341e-01 6.941675e-01 7.000008e-01 2.332406e-02
7.000008e-01 7.058341e-01 7.116675e-01 2.309751e-02
7.116675e-01 7.175008e-01 7.233341e-01 2.286314e-02
7.233341e-01 7.291675e-01 7.350008e-01 2.262158e-02
7.350008e-01 7.408341e-01 7.466675e-01 2.237346e-02
7.466675e-01 7.525008e-01 7.583341e-01 2.211934e-02
7.583341e-01 7.641674e-01 7.700008e-01 2.185980e-02
7.700008e-01 7.758341e-01 7.816674e-01 2.159536e-02
7.816674e-01 7.875008e-01 7.933341e-01 2.132655e-02
7.933341e-01 7.991674e-01 8.050008e-01 2.105385e-02
8.050008e-01 8.108341e-01 8.166674e-01 2.077773e-02
8.166674e-01 8.225008e-01 8.283341e-01 2.049863e-02
8.283341e-01 8.341674e-01 8.400008e-01 2.021697e-02
8.400008e-01 8.458341e-01 8.516674e-01 1.993317e-02
8.516674e-01 8.575008e-01 8.633341e-01 1.964760e-02
8.633341e-01 8.691674e-01 8.750007e-01 1.936063e-02
8.750007e-01 8.808341e-01 8.866674e-01 1.907260e-02
8.866674e-01 8.925007e-01 8.983341e-01 1.878384e-02
8.983341e-01 9.041674e-01 9.100007e-01 1.849465e-02
9.100007e-01 9.158341e-01 9.216674e-01 1.820534e-02
9.216674e-01 9.275007e-01 9.333341e-01 1.791617e-02
9.333341e-01 9.391674e-01 9.450007e-01 1.762741e-02
9.450007e-01 9.508341e-01 9.566674e-01 1.733931e-02
9.566674e-01 9.625007e-01 9.683341e-01 1.705208e-02
9.683341e-01 9.741674e-01 9.800007e-01 1.676596e-02
9.800007e-01 9.858341e-01 9.916674e-01 1.648114e-02
9.916674e-01 9.975007e-01 1.003334e+00 1.619781e-02
1.003334e+00 1.009167e+00 1.015001e+00 1.591616e-02
1.015001e+00 1.020834e+00 1.026667e+00 1.563634e-02
1.026667e+00 1.032501e+00 1.038334e+00 1.535852e-02
1.038334e+00 1.044167e+00 1.050001e+00 1.508284e-02
1.050001e+00 1.055834e+00 1.061667e+00 1.480943e-02
1.061667e+00 1.067501e+00 1.073334e+00 1.453841e-02
1.073334e+00 1.079167e+00 1.085001e+00 1.426990e-02
1.085001e+00 1.090834e+00 1.096667e+00 1.400401e-02
1.096667e+00 1.102501e+00 1.108334e+00 1.374083e-02
1.108334e+00 1.114167e+00 1.120001e+00 1.348044e-02
1.120001e+00 1.125834e+00 1.131667e+00 1.322294e-02
1.131667e+00 1.137501e+00 1.143334e+00 1.296839e-02
1.143334e+00 1.149167e+00 1.155001e+00 1.271686e-02
1.155001e+00 1.160834e+00 1.166667e+00 1.246841e-02
1.166667e+00 1.172501e+00 1.178334e+00 1.222309e-02
1.178334e+00 1.184167e+00 1.190001e+00 1.198095e-02
1.190001e+00 1.195834e+00 1.201667e+00 1.174202e-02
1.201667e+00 1.207501e+00 1.213334e+00 1.150634e-02
1.213334e+00 1.219167e+00 1.225001e+00 1.127395e-02
1.225001e+00 1.230834e+00 1.236667e+00 1.104487e-02
1.236667e+00 1.242501e+00 1.248334e+00 1.081911e-02
1.248334e+00 1.254167e+00 1.260001e+00 1.059670e-02
1.260001e+00 1.265834e+00 1.271667e+00 1.037764e-02
1.271667e+00 1.277501e+00 1.283334e+00 1.016195e-02
1.283334e+00 1.289167e+00 1.295001e+00 9.949620e-03
1.295001e+00 1.300834e+00 1.306667e+00 9.740660e-03
1.306667e+00 1.312501e+00 1.318334e+00 9.535065e-03
1.318334e+00 1.324167e+00 1.330001e+00 9.332829e-03
1.330001e+00 1.335834e+00 1.341667e+00 9.133944e-03
1.341667e+00 1.347501e+00 1.353334e+00 8.938396e-03
1.353334e+00 1.359167e+00 1.365001e+00 8.746174e-03
1.365001e+00 1.370834e+00 1.376667e+00 8.557260e-03
1.376667e+00 1.382501e+00 1.388334e+00 8.371635e-03
1.388334e+00 1.394167e+00 1.400001e+00 8.189278e-03
1.400001e+00 1.405834e+00 1.411667e+00 8.010168e-03
1.411667e+00 1.417501e+00 1.423334e+00 7.834280e-03
1.423334e+00 1.429167e+00 1.435001e+00 7.661587e-03
1.435001e+00 1.440834e+00 1.446667e+00 7.492062e-03
1.446667e+00 1.452501e+00 1.458334e+00 7.325676e-03
1.458334e+00 1.464167e+00 1.470001e+00 7.162398e-03
1.470001e+00 1.475834e+00 1.481667e+00 7.002198e-03
1.481667e+00 1.487501e+00 1.493334e+00 6.845041e-03
1.493334e+00 1.499167e+00 1.505001e+00 6.690896e-03
1.505001e+00 1.510834e+00 1.516667e+00 6.539727e-03
1.516667e+00 1.522501e+00 1.528334e+00 6.391499e-03
1.528334e+00 1.534167e+00 1.540001e+00 6.246176e-03
1.540001e+00 1.545834e+00 1.551667e+00 6.103721e-03
1.551667e+00 1.557501e+00 1.563334e+00 5.964097e-03
1.563334e+00 1.569167e+00 1.575001e+00 5.827267e-03
1.575001e+00 1.580834e+00 1.586667e+00 5.693192e-03
1.586667e+00 1.592501e+00 1.598334e+00 5.561834e-03
1.598334e+00 1.604167e+00 1.610001e+00 5.433154e-03
1.610001e+00 1.615834e+00 1.621667e+00 5.307112e-03
1.621667e+00 1.627501e+00 1.633334e+00 5.183670e-03
1.633334e+00 1.639167e+00 1.645001e+00 5.062789e-03
1.645001e+00 1.650834e+00 1.656667e+00 4.944428e-03
1.656667e+00 1.662501e+00 1.668334e+00 4.828548e-03
1.668334e+00 1.674167e+00 1.680001e+00 4.715109e-03
1.680001e+00 1.685834e+00 1.691667e+00 4.604073e-03
1.691667e+00 1.697501e+00 1.703334e+00 4.495400e-03
1.703334e+00 1.709167e+00 1.715001e+00 4.389050e-03
1.715001e+00 1.720834e+00 1.726667e+00 4.284984e-03
1.726667e+00 1.732501e+00 1.738334e+00 4.183163e-03
1.738334e+00 1.744167e+00 1.750000e+00 4.083548e-03
1.750000e+00 1.755834e+00 1.761667e+00 3.986101e-03
1.761667e+00 1.767500e+00 1.773334e+00 3.890783e-03
1.773334e+00 1.779167e+00 1.785000e+00 3.797556e-03
1.785000e+00 1.790834e+00 1.796667e+00 3.706383e-03
1.796667e+00 1.802500e+00 1.808334e+00 3.617225e-03
1.808334e+00 1.814167e+00 1.820000e+00 3.530046e-03
1.820000e+00 1.825834e+00 1.831667e+00 3.444809e-03
1.831667e+00 1.837500e+00 1.843334e+00 3.361477e-03
1.843334e+00 1.849167e+00 1.855000e+00 3.280015e-03
1.855000e+00 1.860834e+00 1.866667e+00 3.200386e-03
1.866667e+00 1.872500e+00 1.878334e+00 3.122556e-03
1.878334e+00 1.884167e+00 1.890000e+00 3.046488e-03
1.890000e+00 1.895834e+00 1.901667e+00 2.972150e-03
1.901667e+00 1.907500e+00 1.913334e+00 2.899507e-03
1.913334e+00 1.919167e+00 1.925000e+00 2.828525e-03
1.925000e+00 1.930834e+00 1.936667e+00 2.759171e-03
1.936667e+00 1.942500e+00 1.948334e+00 2.691412e-03
1.948334e+00 1.954167e+00 1.960000e+00 2.625217e-03
1.960000e+00 1.965834e+00 1.971667e+00 2.560553e-03
1.971667e+00 1.977500e+00 1.983334e+00 2.497388e-03
1.983334e+00 1.989167e+00 1.995000e+00 2.435693e-03
1.995000e+00 2.000834e+00 2.006667e+00 2.375437e-03
2.006667e+00 2.012500e+00 2.018334e+00 2.316589e-03
2.018334e+00 2.024167e+00 2.030000e+00 2.259120e-03
2.030000e+00 2.035834e+00 2.041667e+00 2.203001e-03
2.041667e+00 2.047500e+00 2.053334e+00 2.148204e-03
2.053334e+00 2.059167e+00 2.065000e+00 2.094701e-03
2.065000e+00 2.070834e+00 2.076667e+00 2.042463e-03
2.076667e+00 2.082500e+00 2.088334e+00 1.991464e-03
2.088334e+00 2.094167e+00 2.100000e+00 1.941677e-03
2.100000e+00 2.105834e+00 2.111667e+00 1.893075e-03
2.111667e+00 2.117500e+00 2.123334e+00 1.845634e-03
2.123334e+00 2.129167e+00 2.135000e+00 1.799327e-03
2.135000e+00 2.140834e+00 2.146667e+00 1.754130e-03
2.146667e+00 2.152500e+00 2.158334e+00 1.710018e-03
2.158334e+00 2.164167e+00 2.170000e+00 1.666967e-03
2.170000e+00 2.175834e+00 2.181667e+00 1.624954e-03
2.181667e+00 2.187500e+00 2.193334e+00 1.583956e-03
2.193334e+00 2.199167e+00 2.205000e+00 1.543950e-03
2.205000e+00 2.210834e+00 2.216667e+00 1.504913e-03
2.216667e+00 2.222500e+00 2.228334e+00 1.466825e-03
2.228334e+00 2.234167e+00 2.240000e+00 1.429663e-03
2.240000e+00 2.245834e+00 2.251667e+00 1.393406e-03
2.251667e+00 2.257500e+00 2.263334e+00 1.358034e-03
2.263334e+00 2.269167e+00 2.275000e+00 1.323527e-03
2.275000e+00 2.280834e+00 2.286667e+00 1.289865e-03
2.286667e+00 2.292500e+00 2.298334e+00 1.257029e-03
2.298334e+00 2.304167e+00 2.310000e+00 1.224999e-03
2.310000e+00 2.315834e+00 2.321667e+00 1.193757e-03
2.321667e+00 2.327500e+00 2.333334e+00 1.163285e-03
2.333334e+00 2.339167e+00 2.345000e+00 1.133565e-03
2.345000e+00 2.350834e+00 2.356667e+00 1.104579e-03
2.356667e+00 2.362500e+00 2.368334e+00 1.076311e-03
2.368334e+00 2.374167e+00 2.380000e+00 1.048743e-03
2.380000e+00 2.385834e+00 2.391667e+00 1.021859e-03
2.391667e+00 2.397500e+00 2.403334e+00 9.956435e-04
2.403334e+00 2.409167e+00 2.415000e+00 9.700800e-04
2.415000e+00 2.420834e+00 2.426667e+00 9.451534e-04
2.426667e+00 2.432500e+00 2.438334e+00 9.208486e-04
2.438334e+00 2.444167e+00 2.450000e+00 8.971509e-04
2.450000e+00 2.455834e+00 2.461667e+00 8.740458e-04
2.461667e+00 2.467500e+00 2.473334e+00 8.515193e-04
2.473334e+00 2.479167e+00 2.485000e+00 8.295575e-04
2.485000e+00 2.490834e+00 2.496667e+00 8.081468e-04
2.496667e+00 2.502500e+00 2.508334e+00 7.872742e-04
2.508334e+00 2.514167e+00 2.520000e+00 7.669266e-04
2.520000e+00 2.525834e+00 2.531667e+00 7.470915e-04
2.531667e+00 2.537500e+00 2.543334e+00 7.277564e-04
2.543334e+00 2.549167e+00 2.555000e+00 7.089094e-04
2.555000e+00 2.560834e+00 2.566667e+00 6.905385e-04
2.566667e+00 2.572500e+00 2.578334e+00 6.726323e-04
2.578334e+00 2.584167e+00 2.590000e+00 6.551794e-04
2.590000e+00 2.595834e+00 2.601667e+00 6.381688e-04
2.601667e+00 2.607500e+00 2.613334e+00 6.215898e-04
2.613334e+00 2.619167e+00 2.625000e+00 6.054318e-04
2.625000e+00 2.630834e+00 2.636667e+00 5.896845e-04
2.636667e+00 2.642500e+00 2.648334e+00 5.743379e-04
2.648334e+00 2.654167e+00 2.660000e+00 5.593821e-04
2.660000e+00 2.665834e+00 2.671667e+00 5.448075e-04
2.671667e+00 2.677500e+00 2.683334e+00 5.306047e-04
2.683334e+00 2.689167e+00 2.695000e+00 5.167647e-04
2.695000e+00 2.700834e+00 2.706667e+00 5.032783e-04
2.706667e+00 2.712500e+00 2.718334e+00 4.901369e-04
2.718334e+00 2.724167e+00 2.730000e+00 4.773320e-04
2.730000e+00 2.735834e+00 2.741667e+00 4.648551e-04
2.741667e+00 2.747500e+00 2.753334e+00 4.526982e-04
2.753334e+00 2.759167e+00 2.765000e+00 4.408533e-04
2.765000e+00 2.770834e+00 2.776667e+00 4.293126e-04
2.776667e+00 2.782500e+00 2.788334e+00 4.180686e-04
2.788334e+00 2.794167e+00 2.800000e+00 4.071138e-04
2.800000e+00 2.805834e+00 2.811667e+00 3.964411e-04
2.811667e+00 2.817500e+00 2.823334e+00 3.860433e-04
2.823334e+00 2.829167e+00 2.835000e+00 3.759136e-04
2.835000e+00 2.840834e+00 2.846667e+00 3.660453e-04
2.846667e+00 2.852500e+00 2.858334e+00 3.564317e-04
2.858334e+00 2.864167e+00 2.870000e+00 3.470665e-04
2.870000e+00 2.875834e+00 2.881667e+00 3.379435e-04
2.881667e+00 2.887500e+00 2.893334e+00 3.290565e-04
2.893334e+00 2.899167e+00 2.905000e+00 3.203996e-04
2.905000e+00 2.910834e+00 2.916667e+00 3.119670e-04
2.916667e+00 2.922500e+00 2.928333e+00 3.037530e-04
2.928333e+00 2.934167e+00 2.940000e+00 2.957520e-04
2.940000e+00 2.945833e+00 2.951667e+00 2.879588e-04
2.951667e+00 2.957500e+00 2.963333e+00 2.803679e-04
2.963333e+00 2.969167e+00 2.975000e+00 2.729743e-04
2.975000e+00 2.980833e+00 2.986667e+00 2.657730e-04
2.986667e+00 2.992500e+00 2.998333e+00 2.587591e-04
2.998333e+00 3.004167e+00 3.010000e+00 2.519278e-04
3.010000e+00 3.015833e+00 3.021667e+00 2.452744e-04
3.021667e+00 3.027500e+00 3.033333e+00 2.387944e-04
3.033333e+00 3.039167e+00 3.045000e+00 2.324835e-04
3.045000e+00 3.050833e+00 3.056667e+00 2.263372e-04
3.056667e+00 3.062500e+00 3.068333e+00 2.203514e-04
3.068333e+00 3.074167e+00 3.080000e+00 2.145219e-04
3.080000e+00 3.085833e+00 3.091667e+00 2.088448e-04
3.091667e+00 3.097500e+00 3.103333e+00 2.033161e-04
3.103333e+00 3.109167e+00 3.115000e+00 1.979321e-04
3.115000e+00 3.120833e+00 3.126667e+00 1.926890e-04
3.126667e+00 3.132500e+00 3.138333e+00 1.875832e-04
3.138333e+00 3.144167e+00 3.150000e+00 1.826112e-04
3.150000e+00 3.155833e+00 3.161667e+00 1.777695e-04
3.161667e+00 3.167500e+00 3.173333e+00 1.730548e-04
3.173333e+00 3.179167e+00 3.185000e+00 1.684638e-04
3.185000e+00 3.190833e+00 3.196667e+00 1.639933e-04
3.196667e+00 3.202500e+00 3.208333e+00 1.596403e-04
3.208333e+00 3.214167e+00 3.220000e+00 1.554015e-04
3.220000e+00 3.225833e+00 3.231667e+00 1.512742e-04
3.231667e+00 3.237500e+00 3.243333e+00 1.472555e-04
3.243333e+00 3.249167e+00 3.255000e+00 1.433424e-04
3.255000e+00 3.260833e+00 3.266667e+00 1.395324e-04
3.266667e+00 3.272500e+00 3.278333e+00 1.358226e-04
3.278333e+00 3.284167e+00 3.290000e+00 1.322106e-04
3.290000e+00 3.295833e+00 3.301667e+00 1.286938e-04
3.301667e+00 3.307500e+00 3.313333e+00 1.252696e-04
3.313333e+00 3.319167e+00 3.325000e+00 1.219358e-04
3.325000e+00 3.330833e+00 3.336667e+00 1.186899e-04
3.336667e+00 3.342500e+00 3.348333e+00 1.155296e-04
3.348333e+00 3.354167e+00 3.360000e+00 1.124528e-04
3.360000e+00 3.365833e+00 3.371667e+00 1.094573e-04
3.371667e+00 3.377500e+00 3.383333e+00 1.065409e-04
3.383333e+00 3.389167e+00 3.395000e+00 1.037016e-04
3.395000e+00 3.400833e+00 3.406667e+00 1.009373e-04
3.406667e+00 3.412500e+00 3.418333e+00 9.824621e-05
3.418333e+00 3.424167e+00 3.430000e+00 9.562627e-05
3.430000e+00 3.435833e+00 3.441667e+00 9.307566e-05
3.441667e+00 3.447500e+00 3.453333e+00 9.059259e-05
3.453333e+00 3.459167e+00 3.465000e+00 8.817527e-05
3.465000e+00 3.470833e+00 3.476667e+00 8.582199e-05
3.476667e+00 3.482500e+00 3.488333e+00 8.353107e-05
3.488333e+00 3.494167e+00 3.500000e+00 8.130088e-05
