1.000000e-06 5.834332e-03 1.166766e-02 3.165840e-05
1.166766e-02 1.750099e-02 2.333433e-02 2.585513e-04
2.333433e-02 2.916766e-02 3.500099e-02 6.616504e-04
3.500099e-02 4.083432e-02 4.666765e-02 1.203569e-03
4.666765e-02 5.250099e-02 5.833432e-02 1.855326e-03
5.833432e-02 6.416765e-02 7.000098e-02 2.593534e-03
7.000098e-02 7.583431e-02 8.166764e-02 3.398917e-03
8.166764e-02 8.750097e-02 9.333431e-02 4.255391e-03
9.333431e-02 9.916764e-02 1.050010e-01 5.149422e-03
1.050010e-01 1.108343e-01 1.166676e-01 6.069563e-03
1.166676e-01 1.225010e-01 1.283343e-01 7.006100e-03
1.283343e-01 1.341676e-01 1.400010e-01 7.950775e-03
1.400010e-01 1.458343e-01 1.516676e-01 8.896565e-03
1.516676e-01 1.575010e-01 1.633343e-01 9.837502e-03
1.633343e-01 1.691676e-01 1.750009e-01 1.076852e-02
1.750009e-01 1.808343e-01 1.866676e-01 1.168535e-02
1.866676e-01 1.925009e-01 1.983343e-01 1.258437e-02
1.983343e-01 2.041676e-01 2.100009e-01 1.346258e-02
2.100009e-01 2.158343e-01 2.216676e-01 1.431746e-02
2.216676e-01 2.275009e-01 2.333343e-01 1.514696e-02
2.333343e-01 2.391676e-01 2.450009e-01 1.594940e-02
2.450009e-01 2.508343e-01 2.566676e-01 1.672346e-02
2.566676e-01 2.625009e-01 2.683343e-01 1.746810e-02
2.683343e-01 2.741676e-01 2.800009e-01 1.818255e-02
2.800009e-01 2.858343e-01 2.916676e-01 1.886627e-02
2.916676e-01 2.975009e-01 3.033342e-01 1.951890e-02
3.033342e-01 3.091676e-01 3.150009e-01 2.014028e-02
3.150009e-01 3.208342e-01 3.266676e-01 2.073038e-02
3.266676e-01 3.325009e-01 3.383342e-01 2.128930e-02
3.383342e-01 3.441676e-01 3.500009e-01 2.181727e-02
3.500009e-01 3.558342e-01 3.616676e-01 2.231460e-02
3.616676e-01 3.675009e-01 3.733342e-01 2.278170e-02
3.733342e-01 3.791676e-01 3.850009e-01 2.321903e-02
3.850009e-01 3.908342e-01 3.966676e-01 2.362715e-02
3.966676e-01 4.025009e-01 4.083342e-01 2.400663e-02
4.083342e-01 4.141675e-01 4.200009e-01 2.435810e-02
4.200009e-01 4.258342e-01 4.316675e-01 2.468223e-02
4.316675e-01 4.375009e-01 4.433342e-01 2.497971e-02
4.433342e-01 4.491675e-01 4.550009e-01 2.525126e-02
4.550009e-01 4.608342e-01 4.666675e-01 2.549761e-02
4.666675e-01 4.725009e-01 4.783342e-01 2.571952e-02
4.783342e-01 4.841675e-01 4.900009e-01 2.591774e-02
4.900009e-01 4.958342e-01 5.016675e-01 2.609303e-02
5.016675e-01 5.075009e-01 5.133342e-01 2.624615e-02
5.133342e-01 5.191675e-01 5.250008e-01 2.637787e-02
5.250008e-01 5.308342e-01 5.366675e-01 2.648895e-02
5.366675e-01 5.425008e-01 5.483342e-01 2.658014e-02
5.483342e-01 5.541675e-01 5.600008e-01 2.665219e-02
5.600008e-01 5.658342e-01 5.716675e-01 2.670583e-02
5.716675e-01 5.775008e-01 5.833342e-01 2.674180e-02
5.833342e-01 5.891675e-01 5.950008e-01 2.676080e-02
5.950008e-01 6.008342e-01 6.066675e-01 2.676355e-02
6.066675e-01 6.125008e-01 6.183342e-01 2.675073e-02
6.183342e-01 6.241675e-01 6.300008e-01 2.672302e-02
6.300008e-01 6.358342e-01 6.416675e-01 2.668108e-02
6.416675e-01 6.475008e-01 6.533341e-01 2.662555e-02
6.533341e-01 6.591675e-01 6.650008e-01 2.655707e-02
6.650008e-01 6.708341e-01 6.766675e-01 2.647624e-02
6.766675e-01 6.825008e-01 6.883341e-01 2.638366e-02
6.883341e-01 6.941675e-01 7.000008e-01 2.627993e-02
7.000008e-01 7.058341e-01 7.116675e-01 2.616559e-02
7.116675e-01 7.175008e-01 7.233341e-01 2.604120e-02
7.233341e-01 7.291675e-01 7.350008e-01 2.590729e-02
7.350008e-01 7.408341e-01 7.466675e-01 2.576438e-02
7.466675e-01 7.525008e-01 7.583341e-01 2.561296e-02
7.583341e-01 7.641674e-01 7.700008e-01 2.545353e-02
7.700008e-01 7.758341e-01 7.816674e-01 2.528654e-02
7.816674e-01 7.875008e-01 7.933341e-01 2.511245e-02
7.933341e-01 7.991674e-01 8.050008e-01 2.493169e-02
8.050008e-01 8.108341e-01 8.166674e-01 2.474470e-02
8.166674e-01 8.225008e-01 8.283341e-01 2.455187e-02
8.283341e-01 8.341674e-01 8.400008e-01 2.435359e-02
8.400008e-01 8.458341e-01 8.516674e-01 2.415025e-02
8.516674e-01 8.575008e-01 8.633341e-01 2.394221e-02
8.633341e-01 8.691674e-01 8.750007e-01 2.372982e-02
8.750007e-01 8.808341e-01 8.866674e-01 2.351341e-02
8.866674e-01 8.925007e-01 8.983341e-01 2.329332e-02
8.983341e-01 9.041674e-01 9.100007e-01 2.306984e-02
9.100007e-01 9.158341e-01 9.216674e-01 2.284329e-02
9.216674e-01 9.275007e-01 9.333341e-01 2.261395e-02
9.333341e-01 9.391674e-01 9.450007e-01 2.238209e-02
9.450007e-01 9.508341e-01 9.566674e-01 2.214797e-02
9.566674e-01 9.625007e-01 9.683341e-01 2.191186e-02
9.683341e-01 9.741674e-01 9.800007e-01 2.167399e-02
9.800007e-01 9.858341e-01 9.916674e-01 2.143460e-02
9.916674e-01 9.975007e-01 1.003334e+00 2.119390e-02
1.003334e+00 1.009167e+00 1.015001e+00 2.095211e-02
1.015001e+00 1.020834e+00 1.026667e+00 2.070944e-02
1.026667e+00 1.032501e+00 1.038334e+00 2.046606e-02
1.038334e+00 1.044167e+00 1.050001e+00 2.022218e-02
1.050001e+00 1.055834e+00 1.061667e+00 1.997796e-02
1.061667e+00 1.067501e+00 1.073334e+00 1.973358e-02
1.073334e+00 1.079167e+00 1.085001e+00 1.948919e-02
1.085001e+00 1.090834e+00 1.096667e+00 1.924494e-02
1.096667e+00 1.102501e+00 1.108334e+00 1.900098e-02
1.108334e+00 1.114167e+00 1.120001e+00 1.875745e-02
1.120001e+00 1.125834e+00 1.131667e+00 1.851447e-02
1.131667e+00 1.137501e+00 1.143334e+00 1.827218e-02
1.143334e+00 1.149167e+00 1.155001e+00 1.803068e-02
1.155001e+00 1.160834e+00 1.166667e+00 1.779009e-02
1.166667e+00 1.172501e+00 1.178334e+00 1.755051e-02
1.178334e+00 1.184167e+00 1.190001e+00 1.731205e-02
1.190001e+00 1.195834e+00 1.201667e+00 1.707479e-02
1.201667e+00 1.207501e+00 1.213334e+00 1.683882e-02
1.213334e+00 1.219167e+00 1.225001e+00 1.660423e-02
1.225001e+00 1.230834e+00 1.236667e+00 1.637109e-02
1.236667e+00 1.242501e+00 1.248334e+00 1.613948e-02
1.248334e+00 1.254167e+00 1.260001e+00 1.590946e-02
1.260001e+00 1.265834e+00 1.271667e+00 1.568111e-02
1.271667e+00 1.277501e+00 1.283334e+00 1.545447e-02
1.283334e+00 1.289167e+00 1.295001e+00 1.522961e-02
1.295001e+00 1.300834e+00 1.306667e+00 1.500658e-02
1.306667e+00 1.312501e+00 1.318334e+00 1.478542e-02
1.318334e+00 1.324167e+00 1.330001e+00 1.456618e-02
1.330001e+00 1.335834e+00 1.341667e+00 1.434890e-02
1.341667e+00 1.347501e+00 1.353334e+00 1.413362e-02
1.353334e+00 1.359167e+00 1.365001e+00 1.392038e-02
1.365001e+00 1.370834e+00 1.376667e+00 1.370920e-02
1.376667e+00 1.382501e+00 1.388334e+00 1.350011e-02
1.388334e+00 1.394167e+00 1.400001e+00 1.329314e-02
1.400001e+00 1.405834e+00 1.411667e+00 1.308832e-02
1.411667e+00 1.417501e+00 1.423334e+00 1.288565e-02
1.423334e+00 1.429167e+00 1.435001e+00 1.268518e-02
1.435001e+00 1.440834e+00 1.446667e+00 1.248689e-02
1.446667e+00 1.452501e+00 1.458334e+00 1.229082e-02
1.458334e+00 1.464167e+00 1.470001e+00 1.209698e-02
1.470001e+00 1.475834e+00 1.481667e+00 1.190536e-02
1.481667e+00 1.487501e+00 1.493334e+00 1.171599e-02
1.493334e+00 1.499167e+00 1.505001e+00 1.152887e-02
1.505001e+00 1.510834e+00 1.516667e+00 1.134399e-02
1.516667e+00 1.522501e+00 1.528334e+00 1.116137e-02
1.528334e+00 1.534167e+00 1.540001e+00 1.098101e-02
1.540001e+00 1.545834e+00 1.551667e+00 1.080290e-02
1.551667e+00 1.557501e+00 1.563334e+00 1.062704e-02
1.563334e+00 1.569167e+00 1.575001e+00 1.045343e-02
1.575001e+00 1.580834e+00 1.586667e+00 1.028207e-02
1.586667e+00 1.592501e+00 1.598334e+00 1.011294e-02
1.598334e+00 1.604167e+00 1.610001e+00 9.946051e-03
1.610001e+00 1.615834e+00 1.621667e+00 9.781384e-03
1.621667e+00 1.627501e+00 1.633334e+00 9.618933e-03
1.633334e+00 1.639167e+00 1.645001e+00 9.458687e-03
1.645001e+00 1.650834e+00 1.656667e+00 9.300636e-03
1.656667e+00 1.662501e+00 1.668334e+00 9.144769e-03
1.668334e+00 1.674167e+00 1.680001e+00 8.991073e-03
1.680001e+00 1.685834e+00 1.691667e+00 8.839534e-03
1.691667e+00 1.697501e+00 1.703334e+00 8.690140e-03
1.703334e+00 1.709167e+00 1.715001e+00 8.542874e-03
1.715001e+00 1.720834e+00 1.726667e+00 8.397724e-03
1.726667e+00 1.732501e+00 1.738334e+00 8.254671e-03
1.738334e+00 1.744167e+00 1.750000e+00 8.113701e-03
1.750000e+00 1.755834e+00 1.761667e+00 7.974796e-03
1.761667e+00 1.767500e+00 1.773334e+00 7.837940e-03
1.773334e+00 1.779167e+00 1.785000e+00 7.703114e-03
1.785000e+00 1.790834e+00 1.796667e+00 7.570300e-03
1.796667e+00 1.802500e+00 1.808334e+00 7.439481e-03
1.808334e+00 1.814167e+00 1.820000e+00 7.310637e-03
1.820000e+00 1.825834e+00 1.831667e+00 7.183749e-03
1.831667e+00 1.837500e+00 1.843334e+00 7.058798e-03
1.843334e+00 1.849167e+00 1.855000e+00 6.935765e-03
1.855000e+00 1.860834e+00 1.866667e+00 6.814629e-03
1.866667e+00 1.872500e+00 1.878334e+00 6.695370e-03
1.878334e+00 1.884167e+00 1.890000e+00 6.577969e-03
1.890000e+00 1.895834e+00 1.901667e+00 6.462405e-03
1.901667e+00 1.907500e+00 1.913334e+00 6.348657e-03
1.913334e+00 1.919167e+00 1.925000e+00 6.236705e-03
1.925000e+00 1.930834e+00 1.936667e+00 6.126528e-03
1.936667e+00 1.942500e+00 1.948334e+00 6.018106e-03
1.948334e+00 1.954167e+00 1.960000e+00 5.911418e-03
1.960000e+00 1.965834e+00 1.971667e+00 5.806442e-03
1.971667e+00 1.977500e+00 1.983334e+00 5.703159e-03
1.983334e+00 1.989167e+00 1.995000e+00 5.601546e-03
1.995000e+00 2.000834e+00 2.006667e+00 5.501583e-03
2.006667e+00 2.012500e+00 2.018334e+00 5.403250e-03
2.018334e+00 2.024167e+00 2.030000e+00 5.306525e-03
2.030000e+00 2.035834e+00 2.041667e+00 5.211387e-03
2.041667e+00 2.047500e+00 2.053334e+00 5.117817e-03
2.053334e+00 2.059167e+00 2.065000e+00 5.025792e-03
2.065000e+00 2.070834e+00 2.076667e+00 4.935293e-03
2.076667e+00 2.082500e+00 2.088334e+00 4.846299e-03
2.088334e+00 2.094167e+00 2.100000e+00 4.758789e-03
2.100000e+00 2.105834e+00 2.111667e+00 4.672743e-03
2.111667e+00 2.117500e+00 2.123334e+00 4.588141e-03
2.123334e+00 2.129167e+00 2.135000e+00 4.504963e-03
2.135000e+00 2.140834e+00 2.146667e+00 4.423189e-03
2.146667e+00 2.152500e+00 2.158334e+00 4.342798e-03
2.158334e+00 2.164167e+00 2.170000e+00 4.263772e-03
2.170000e+00 2.175834e+00 2.181667e+00 4.186090e-03
2.181667e+00 2.187500e+00 2.193334e+00 4.109732e-03
2.193334e+00 2.199167e+00 2.205000e+00 4.034681e-03
2.205000e+00 2.210834e+00 2.216667e+00 3.960916e-03
2.216667e+00 2.222500e+00 2.228334e+00 3.888418e-03
2.228334e+00 2.234167e+00 2.240000e+00 3.817170e-03
2.240000e+00 2.245834e+00 2.251667e+00 3.747151e-03
2.251667e+00 2.257500e+00 2.263334e+00 3.678344e-03
2.263334e+00 2.269167e+00 2.275000e+00 3.610730e-03
2.275000e+00 2.280834e+00 2.286667e+00 3.544291e-03
2.286667e+00 2.292500e+00 2.298334e+00 3.479009e-03
2.298334e+00 2.304167e+00 2.310000e+00 3.414866e-03
2.310000e+00 2.315834e+00 2.321667e+00 3.351846e-03
2.321667e+00 2.327500e+00 2.333334e+00 3.289929e-03
2.333334e+00 2.339167e+00 2.345000e+00 3.229100e-03
2.345000e+00 2.350834e+00 2.356667e+00 3.169340e-03
2.356667e+00 2.362500e+00 2.368334e+00 3.110634e-03
2.368334e+00 2.374167e+00 2.380000e+00 3.052964e-03
2.380000e+00 2.385834e+00 2.391667e+00 2.996315e-03
2.391667e+00 2.397500e+00 2.403334e+00 2.940669e-03
2.403334e+00 2.409167e+00 2.415000e+00 2.886011e-03
2.415000e+00 2.420834e+00 2.426667e+00 2.832325e-03
2.426667e+00 2.432500e+00 2.438334e+00 2.779595e-03
2.438334e+00 2.444167e+00 2.450000e+00 2.727806e-03
2.450000e+00 2.455834e+00 2.461667e+00 2.676942e-03
2.461667e+00 2.467500e+00 2.473334e+00 2.626989e-03
2.473334e+00 2.479167e+00 2.485000e+00 2.577931e-03
2.485000e+00 2.490834e+00 2.496667e+00 2.529753e-03
2.496667e+00 2.502500e+00 2.508334e+00 2.482442e-03
2.508334e+00 2.514167e+00 2.520000e+00 2.435982e-03
2.520000e+00 2.525834e+00 2.531667e+00 2.390360e-03
2.531667e+00 2.537500e+00 2.543334e+00 2.345562e-03
2.543334e+00 2.549167e+00 2.555000e+00 2.301574e-03
2.555000e+00 2.560834e+00 2.566667e+00 2.258382e-03
2.566667e+00 2.572500e+00 2.578334e+00 2.215974e-03
2.578334e+00 2.584167e+00 2.590000e+00 2.174335e-03
2.590000e+00 2.595834e+00 2.601667e+00 2.133453e-03
2.601667e+00 2.607500e+00 2.613334e+00 2.093314e-03
2.613334e+00 2.619167e+00 2.625000e+00 2.053908e-03
2.625000e+00 2.630834e+00 2.636667e+00 2.015220e-03
2.636667e+00 2.642500e+00 2.648334e+00 1.977238e-03
2.648334e+00 2.654167e+00 2.660000e+00 1.939951e-03
2.660000e+00 2.665834e+00 2.671667e+00 1.903347e-03
2.671667e+00 2.677500e+00 2.683334e+00 1.867414e-03
2.683334e+00 2.689167e+00 2.695000e+00 1.832140e-03
2.695000e+00 2.700834e+00 2.706667e+00 1.797514e-03
2.706667e+00 2.712500e+00 2.718334e+00 1.763524e-03
2.718334e+00 2.724167e+00 2.730000e+00 1.730160e-03
2.730000e+00 2.735834e+00 2.741667e+00 1.697411e-03
2.741667e+00 2.747500e+00 2.753334e+00 1.665265e-03
2.753334e+00 2.759167e+00 2.765000e+00 1.633713e-03
2.765000e+00 2.770834e+00 2.776667e+00 1.602745e-03
2.776667e+00 2.782500e+00 2.788334e+00 1.572349e-03
2.788334e+00 2.794167e+00 2.800000e+00 1.542515e-03
2.800000e+00 2.805834e+00 2.811667e+00 1.513235e-03
2.811667e+00 2.817500e+00 2.823334e+00 1.484498e-03
2.823334e+00 2.829167e+00 2.835000e+00 1.456294e-03
2.835000e+00 2.840834e+00 2.846667e+00 1.428614e-03
2.846667e+00 2.852500e+00 2.858334e+00 1.401449e-03
2.858334e+00 2.864167e+00 2.870000e+00 1.374789e-03
2.870000e+00 2.875834e+00 2.881667e+00 1.348626e-03
2.881667e+00 2.887500e+00 2.893334e+00 1.322951e-03
2.893334e+00 2.899167e+00 2.905000e+00 1.297755e-03
2.905000e+00 2.910834e+00 2.916667e+00 1.273029e-03
2.916667e+00 2.922500e+00 2.928333e+00 1.248765e-03
2.928333e+00 2.934167e+00 2.940000e+00 1.224955e-03
2.940000e+00 2.945833e+00 2.951667e+00 1.201590e-03
2.951667e+00 2.957500e+00 2.963333e+00 1.178663e-03
2.963333e+00 2.969167e+00 2.975000e+00 1.156166e-03
2.975000e+00 2.980833e+00 2.986667e+00 1.134091e-03
2.986667e+00 2.992500e+00 2.998333e+00 1.112430e-03
2.998333e+00 3.004167e+00 3.010000e+00 1.091175e-03
3.010000e+00 3.015833e+00 3.021667e+00 1.070320e-03
3.021667e+00 3.027500e+00 3.033333e+00 1.049857e-03
3.033333e+00 3.039167e+00 3.045000e+00 1.029780e-03
3.045000e+00 3.050833e+00 3.056667e+00 1.010080e-03
3.056667e+00 3.062500e+00 3.068333e+00 9.907511e-04
3.068333e+00 3.074167e+00 3.080000e+00 9.717867e-04
3.080000e+00 3.085833e+00 3.091667e+00 9.531801e-04
3.091667e+00 3.097500e+00 3.103333e+00 9.349247e-04
3.103333e+00 3.109167e+00 3.115000e+00 9.170140e-04
3.115000e+00 3.120833e+00 3.126667e+00 8.994416e-04
3.126667e+00 3.132500e+00 3.138333e+00 8.822015e-04
3.138333e+00 3.144167e+00 3.150000e+00 8.652875e-04
3.150000e+00 3.155833e+00 3.161667e+00 8.486936e-04
3.161667e+00 3.167500e+00 3.173333e+00 8.324139e-04
3.173333e+00 3.179167e+00 3.185000e+00 8.164426e-04
3.185000e+00 3.190833e+00 3.196667e+00 8.007741e-04
3.196667e+00 3.202500e+00 3.208333e+00 7.854026e-04
3.208333e+00 3.214167e+00 3.220000e+00 7.703229e-04
3.220000e+00 3.225833e+00 3.231667e+00 7.555293e-04
3.231667e+00 3.237500e+00 3.243333e+00 7.410168e-04
3.243333e+00 3.249167e+00 3.255000e+00 7.267799e-04
3.255000e+00 3.260833e+00 3.266667e+00 7.128137e-04
3.266667e+00 3.272500e+00 3.278333e+00 6.991131e-04
3.278333e+00 3.284167e+00 3.290000e+00 6.856732e-04
3.290000e+00 3.295833e+00 3.301667e+00 6.724891e-04
3.301667e+00 3.307500e+00 3.313333e+00 6.595560e-04
3.313333e+00 3.319167e+00 3.325000e+00 6.468693e-04
3.325000e+00 3.330833e+00 3.336667e+00 6.344243e-04
3.336667e+00 3.342500e+00 3.348333e+00 6.222166e-04
3.348333e+00 3.354167e+00 3.360000e+00 6.102418e-04
3.360000e+00 3.365833e+00 3.371667e+00 5.984954e-04
3.371667e+00 3.377500e+00 3.383333e+00 5.869733e-04
3.383333e+00 3.389167e+00 3.395000e+00 5.756711e-04
3.395000e+00 3.400833e+00 3.406667e+00 5.645849e-04
3.406667e+00 3.412500e+00 3.418333e+00 5.537104e-04
3.418333e+00 3.424167e+00 3.430000e+00 5.430439e-04
3.430000e+00 3.435833e+00 3.441667e+00 5.325813e-04
3.441667e+00 3.447500e+00 3.453333e+00 5.223188e-04
3.453333e+00 3.459167e+00 3.465000e+00 5.122526e-04
3.465000e+00 3.470833e+00 3.476667e+00 5.023792e-04
3.476667e+00 3.482500e+00 3.488333e+00 4.926948e-04
3.488333e+00 3.494167e+00 3.500000e+00 4.831958e-04
