0 1.969001e-09
1 1.329787e-09
2 8.750581e-10
3 5.771909e-10
4 3.869431e-10
5 2.646566e-10
6 1.834930e-10
7 1.270261e-10
8 8.621417e-11
9 5.646744e-11
10 3.527824e-11
11 2.090641e-11
12 1.175064e-11
13 6.298490e-12
14 3.246731e-12
15 0.000000e+00
16 0.000000e+00
17 0.000000e+00
18 0.000000e+00
19 0.000000e+00
20 3.284346e-09
21 2.263493e-09
22 1.502184e-09
23 9.813024e-10
24 6.491031e-10
25 4.370890e-10
26 3.005084e-10
27 2.085656e-10
28 1.435844e-10
29 9.627869e-11
30 6.196418e-11
31 3.790640e-11
32 2.196482e-11
33 1.208352e-11
34 6.357705e-12
35 0.000000e+00
36 0.000000e+00
37 0.000000e+00
38 0.000000e+00
39 0.000000e+00
40 3.726974e-09
41 2.583080e-09
42 1.720898e-09
43 1.122582e-09
44 7.400857e-10
45 4.963520e-10
46 3.402639e-10
47 2.360404e-10
48 1.628882e-10
49 1.097817e-10
50 7.116256e-11
51 4.387146e-11
52 2.562108e-11
53 1.419335e-11
54 7.508448e-12
55 0.000000e+00
56 0.000000e+00
57 0.000000e+00
58 0.000000e+00
59 0.000000e+00
60 3.978060e-09
61 2.763464e-09
62 1.844385e-09
63 1.202513e-09
64 7.917484e-10
65 5.299154e-10
66 3.627840e-10
67 2.516113e-10
68 1.738319e-10
69 1.174534e-10
70 7.635833e-11
71 4.725441e-11
72 2.769538e-11
73 1.539097e-11
74 8.162466e-12
75 0.000000e+00
76 0.000000e+00
77 0.000000e+00
78 0.000000e+00
79 0.000000e+00
80 4.149692e-09
81 2.887271e-09
82 1.929164e-09
83 1.257206e-09
84 8.270975e-10
85 5.529253e-10
86 3.781902e-10
87 2.622239e-10
88 1.813036e-10
89 1.226633e-10
90 7.990767e-11
91 4.955314e-11
92 2.910300e-11
93 1.620311e-11
94 8.605752e-12
95 0.000000e+00
96 0.000000e+00
97 0.000000e+00
98 0.000000e+00
99 0.000000e+00
100 4.279497e-09
101 2.980762e-09
102 1.993130e-09
103 1.298549e-09
104 8.537642e-10
105 5.702744e-10
106 3.898196e-10
107 2.702729e-10
108 1.869786e-10
109 1.266275e-10
110 8.259247e-11
111 5.129866e-11
112 3.017341e-11
113 1.682091e-11
114 8.942730e-12
115 0.000000e+00
116 0.000000e+00
117 0.000000e+00
118 0.000000e+00
119 0.000000e+00
120 4.385319e-09
121 3.057164e-09
122 2.045374e-09
123 1.332271e-09
124 8.755112e-10
125 5.844558e-10
126 3.993061e-10
127 2.768219e-10
128 1.915544e-10
129 1.298298e-10
130 8.476362e-11
131 5.271080e-11
132 3.104344e-11
133 1.732453e-11
134 9.217937e-12
135 0.000000e+00
136 0.000000e+00
137 0.000000e+00
138 0.000000e+00
139 0.000000e+00
140 4.478567e-09
141 3.123637e-09
142 2.091047e-09
143 1.361839e-09
144 8.944993e-10
145 5.968013e-10
146 4.075765e-10
147 2.825903e-10
148 1.956522e-10
149 1.326939e-10
150 8.671818e-11
151 5.397461e-11
152 3.181270e-11
153 1.776383e-11
154 9.457849e-12
155 0.000000e+00
156 0.000000e+00
157 0.000000e+00
158 0.000000e+00
159 0.000000e+00
160 4.566339e-09
161 3.187453e-09
162 2.134719e-09
163 1.389994e-09
164 9.128147e-10
165 6.087444e-10
166 4.155961e-10
167 2.880644e-10
168 1.994762e-10
169 1.353725e-10
170 8.853015e-11
171 5.515032e-11
172 3.253700e-11
173 1.818491e-11
174 9.687928e-12
175 0.000000e+00
176 0.000000e+00
177 0.000000e+00
178 0.000000e+00
179 0.000000e+00
180 4.668040e-09
181 3.260520e-09
182 2.184667e-09
183 1.422315e-09
184 9.335831e-10
185 6.222714e-10
186 4.246582e-10
187 2.943612e-10
188 2.038972e-10
189 1.384687e-10
190 9.064477e-11
191 5.653124e-11
192 3.337918e-11
193 1.867009e-11
194 9.952211e-12
195 0.000000e+00
196 0.000000e+00
197 0.000000e+00
198 0.000000e+00
199 0.000000e+00
200 6.943071e-09
201 4.944807e-09
202 3.389764e-09
203 2.226204e-09
204 1.446199e-09
205 9.514389e-10
206 6.388360e-10
207 4.383064e-10
208 3.037133e-10
209 2.087508e-10
210 1.396206e-10
211 8.954530e-11
212 5.454667e-11
213 3.145514e-11
214 1.721310e-11
215 0.000000e+00
216 0.000000e+00
217 0.000000e+00
218 0.000000e+00
219 0.000000e+00
220 8.743747e-09
221 6.292725e-09
222 4.368648e-09
223 2.898836e-09
224 1.876550e-09
225 1.227342e-09
226 8.161998e-10
227 5.556381e-10
228 3.839865e-10
229 2.648370e-10
230 1.788621e-10
231 1.163522e-10
232 7.207950e-11
233 4.229212e-11
234 2.351871e-11
235 0.000000e+00
236 0.000000e+00
237 0.000000e+00
238 0.000000e+00
239 0.000000e+00
240 9.787215e-09
241 7.076046e-09
242 4.937819e-09
243 3.291397e-09
244 2.128372e-09
245 1.388691e-09
246 9.194770e-10
247 6.239875e-10
248 4.306630e-10
249 2.974527e-10
250 2.016639e-10
251 1.319437e-10
252 8.229771e-11
253 4.863039e-11
254 2.721792e-11
255 0.000000e+00
256 0.000000e+00
257 0.000000e+00
258 0.000000e+00
259 0.000000e+00
260 1.050230e-08
261 7.612085e-09
262 5.327760e-09
263 3.560286e-09
264 2.301118e-09
265 1.499520e-09
266 9.904758e-10
267 6.708882e-10
268 4.626684e-10
269 3.197868e-10
270 2.173122e-10
271 1.426318e-10
272 8.931184e-11
273 5.297878e-11
274 2.975640e-11
275 0.000000e+00
276 0.000000e+00
277 0.000000e+00
278 0.000000e+00
279 0.000000e+00
280 1.104349e-08
281 8.018617e-09
282 5.622961e-09
283 3.763614e-09
284 2.431768e-09
285 1.582956e-09
286 1.044012e-09
287 7.061358e-10
288 4.867803e-10
289 3.367015e-10
290 2.291374e-10
291 1.507294e-10
292 9.461281e-11
293 5.626457e-11
294 3.167404e-11
295 0.000000e+00
296 0.000000e+00
297 0.000000e+00
298 0.000000e+00
299 0.000000e+00
300 1.148386e-08
301 8.349459e-09
302 5.863256e-09
303 3.929460e-09
304 2.538090e-09
305 1.651206e-09
306 1.087846e-09
307 7.349948e-10
308 5.064997e-10
309 3.504212e-10
310 2.387547e-10
311 1.573227e-10
312 9.893463e-11
313 5.894065e-11
314 3.323699e-11
315 0.000000e+00
316 0.000000e+00
317 0.000000e+00
318 0.000000e+00
319 0.000000e+00
320 1.187241e-08
321 8.641349e-09
322 6.075762e-09
323 4.076049e-09
324 2.631862e-09
325 1.711258e-09
326 1.126435e-09
327 7.604611e-10
328 5.238402e-10
329 3.625846e-10
330 2.472443e-10
331 1.631232e-10
332 1.027377e-10
333 6.130519e-11
334 3.460918e-11
335 0.000000e+00
336 0.000000e+00
337 0.000000e+00
338 0.000000e+00
339 0.000000e+00
340 1.223935e-08
341 8.916658e-09
342 6.275010e-09
343 4.214376e-09
344 2.720608e-09
345 1.768003e-09
346 1.162759e-09
347 7.845307e-10
348 5.403406e-10
349 3.740775e-10
350 2.552705e-10
351 1.685997e-10
352 1.063274e-10
353 6.353030e-11
354 3.591477e-11
355 0.000000e+00
356 0.000000e+00
357 0.000000e+00
358 0.000000e+00
359 0.000000e+00
360 1.266310e-08
361 9.233746e-09
362 6.505489e-09
363 4.373330e-09
364 2.823248e-09
365 1.833619e-09
366 1.205136e-09
367 8.125887e-10
368 5.593082e-10
369 3.873378e-10
370 2.645533e-10
371 1.749540e-10
372 1.104908e-10
373 6.611187e-11
374 3.742160e-11
375 0.000000e+00
376 0.000000e+00
377 0.000000e+00
378 0.000000e+00
379 0.000000e+00
380 1.205025e-08
381 8.829843e-09
382 6.238861e-09
383 4.233404e-09
384 2.753034e-09
385 1.784060e-09
386 1.170303e-09
387 7.847830e-10
388 5.371765e-10
389 3.705231e-10
390 2.528364e-10
391 1.676266e-10
392 1.064831e-10
393 6.426202e-11
394 3.674364e-11
395 0.000000e+00
396 0.000000e+00
397 0.000000e+00
398 0.000000e+00
399 0.000000e+00
400 1.421441e-08
401 1.051827e-08
402 7.490941e-09
403 5.135094e-09
404 3.359535e-09
405 2.167855e-09
406 1.415279e-09
407 9.416963e-10
408 6.408993e-10
409 4.413177e-10
410 3.021613e-10
411 2.018738e-10
412 1.296433e-10
413 7.924184e-11
414 4.590493e-11
415 0.000000e+00
416 0.000000e+00
417 0.000000e+00
418 0.000000e+00
419 0.000000e+00
420 1.571476e-08
421 1.169030e-08
422 8.361490e-09
423 5.761971e-09
424 3.782892e-09
425 2.436123e-09
426 1.585856e-09
427 1.051071e-09
428 7.129194e-10
429 4.905265e-10
430 3.364314e-10
431 2.256680e-10
432 1.457445e-10
433 8.966795e-11
434 5.229133e-11
435 0.000000e+00
436 0.000000e+00
437 0.000000e+00
438 0.000000e+00
439 0.000000e+00
440 1.684873e-08
441 1.257661e-08
442 9.018704e-09
443 6.235866e-09
444 4.102465e-09
445 2.637920e-09
446 1.714745e-09
447 1.133565e-09
448 7.674672e-10
449 5.277370e-10
450 3.623120e-10
451 2.436364e-10
452 1.579032e-10
453 9.754131e-11
454 5.711423e-11
455 0.000000e+00
456 0.000000e+00
457 0.000000e+00
458 0.000000e+00
459 0.000000e+00
460 1.777296e-08
461 1.330052e-08
462 9.556421e-09
463 6.622355e-09
464 4.362354e-09
465 2.803555e-09
466 1.820527e-09
467 1.200957e-09
468 8.121266e-10
469 5.581447e-10
470 3.834653e-10
471 2.583104e-10
472 1.678331e-10
473 1.039726e-10
474 6.105384e-11
475 0.000000e+00
476 0.000000e+00
477 0.000000e+00
478 0.000000e+00
479 0.000000e+00
480 1.858848e-08
481 1.393559e-08
482 1.002815e-08
483 6.962092e-09
484 4.592115e-09
485 2.948337e-09
486 1.912665e-09
487 1.260209e-09
488 8.510664e-10
489 5.847765e-10
490 4.019891e-10
491 2.711816e-10
492 1.765407e-10
493 1.096108e-10
494 6.450782e-11
495 0.000000e+00
496 0.000000e+00
497 0.000000e+00
498 0.000000e+00
499 0.000000e+00
500 1.935835e-08
501 1.453846e-08
502 1.047467e-08
503 7.283936e-09
504 4.808840e-09
505 3.085671e-09
506 2.000540e-09
507 1.316376e-09
508 8.881475e-10
509 6.100538e-10
510 4.196112e-10
511 2.834170e-10
512 1.848209e-10
513 1.149712e-10
514 6.779594e-11
515 0.000000e+00
516 0.000000e+00
517 0.000000e+00
518 0.000000e+00
519 0.000000e+00
520 2.024318e-08
521 1.522961e-08
522 1.098850e-08
523 7.654648e-09
524 5.058574e-09
525 3.243924e-09
526 2.101494e-09
527 1.381104e-09
528 9.306712e-10
529 6.391239e-10
530 4.399104e-10
531 2.975103e-10
532 1.943577e-10
533 1.211209e-10
534 7.155598e-11
535 0.000000e+00
536 0.000000e+00
537 0.000000e+00
538 0.000000e+00
539 0.000000e+00
540 1.758712e-08
541 1.323389e-08
542 9.535848e-09
543 6.628918e-09
544 4.401178e-09
545 2.832146e-09
546 1.838174e-09
547 1.208407e-09
548 8.138315e-10
549 5.572919e-10
550 3.821081e-10
551 2.574711e-10
552 1.677221e-10
553 1.043981e-10
554 6.170119e-11
555 0.000000e+00
556 0.000000e+00
557 0.000000e+00
558 0.000000e+00
559 0.000000e+00
560 2.008180e-08
561 1.526712e-08
562 1.108049e-08
563 7.758891e-09
564 5.196198e-09
565 3.346007e-09
566 2.163594e-09
567 1.413538e-09
568 9.459203e-10
569 6.453194e-10
570 4.424175e-10
571 2.993080e-10
572 1.964219e-10
573 1.234587e-10
574 7.376869e-11
575 0.000000e+00
576 0.000000e+00
577 0.000000e+00
578 0.000000e+00
579 0.000000e+00
580 2.197860e-08
581 1.681573e-08
582 1.225393e-08
583 8.620908e-09
584 5.802721e-09
585 3.738076e-09
586 2.411777e-09
587 1.570245e-09
588 1.046819e-09
589 7.123396e-10
590 4.883591e-10
591 3.311628e-10
592 2.182741e-10
593 1.379780e-10
594 8.296851e-11
595 0.000000e+00
596 0.000000e+00
597 0.000000e+00
598 0.000000e+00
599 0.000000e+00
600 2.351820e-08
601 1.807355e-08
602 1.321345e-08
603 9.321179e-09
604 6.298046e-09
605 4.058954e-09
606 2.614772e-09
607 1.698095e-09
608 1.129440e-09
609 7.671474e-10
610 5.258882e-10
611 3.571682e-10
612 2.361152e-10
613 1.498320e-10
614 9.047883e-11
615 0.000000e+00
616 0.000000e+00
617 0.000000e+00
618 0.000000e+00
619 0.000000e+00
620 2.488142e-08
621 1.918478e-08
622 1.405616e-08
623 9.939763e-09
624 6.732319e-09
625 4.339791e-09
626 2.792171e-09
627 1.810362e-09
628 1.201478e-09
629 8.151345e-10
630 5.587377e-10
631 3.799964e-10
632 2.517740e-10
633 1.602355e-10
634 9.707042e-11
635 0.000000e+00
636 0.000000e+00
637 0.000000e+00
638 0.000000e+00
639 0.000000e+00
640 2.617187e-08
641 2.023894e-08
642 1.485833e-08
643 1.052669e-08
644 7.145607e-09
645 4.608374e-09
646 2.962392e-09
647 1.917399e-09
648 1.270527e-09
649 8.610059e-10
650 5.901445e-10
651 4.017391e-10
652 2.666887e-10
653 1.701460e-10
654 1.033513e-10
655 0.000000e+00
656 0.000000e+00
657 0.000000e+00
658 0.000000e+00
659 0.000000e+00
660 2.765297e-08
661 2.144832e-08
662 1.577863e-08
663 1.120113e-08
664 7.621071e-09
665 4.915591e-09
666 3.156472e-09
667 2.040171e-09
668 1.349475e-09
669 9.135550e-10
670 6.261026e-10
671 4.266742e-10
672 2.837880e-10
673 1.815095e-10
674 1.105500e-10
675 0.000000e+00
676 0.000000e+00
677 0.000000e+00
678 0.000000e+00
679 0.000000e+00
680 2.364354e-08
681 1.826737e-08
682 1.340736e-08
683 9.477741e-09
684 6.432110e-09
685 4.168900e-09
686 2.679547e-09
687 1.739271e-09
688 1.152420e-09
689 7.800560e-10
690 5.334373e-10
691 3.620629e-10
692 2.396538e-10
693 1.525548e-10
694 9.256050e-11
695 0.000000e+00
696 0.000000e+00
697 0.000000e+00
698 0.000000e+00
699 0.000000e+00
700 2.646913e-08
701 2.066869e-08
702 1.528351e-08
703 1.087109e-08
704 7.434789e-09
705 4.843540e-09
706 3.103105e-09
707 2.007392e-09
708 1.321617e-09
709 8.898623e-10
710 6.071125e-10
711 4.126615e-10
712 2.744761e-10
713 1.760367e-10
714 1.077950e-10
715 0.000000e+00
716 0.000000e+00
717 0.000000e+00
718 0.000000e+00
719 0.000000e+00
720 2.877645e-08
721 2.263352e-08
722 1.682416e-08
723 1.201306e-08
724 8.258760e-09
725 5.398164e-09
726 3.452120e-09
727 2.227773e-09
728 1.460845e-09
729 9.800874e-10
730 6.676594e-10
731 4.542319e-10
732 3.030794e-10
733 1.953263e-10
734 1.203138e-10
735 0.000000e+00
736 0.000000e+00
737 0.000000e+00
738 0.000000e+00
739 0.000000e+00
740 3.081307e-08
741 2.436291e-08
742 1.817603e-08
743 1.301617e-08
744 8.981996e-09
745 5.885695e-09
746 3.757840e-09
747 2.421459e-09
748 1.583037e-09
749 1.059286e-09
750 7.207582e-10
751 4.907059e-10
752 3.281560e-10
753 2.122521e-10
754 1.312993e-10
755 0.000000e+00
756 0.000000e+00
757 0.000000e+00
758 0.000000e+00
759 0.000000e+00
760 3.274120e-08
761 2.600500e-08
762 1.946225e-08
763 1.397262e-08
764 9.670152e-09
765 6.349419e-09
766 4.049830e-09
767 2.605503e-09
768 1.699214e-09
769 1.134708e-09
770 7.713368e-10
771 5.253958e-10
772 3.520438e-10
773 2.283480e-10
774 1.417463e-10
775 0.000000e+00
776 0.000000e+00
777 0.000000e+00
778 0.000000e+00
779 0.000000e+00
780 3.496135e-08
781 2.788988e-08
782 2.093996e-08
783 1.506716e-08
784 1.045967e-08
785 6.880694e-09
786 4.383023e-09
787 2.816912e-09
788 1.832275e-09
789 1.221155e-09
790 8.293253e-10
791 5.651840e-10
792 3.794225e-10
793 2.468126e-10
794 1.537298e-10
795 0.000000e+00
796 0.000000e+00
797 0.000000e+00
798 0.000000e+00
799 0.000000e+00
800 3.029937e-08
801 2.402556e-08
802 1.797419e-08
803 1.289202e-08
804 8.907306e-09
805 5.863672e-09
806 3.747943e-09
807 2.414865e-09
808 1.575548e-09
809 1.052061e-09
810 7.141707e-10
811 4.853655e-10
812 3.244057e-10
813 2.099437e-10
814 1.301144e-10
815 0.000000e+00
816 0.000000e+00
817 0.000000e+00
818 0.000000e+00
819 0.000000e+00
820 3.353369e-08
821 2.687764e-08
822 2.028222e-08
823 1.462925e-08
824 1.017583e-08
825 6.747623e-09
826 4.311569e-09
827 2.769762e-09
828 1.796483e-09
829 1.192802e-09
830 8.066641e-10
831 5.478731e-10
832 3.672299e-10
833 2.390253e-10
834 1.493005e-10
835 0.000000e+00
836 0.000000e+00
837 0.000000e+00
838 0.000000e+00
839 0.000000e+00
840 3.638587e-08
841 2.939701e-08
842 2.231585e-08
843 1.616600e-08
844 1.129557e-08
845 7.528735e-09
846 4.809101e-09
847 3.083665e-09
848 1.991914e-09
849 1.317011e-09
850 8.881528e-10
851 6.030057e-10
852 4.049907e-10
853 2.646672e-10
854 1.662211e-10
855 0.000000e+00
856 0.000000e+00
857 0.000000e+00
858 0.000000e+00
859 0.000000e+00
860 3.908723e-08
861 3.178666e-08
862 2.424535e-08
863 1.762279e-08
864 1.235857e-08
865 8.270038e-09
866 5.282240e-09
867 3.381165e-09
868 2.177137e-09
869 1.435064e-09
870 9.656259e-10
871 6.553483e-10
872 4.408420e-10
873 2.890125e-10
874 1.822857e-10
875 0.000000e+00
876 0.000000e+00
877 0.000000e+00
878 0.000000e+00
879 0.000000e+00
880 4.220606e-08
881 3.453935e-08
882 2.646712e-08
883 1.930106e-08
884 1.358191e-08
885 9.122658e-09
886 5.825885e-09
887 3.723966e-09
888 2.390404e-09
889 1.570847e-09
890 1.054763e-09
891 7.155525e-10
892 4.820754e-10
893 3.170135e-10
894 2.007636e-10
895 0.000000e+00
896 0.000000e+00
897 0.000000e+00
898 0.000000e+00
899 0.000000e+00
900 3.779562e-08
901 3.075222e-08
902 2.349759e-08
903 1.709746e-08
904 1.199002e-08
905 8.038490e-09
906 5.153765e-09
907 3.295969e-09
908 2.123636e-09
909 1.398124e-09
910 9.390174e-10
911 6.360688e-10
912 4.271959e-10
913 2.798110e-10
914 1.764736e-10
915 0.000000e+00
916 0.000000e+00
917 0.000000e+00
918 0.000000e+00
919 0.000000e+00
920 4.165067e-08
921 3.427172e-08
922 2.643905e-08
923 1.936497e-08
924 1.366003e-08
925 9.230894e-09
926 5.937697e-09
927 3.785209e-09
928 2.428503e-09
929 1.588780e-09
930 1.061443e-09
931 7.172175e-10
932 4.821867e-10
933 3.171612e-10
934 2.013767e-10
935 0.000000e+00
936 0.000000e+00
937 0.000000e+00
938 0.000000e+00
939 0.000000e+00
940 4.531178e-08
941 3.762240e-08
942 2.923887e-08
943 2.152518e-08
944 1.525174e-08
945 1.036699e-08
946 6.686601e-09
947 4.251254e-09
948 2.719250e-09
949 1.770701e-09
950 1.178033e-09
951 7.944910e-10
952 5.345494e-10
953 3.527198e-10
954 2.250842e-10
955 0.000000e+00
956 0.000000e+00
957 0.000000e+00
958 0.000000e+00
959 0.000000e+00
960 4.953612e-08
961 4.147967e-08
962 3.245867e-08
963 2.401071e-08
964 1.708385e-08
965 1.167404e-08
966 7.547045e-09
967 4.789046e-09
968 3.054115e-09
969 1.980149e-09
970 1.312409e-09
971 8.834863e-10
972 5.948164e-10
973 3.936478e-10
974 2.523741e-10
975 0.000000e+00
976 0.000000e+00
977 0.000000e+00
978 0.000000e+00
979 0.000000e+00
980 4.668142e-08
981 3.899804e-08
982 3.050412e-08
983 2.257140e-08
984 1.604577e-08
985 1.095644e-08
986 7.108469e-09
987 4.513888e-09
988 2.884551e-09
989 1.870022e-09
990 1.238615e-09
991 8.324828e-10
992 5.592815e-10
993 3.693036e-10
994 2.363121e-10
995 0.000000e+00
996 0.000000e+00
997 0.000000e+00
998 0.000000e+00
999 0.000000e+00
1000 5.157618e-08
1001 4.362118e-08
1002 3.450815e-08
1003 2.574687e-08
1004 1.841619e-08
1005 1.267294e-08
1006 8.279477e-09
1007 5.245837e-09
1008 3.342732e-09
1009 2.151854e-09
1010 1.415627e-09
1011 9.471442e-10
1012 6.356317e-10
1013 4.207992e-10
1014 2.707892e-10
1015 0.000000e+00
1016 0.000000e+00
1017 0.000000e+00
1018 0.000000e+00
1019 0.000000e+00
1020 5.722466e-08
1021 4.895398e-08
1022 3.912335e-08
1023 2.940917e-08
1024 2.115001e-08
1025 1.465210e-08
1026 9.632187e-09
1027 6.093463e-09
1028 3.872238e-09
1029 2.477216e-09
1030 1.620061e-09
1031 1.079441e-09
1032 7.236631e-10
1033 4.801636e-10
1034 3.105335e-10
1035 0.000000e+00
1036 0.000000e+00
1037 0.000000e+00
1038 0.000000e+00
1039 0.000000e+00
1040 5.804652e-08
1041 4.990617e-08
1042 4.012653e-08
1043 3.033461e-08
1044 2.189300e-08
1045 1.521538e-08
1046 1.006504e-08
1047 6.383372e-09
1048 4.050807e-09
1049 2.583798e-09
1050 1.682618e-09
1051 1.116298e-09
1052 7.460664e-10
1053 4.944184e-10
1054 3.200043e-10
1055 0.000000e+00
1056 0.000000e+00
1057 0.000000e+00
1058 0.000000e+00
1059 0.000000e+00
1060 6.568915e-08
1061 5.736884e-08
1062 4.683170e-08
1063 3.584867e-08
1064 2.609620e-08
1065 1.829451e-08
1066 1.223522e-08
1067 7.781687e-09
1068 4.917493e-09
1069 3.113749e-09
1070 2.009184e-09
1071 1.321881e-09
1072 8.795360e-10
1073 5.829672e-10
1074 3.790404e-10
1075 0.000000e+00
1076 0.000000e+00
1077 0.000000e+00
1078 0.000000e+00
1079 0.000000e+00
1080 7.658731e-08
1081 6.838596e-08
1082 5.716663e-08
1083 4.471390e-08
1084 3.306391e-08
1085 2.346845e-08
1086 1.596893e-08
1087 1.029268e-08
1088 6.467461e-09
1089 4.068888e-09
1090 2.585698e-09
1091 1.674466e-09
1092 1.100950e-09
1093 7.259178e-10
1094 4.729143e-10
1095 0.000000e+00
1096 0.000000e+00
1097 0.000000e+00
1098 0.000000e+00
1099 0.000000e+00
1100 6.369799e-07
1101 4.832734e-07
1102 3.695913e-07
1103 2.650406e-07
1104 1.673315e-07
1105 1.070301e-07
1106 6.675584e-08
1107 0.000000e+00
1108 0.000000e+00
1109 0.000000e+00
1110 0.000000e+00
1111 0.000000e+00
1112 0.000000e+00
1113 0.000000e+00
1114 0.000000e+00
1115 0.000000e+00
1116 0.000000e+00
1117 0.000000e+00
1118 0.000000e+00
1119 0.000000e+00
1120 8.009494e-07
1121 6.087333e-07
1122 4.649809e-07
1123 3.352781e-07
1124 2.117948e-07
1125 1.356919e-07
1126 8.452318e-08
1127 0.000000e+00
1128 0.000000e+00
1129 0.000000e+00
1130 0.000000e+00
1131 0.000000e+00
1132 0.000000e+00
1133 0.000000e+00
1134 0.000000e+00
1135 0.000000e+00
1136 0.000000e+00
1137 0.000000e+00
1138 0.000000e+00
1139 0.000000e+00
1140 9.131455e-07
1141 6.946430e-07
1142 5.301907e-07
1143 3.835248e-07
1144 2.423437e-07
1145 1.553606e-07
1146 9.671135e-08
1147 0.000000e+00
1148 0.000000e+00
1149 0.000000e+00
1150 0.000000e+00
1151 0.000000e+00
1152 0.000000e+00
1153 0.000000e+00
1154 0.000000e+00
1155 0.000000e+00
1156 0.000000e+00
1157 0.000000e+00
1158 0.000000e+00
1159 0.000000e+00
1160 9.981138e-07
1161 7.597164e-07
1162 5.795745e-07
1163 4.200689e-07
1164 2.653921e-07
1165 1.701933e-07
1166 1.059212e-07
1167 0.000000e+00
1168 0.000000e+00
1169 0.000000e+00
1170 0.000000e+00
1171 0.000000e+00
1172 0.000000e+00
1173 0.000000e+00
1174 0.000000e+00
1175 0.000000e+00
1176 0.000000e+00
1177 0.000000e+00
1178 0.000000e+00
1179 0.000000e+00
1180 1.067506e-06
1181 8.129564e-07
1182 6.199076e-07
1183 4.497966e-07
1184 2.841978e-07
1185 1.823032e-07
1186 1.134230e-07
1187 0.000000e+00
1188 0.000000e+00
1189 0.000000e+00
1190 0.000000e+00
1191 0.000000e+00
1192 0.000000e+00
1193 0.000000e+00
1194 0.000000e+00
1195 0.000000e+00
1196 0.000000e+00
1197 0.000000e+00
1198 0.000000e+00
1199 0.000000e+00
1200 1.128406e-06
1201 8.595830e-07
1202 6.553029e-07
1203 4.758751e-07
1204 3.007234e-07
1205 1.929397e-07
1206 1.200174e-07
1207 0.000000e+00
1208 0.000000e+00
1209 0.000000e+00
1210 0.000000e+00
1211 0.000000e+00
1212 0.000000e+00
1213 0.000000e+00
1214 0.000000e+00
1215 0.000000e+00
1216 0.000000e+00
1217 0.000000e+00
1218 0.000000e+00
1219 0.000000e+00
1220 1.186475e-06
1221 9.038309e-07
1222 6.890534e-07
1223 5.006657e-07
1224 3.164078e-07
1225 2.030389e-07
1226 1.262787e-07
1227 0.000000e+00
1228 0.000000e+00
1229 0.000000e+00
1230 0.000000e+00
1231 0.000000e+00
1232 0.000000e+00
1233 0.000000e+00
1234 0.000000e+00
1235 0.000000e+00
1236 0.000000e+00
1237 0.000000e+00
1238 0.000000e+00
1239 0.000000e+00
1240 1.253125e-06
1241 9.547148e-07
1242 7.277900e-07
1243 5.291741e-07
1244 3.344443e-07
1245 2.146676e-07
1246 1.334790e-07
1247 0.000000e+00
1248 0.000000e+00
1249 0.000000e+00
1250 0.000000e+00
1251 0.000000e+00
1252 0.000000e+00
1253 0.000000e+00
1254 0.000000e+00
1255 0.000000e+00
1256 0.000000e+00
1257 0.000000e+00
1258 0.000000e+00
1259 0.000000e+00
1260 4.743013e-07
1261 3.936173e-07
1262 2.960555e-07
1263 2.265300e-07
1264 1.652549e-07
1265 1.007930e-07
1266 6.431014e-08
1267 3.990007e-08
1268 0.000000e+00
1269 0.000000e+00
1270 0.000000e+00
1271 0.000000e+00
1272 0.000000e+00
1273 0.000000e+00
1274 0.000000e+00
1275 0.000000e+00
1276 0.000000e+00
1277 0.000000e+00
1278 0.000000e+00
1279 0.000000e+00
1280 6.140964e-07
1281 5.106014e-07
1282 3.843579e-07
1283 2.938137e-07
1284 2.150075e-07
1285 1.310902e-07
1286 8.387246e-08
1287 5.198108e-08
1288 0.000000e+00
1289 0.000000e+00
1290 0.000000e+00
1291 0.000000e+00
1292 0.000000e+00
1293 0.000000e+00
1294 0.000000e+00
1295 0.000000e+00
1296 0.000000e+00
1297 0.000000e+00
1298 0.000000e+00
1299 0.000000e+00
1300 7.191142e-07
1301 5.988688e-07
1302 4.509887e-07
1303 3.445823e-07
1304 2.525948e-07
1305 1.539557e-07
1306 9.861037e-08
1307 6.108346e-08
1308 0.000000e+00
1309 0.000000e+00
1310 0.000000e+00
1311 0.000000e+00
1312 0.000000e+00
1313 0.000000e+00
1314 0.000000e+00
1315 0.000000e+00
1316 0.000000e+00
1317 0.000000e+00
1318 0.000000e+00
1319 0.000000e+00
1320 8.050120e-07
1321 6.714966e-07
1322 5.053540e-07
1323 3.860051e-07
1324 2.832629e-07
1325 1.726118e-07
1326 1.106352e-07
1327 6.851020e-08
1328 0.000000e+00
1329 0.000000e+00
1330 0.000000e+00
1331 0.000000e+00
1332 0.000000e+00
1333 0.000000e+00
1334 0.000000e+00
1335 0.000000e+00
1336 0.000000e+00
1337 0.000000e+00
1338 0.000000e+00
1339 0.000000e+00
1340 8.804802e-07
1341 7.348391e-07
1342 5.536228e-07
1343 4.227675e-07
1344 3.102075e-07
1345 1.890030e-07
1346 1.210818e-07
1347 7.503526e-08
1348 0.000000e+00
1349 0.000000e+00
1350 0.000000e+00
1351 0.000000e+00
1352 0.000000e+00
1353 0.000000e+00
1354 0.000000e+00
1355 0.000000e+00
1356 0.000000e+00
1357 0.000000e+00
1358 0.000000e+00
1359 0.000000e+00
1360 9.521294e-07
1361 7.949749e-07
1362 5.990173e-07
1363 4.573538e-07
1364 3.357882e-07
1365 2.045642e-07
1366 1.311007e-07
1367 8.115265e-08
1368 0.000000e+00
1369 0.000000e+00
1370 0.000000e+00
1371 0.000000e+00
1372 0.000000e+00
1373 0.000000e+00
1374 0.000000e+00
1375 0.000000e+00
1376 0.000000e+00
1377 0.000000e+00
1378 0.000000e+00
1379 0.000000e+00
1380 1.035449e-06
1381 8.641418e-07
1382 6.512292e-07
1383 4.971342e-07
1384 3.652105e-07
1385 2.224626e-07
1386 1.426241e-07
1387 8.827002e-08
1388 0.000000e+00
1389 0.000000e+00
1390 0.000000e+00
1391 0.000000e+00
1392 0.000000e+00
1393 0.000000e+00
1394 0.000000e+00
1395 0.000000e+00
1396 0.000000e+00
1397 0.000000e+00
1398 0.000000e+00
1399 0.000000e+00
1400 2.482534e-07
1401 2.229442e-07
1402 1.751566e-07
1403 1.305610e-07
1404 1.016135e-07
1405 6.586220e-08
1406 4.257154e-08
1407 2.565001e-08
1408 1.589615e-08
1409 0.000000e+00
1410 0.000000e+00
1411 0.000000e+00
1412 0.000000e+00
1413 0.000000e+00
1414 0.000000e+00
1415 0.000000e+00
1416 0.000000e+00
1417 0.000000e+00
1418 0.000000e+00
1419 0.000000e+00
1420 3.987126e-07
1421 3.594162e-07
1422 2.832923e-07
1423 2.110984e-07
1424 1.642382e-07
1425 1.073428e-07
1426 6.902131e-08
1427 4.161800e-08
1428 2.580030e-08
1429 0.000000e+00
1430 0.000000e+00
1431 0.000000e+00
1432 0.000000e+00
1433 0.000000e+00
1434 0.000000e+00
1435 0.000000e+00
1436 0.000000e+00
1437 0.000000e+00
1438 0.000000e+00
1439 0.000000e+00
1440 5.126394e-07
1441 4.627640e-07
1442 3.651912e-07
1443 2.720959e-07
1444 2.116671e-07
1445 1.387670e-07
1446 8.905482e-08
1447 5.371390e-08
1448 3.330256e-08
1449 0.000000e+00
1450 0.000000e+00
1451 0.000000e+00
1452 0.000000e+00
1453 0.000000e+00
1454 0.000000e+00
1455 0.000000e+00
1456 0.000000e+00
1457 0.000000e+00
1458 0.000000e+00
1459 0.000000e+00
1460 6.056080e-07
1461 5.470996e-07
1462 4.320237e-07
1463 3.218721e-07
1464 2.503707e-07
1465 1.644101e-07
1466 1.054029e-07
1467 6.358457e-08
1468 3.942466e-08
1469 0.000000e+00
1470 0.000000e+00
1471 0.000000e+00
1472 0.000000e+00
1473 0.000000e+00
1474 0.000000e+00
1475 0.000000e+00
1476 0.000000e+00
1477 0.000000e+00
1478 0.000000e+00
1479 0.000000e+00
1480 6.872897e-07
1481 6.211965e-07
1482 4.907425e-07
1483 3.656053e-07
1484 2.843756e-07
1485 1.869402e-07
1486 1.197662e-07
1487 7.225693e-08
1488 4.480354e-08
1489 0.000000e+00
1490 0.000000e+00
1491 0.000000e+00
1492 0.000000e+00
1493 0.000000e+00
1494 0.000000e+00
1495 0.000000e+00
1496 0.000000e+00
1497 0.000000e+00
1498 0.000000e+00
1499 0.000000e+00
1500 7.648250e-07
1501 6.915322e-07
1502 5.464807e-07
1503 4.071186e-07
1504 3.166544e-07
1505 2.083267e-07
1506 1.334005e-07
1507 8.048907e-08
1508 4.990938e-08
1509 0.000000e+00
1510 0.000000e+00
1511 0.000000e+00
1512 0.000000e+00
1513 0.000000e+00
1514 0.000000e+00
1515 0.000000e+00
1516 0.000000e+00
1517 0.000000e+00
1518 0.000000e+00
1519 0.000000e+00
1520 8.540145e-07
1521 7.724394e-07
1522 6.105963e-07
1523 4.548713e-07
1524 3.537847e-07
1525 2.329274e-07
1526 1.490840e-07
1527 8.995849e-08
1528 5.578261e-08
1529 0.000000e+00
1530 0.000000e+00
1531 0.000000e+00
1532 0.000000e+00
1533 0.000000e+00
1534 0.000000e+00
1535 0.000000e+00
1536 0.000000e+00
1537 0.000000e+00
1538 0.000000e+00
1539 0.000000e+00
1540 2.429087e-07
1541 2.312567e-07
1542 1.921689e-07
1543 1.440274e-07
1544 1.101316e-07
1545 8.085191e-08
1546 4.829149e-08
1547 3.053439e-08
1548 1.872761e-08
1549 0.000000e+00
1550 0.000000e+00
1551 0.000000e+00
1552 0.000000e+00
1553 0.000000e+00
1554 0.000000e+00
1555 0.000000e+00
1556 0.000000e+00
1557 0.000000e+00
1558 0.000000e+00
1559 0.000000e+00
1560 3.612259e-07
1561 3.445562e-07
1562 2.869470e-07
1563 2.152369e-07
1564 1.644151e-07
1565 1.211142e-07
1566 7.226076e-08
1567 4.583141e-08
1568 2.807881e-08
1569 0.000000e+00
1570 0.000000e+00
1571 0.000000e+00
1572 0.000000e+00
1573 0.000000e+00
1574 0.000000e+00
1575 0.000000e+00
1576 0.000000e+00
1577 0.000000e+00
1578 0.000000e+00
1579 0.000000e+00
1580 4.577783e-07
1581 4.370147e-07
1582 3.642918e-07
1583 2.733485e-07
1584 2.087138e-07
1585 1.539711e-07
1586 9.182154e-08
1587 5.831506e-08
1588 3.571012e-08
1589 0.000000e+00
1590 0.000000e+00
1591 0.000000e+00
1592 0.000000e+00
1593 0.000000e+00
1594 0.000000e+00
1595 0.000000e+00
1596 0.000000e+00
1597 0.000000e+00
1598 0.000000e+00
1599 0.000000e+00
1600 5.426284e-07
1601 5.182671e-07
1602 4.322624e-07
1603 3.244170e-07
1604 2.476435e-07
1605 1.828459e-07
1606 1.090115e-07
1607 6.928571e-08
1608 4.241652e-08
1609 0.000000e+00
1610 0.000000e+00
1611 0.000000e+00
1612 0.000000e+00
1613 0.000000e+00
1614 0.000000e+00
1615 0.000000e+00
1616 0.000000e+00
1617 0.000000e+00
1618 0.000000e+00
1619 0.000000e+00
1620 6.231661e-07
1621 5.953899e-07
1622 4.967782e-07
1623 3.728899e-07
1624 2.845946e-07
1625 2.102529e-07
1626 1.253278e-07
1627 7.969873e-08
1628 4.878205e-08
1629 0.000000e+00
1630 0.000000e+00
1631 0.000000e+00
1632 0.000000e+00
1633 0.000000e+00
1634 0.000000e+00
1635 0.000000e+00
1636 0.000000e+00
1637 0.000000e+00
1638 0.000000e+00
1639 0.000000e+00
1640 7.158123e-07
1641 6.841080e-07
1642 5.709942e-07
1643 4.286508e-07
1644 3.271013e-07
1645 2.417808e-07
1646 1.440973e-07
1647 9.167745e-08
1648 5.610468e-08
1649 0.000000e+00
1650 0.000000e+00
1651 0.000000e+00
1652 0.000000e+00
1653 0.000000e+00
1654 0.000000e+00
1655 0.000000e+00
1656 0.000000e+00
1657 0.000000e+00
1658 0.000000e+00
1659 0.000000e+00
1660 2.438128e-07
1661 2.418704e-07
1662 2.112373e-07
1663 1.622463e-07
1664 1.215395e-07
1665 9.414621e-08
1666 5.725725e-08
1667 3.782450e-08
1668 2.262282e-08
1669 1.365085e-08
1670 0.000000e+00
1671 0.000000e+00
1672 0.000000e+00
1673 0.000000e+00
1674 0.000000e+00
1675 0.000000e+00
1676 0.000000e+00
1677 0.000000e+00
1678 0.000000e+00
1679 0.000000e+00
1680 3.422550e-07
1681 3.398782e-07
1682 2.972344e-07
1683 2.285077e-07
1684 1.711067e-07
1685 1.326203e-07
1686 8.082927e-08
1687 5.338018e-08
1688 3.190525e-08
1689 1.925446e-08
1690 0.000000e+00
1691 0.000000e+00
1692 0.000000e+00
1693 0.000000e+00
1694 0.000000e+00
1695 0.000000e+00
1696 0.000000e+00
1697 0.000000e+00
1698 0.000000e+00
1699 0.000000e+00
1700 4.287542e-07
1701 4.259958e-07
1702 3.727983e-07
1703 2.867302e-07
1704 2.146604e-07
1705 1.664266e-07
1706 1.015415e-07
1707 6.704859e-08
1708 4.006152e-08
1709 2.417822e-08
1710 0.000000e+00
1711 0.000000e+00
1712 0.000000e+00
1713 0.000000e+00
1714 0.000000e+00
1715 0.000000e+00
1716 0.000000e+00
1717 0.000000e+00
1718 0.000000e+00
1719 0.000000e+00
1720 5.108632e-07
1721 5.077426e-07
1722 4.445271e-07
1723 3.419978e-07
1724 2.560036e-07
1725 1.985172e-07
1726 1.212026e-07
1727 8.002333e-08
1728 4.780385e-08
1729 2.885210e-08
1730 0.000000e+00
1731 0.000000e+00
1732 0.000000e+00
1733 0.000000e+00
1734 0.000000e+00
1735 0.000000e+00
1736 0.000000e+00
1737 0.000000e+00
1738 0.000000e+00
1739 0.000000e+00
1740 6.053268e-07
1741 6.017893e-07
1742 5.270486e-07
1743 4.055813e-07
1744 3.035675e-07
1745 2.354363e-07
1746 1.438219e-07
1747 9.495030e-08
1748 5.671112e-08
1749 3.422922e-08
1750 0.000000e+00
1751 0.000000e+00
1752 0.000000e+00
1753 0.000000e+00
1754 0.000000e+00
1755 0.000000e+00
1756 0.000000e+00
1757 0.000000e+00
1758 0.000000e+00
1759 0.000000e+00
1760 1.492664e-07
1761 1.524946e-07
1762 1.385451e-07
1763 1.096647e-07
1764 8.150073e-08
1765 6.352571e-08
1766 4.176289e-08
1767 2.663954e-08
1768 1.575403e-08
1769 9.606091e-09
1770 0.000000e+00
1771 0.000000e+00
1772 0.000000e+00
1773 0.000000e+00
1774 0.000000e+00
1775 0.000000e+00
1776 0.000000e+00
1777 0.000000e+00
1778 0.000000e+00
1779 0.000000e+00
1780 2.484605e-07
1781 2.542203e-07
1782 2.314602e-07
1783 1.835679e-07
1784 1.364162e-07
1785 1.062791e-07
1786 7.023421e-08
1787 4.463385e-08
1788 2.641333e-08
1789 1.611024e-08
1790 0.000000e+00
1791 0.000000e+00
1792 0.000000e+00
1793 0.000000e+00
1794 0.000000e+00
1795 0.000000e+00
1796 0.000000e+00
1797 0.000000e+00
1798 0.000000e+00
1799 0.000000e+00
1800 3.356975e-07
1801 3.436858e-07
1802 3.131797e-07
1803 2.485684e-07
1804 1.847165e-07
1805 1.438818e-07
1806 9.527752e-08
1807 6.046064e-08
1808 3.578896e-08
1809 2.183107e-08
1810 0.000000e+00
1811 0.000000e+00
1812 0.000000e+00
1813 0.000000e+00
1814 0.000000e+00
1815 0.000000e+00
1816 0.000000e+00
1817 0.000000e+00
1818 0.000000e+00
1819 0.000000e+00
1820 4.185092e-07
1821 4.286128e-07
1822 3.907536e-07
1823 3.102714e-07
1824 2.305665e-07
1825 1.795769e-07
1826 1.190504e-07
1827 7.548456e-08
1828 4.468897e-08
1829 2.726169e-08
1830 0.000000e+00
1831 0.000000e+00
1832 0.000000e+00
1833 0.000000e+00
1834 0.000000e+00
1835 0.000000e+00
1836 0.000000e+00
1837 0.000000e+00
1838 0.000000e+00
1839 0.000000e+00
1840 5.137802e-07
1841 5.263175e-07
1842 4.799988e-07
1843 3.812579e-07
1844 2.833149e-07
1845 2.206426e-07
1846 1.464000e-07
1847 9.276888e-08
1848 5.492802e-08
1849 3.350936e-08
1850 0.000000e+00
1851 0.000000e+00
1852 0.000000e+00
1853 0.000000e+00
1854 0.000000e+00
1855 0.000000e+00
1856 0.000000e+00
1857 0.000000e+00
1858 0.000000e+00
1859 0.000000e+00
1860 1.700342e-07
1861 1.781489e-07
1862 1.677521e-07
1863 1.374911e-07
1864 1.025012e-07
1865 7.889837e-08
1866 5.642956e-08
1867 3.384771e-08
1868 2.065109e-08
1869 1.252195e-08
1870 0.000000e+00
1871 0.000000e+00
1872 0.000000e+00
1873 0.000000e+00
1874 0.000000e+00
1875 0.000000e+00
1876 0.000000e+00
1877 0.000000e+00
1878 0.000000e+00
1879 0.000000e+00
1880 2.573804e-07
1881 2.698765e-07
1882 2.544177e-07
1883 2.087826e-07
1884 1.556998e-07
1885 1.197772e-07
1886 8.588004e-08
1887 5.143048e-08
1888 3.144042e-08
1889 1.905309e-08
1890 0.000000e+00
1891 0.000000e+00
1892 0.000000e+00
1893 0.000000e+00
1894 0.000000e+00
1895 0.000000e+00
1896 0.000000e+00
1897 0.000000e+00
1898 0.000000e+00
1899 0.000000e+00
1900 3.402952e-07
1901 3.569505e-07
1902 3.366865e-07
1903 2.764573e-07
1904 2.061995e-07
1905 1.585821e-07
1906 1.138365e-07
1907 6.812125e-08
1908 4.168241e-08
1909 2.525290e-08
1910 0.000000e+00
1911 0.000000e+00
1912 0.000000e+00
1913 0.000000e+00
1914 0.000000e+00
1915 0.000000e+00
1916 0.000000e+00
1917 0.000000e+00
1918 0.000000e+00
1919 0.000000e+00
1920 4.356836e-07
1921 4.571238e-07
1922 4.313318e-07
1923 3.543131e-07
1924 2.642964e-07
1925 2.032248e-07
1926 1.459987e-07
1927 8.732298e-08
1928 5.346521e-08
1929 3.238541e-08
1930 0.000000e+00
1931 0.000000e+00
1932 0.000000e+00
1933 0.000000e+00
1934 0.000000e+00
1935 0.000000e+00
1936 0.000000e+00
1937 0.000000e+00
1938 0.000000e+00
1939 0.000000e+00
1940 1.029877e-07
1941 1.100152e-07
1942 1.065513e-07
1943 9.016273e-08
1944 6.796447e-08
1945 5.153747e-08
1946 3.887487e-08
1947 2.279045e-08
1948 1.463529e-08
1949 8.743335e-09
1950 5.197392e-09
1951 0.000000e+00
1952 0.000000e+00
1953 0.000000e+00
1954 0.000000e+00
1955 0.000000e+00
1956 0.000000e+00
1957 0.000000e+00
1958 0.000000e+00
1959 0.000000e+00
1960 1.896050e-07
1961 2.027928e-07
1962 1.967637e-07
1963 1.668687e-07
1964 1.259203e-07
1965 9.539188e-08
1966 7.214040e-08
1967 4.231560e-08
1968 2.725505e-08
1969 1.626594e-08
1970 9.647948e-09
1971 0.000000e+00
1972 0.000000e+00
1973 0.000000e+00
1974 0.000000e+00
1975 0.000000e+00
1976 0.000000e+00
1977 0.000000e+00
1978 0.000000e+00
1979 0.000000e+00
1980 2.719742e-07
1981 2.910226e-07
1982 2.825575e-07
1983 2.398215e-07
1984 1.810420e-07
1985 1.371009e-07
1986 1.037800e-07
1987 6.088724e-08
1988 3.925911e-08
1989 2.342133e-08
1990 1.388112e-08
1991 0.000000e+00
1992 0.000000e+00
1993 0.000000e+00
1994 0.000000e+00
1995 0.000000e+00
1996 0.000000e+00
1997 0.000000e+00
1998 0.000000e+00
1999 0.000000e+00
2000 3.667359e-07
2001 3.925267e-07
2002 3.812590e-07
2003 3.237501e-07
2004 2.444567e-07
2005 1.850850e-07
2006 1.401798e-07
2007 8.225297e-08
2008 5.306916e-08
2009 3.165323e-08
2010 1.875117e-08
2011 0.000000e+00
2012 0.000000e+00
2013 0.000000e+00
2014 0.000000e+00
2015 0.000000e+00
2016 0.000000e+00
2017 0.000000e+00
2018 0.000000e+00
2019 0.000000e+00
2020 1.303021e-07
2021 1.417538e-07
2022 1.410034e-07
2023 1.233857e-07
2024 9.477613e-08
2025 7.093238e-08
2026 5.507059e-08
2027 3.320249e-08
2028 2.189616e-08
2029 1.287210e-08
2030 7.520126e-09
2031 0.000000e+00
2032 0.000000e+00
2033 0.000000e+00
2034 0.000000e+00
2035 0.000000e+00
2036 0.000000e+00
2037 0.000000e+00
2038 0.000000e+00
2039 0.000000e+00
2040 2.116473e-07
2041 2.303884e-07
2042 2.293732e-07
2043 2.009507e-07
2044 1.544800e-07
2045 1.155747e-07
2046 8.977605e-08
2047 5.423319e-08
2048 3.575931e-08
2049 2.100886e-08
2050 1.227754e-08
2051 0.000000e+00
2052 0.000000e+00
2053 0.000000e+00
2054 0.000000e+00
2055 0.000000e+00
2056 0.000000e+00
2057 0.000000e+00
2058 0.000000e+00
2059 0.000000e+00
2060 3.052272e-07
2061 3.323539e-07
2062 3.310341e-07
2063 2.901819e-07
2064 2.231635e-07
2065 1.669314e-07
2066 1.297014e-07
2067 7.842703e-08
2068 5.170756e-08
2069 3.036944e-08
2070 1.775049e-08
2071 0.000000e+00
2072 0.000000e+00
2073 0.000000e+00
2074 0.000000e+00
2075 0.000000e+00
2076 0.000000e+00
2077 0.000000e+00
2078 0.000000e+00
2079 0.000000e+00
2080 8.421294e-08
2081 9.288578e-08
2082 9.428195e-08
2083 8.475386e-08
2084 6.640076e-08
2085 4.937267e-08
2086 3.858499e-08
2087 2.451855e-08
2088 1.588988e-08
2089 9.224967e-09
2090 5.461326e-09
2091 0.000000e+00
2092 0.000000e+00
2093 0.000000e+00
2094 0.000000e+00
2095 0.000000e+00
2096 0.000000e+00
2097 0.000000e+00
2098 0.000000e+00
2099 0.000000e+00
2100 1.646859e-07
2101 1.817613e-07
2102 1.846329e-07
2103 1.661787e-07
2104 1.303103e-07
2105 9.687456e-08
2106 7.570689e-08
2107 4.824866e-08
2108 3.121581e-08
2109 1.811549e-08
2110 1.073340e-08
2111 0.000000e+00
2112 0.000000e+00
2113 0.000000e+00
2114 0.000000e+00
2115 0.000000e+00
2116 0.000000e+00
2117 0.000000e+00
2118 0.000000e+00
2119 0.000000e+00
2120 2.572467e-07
2121 2.839866e-07
2122 2.885724e-07
2123 2.598522e-07
2124 2.038702e-07
2125 1.515492e-07
2126 1.184342e-07
2127 7.556244e-08
2128 4.885604e-08
2129 2.834853e-08
2130 1.680159e-08
2131 0.000000e+00
2132 0.000000e+00
2133 0.000000e+00
2134 0.000000e+00
2135 0.000000e+00
2136 0.000000e+00
2137 0.000000e+00
2138 0.000000e+00
2139 0.000000e+00
2140 8.808042e-05
2141 6.677768e-05
2142 5.098963e-05
2143 3.712970e-05
2144 2.316446e-05
2145 1.492959e-05
2146 9.298781e-06
2147 0.000000e+00
2148 0.000000e+00
2149 0.000000e+00
2150 0.000000e+00
2151 0.000000e+00
2152 0.000000e+00
2153 0.000000e+00
2154 0.000000e+00
2155 0.000000e+00
2156 0.000000e+00
2157 0.000000e+00
2158 0.000000e+00
2159 0.000000e+00
2160 6.942478e-05
2161 5.794295e-05
2162 4.356749e-05
2163 3.326469e-05
2164 2.460786e-05
2165 1.480773e-05
2166 9.517529e-06
2167 5.901642e-06
2168 0.000000e+00
2169 0.000000e+00
2170 0.000000e+00
2171 0.000000e+00
2172 0.000000e+00
2173 0.000000e+00
2174 0.000000e+00
2175 0.000000e+00
2176 0.000000e+00
2177 0.000000e+00
2178 0.000000e+00
2179 0.000000e+00
2180 5.690338e-05
2181 5.151785e-05
2182 4.070277e-05
2183 3.027798e-05
2184 2.360881e-05
2185 1.551639e-05
2186 9.974551e-06
2187 5.986092e-06
2188 3.719380e-06
2189 0.000000e+00
2190 0.000000e+00
2191 0.000000e+00
2192 0.000000e+00
2193 0.000000e+00
2194 0.000000e+00
2195 0.000000e+00
2196 0.000000e+00
2197 0.000000e+00
2198 0.000000e+00
2199 0.000000e+00
2200 4.748576e-05
2201 4.542624e-05
2202 3.792781e-05
2203 2.844684e-05
2204 2.170355e-05
2205 1.609851e-05
2206 9.534723e-06
2207 6.070739e-06
2208 3.716425e-06
2209 0.000000e+00
2210 0.000000e+00
2211 0.000000e+00
2212 0.000000e+00
2213 0.000000e+00
2214 0.000000e+00
2215 0.000000e+00
2216 0.000000e+00
2217 0.000000e+00
2218 0.000000e+00
2219 0.000000e+00
2220 4.022163e-05
2221 4.001970e-05
2222 3.507130e-05
2223 2.697857e-05
2224 2.017825e-05
2225 1.568666e-05
2226 9.548065e-06
2227 6.338143e-06
2228 3.784153e-06
2229 2.276741e-06
2230 0.000000e+00
2231 0.000000e+00
2232 0.000000e+00
2233 0.000000e+00
2234 0.000000e+00
2235 0.000000e+00
2236 0.000000e+00
2237 0.000000e+00
2238 0.000000e+00
2239 0.000000e+00
2240 3.439409e-05
2241 3.525806e-05
2242 3.217897e-05
2243 2.556137e-05
2244 1.898223e-05
2245 1.479590e-05
2246 9.821698e-06
2247 6.229456e-06
2248 3.677076e-06
2249 2.247863e-06
2250 0.000000e+00
2251 0.000000e+00
2252 0.000000e+00
2253 0.000000e+00
2254 0.000000e+00
2255 0.000000e+00
2256 0.000000e+00
2257 0.000000e+00
2258 0.000000e+00
2259 0.000000e+00
2260 2.954657e-05
2261 3.101924e-05
2262 2.929061e-05
2263 2.406930e-05
2264 1.794644e-05
2265 1.379922e-05
2266 9.934449e-06
2267 5.924601e-06
2268 3.623156e-06
2269 2.195095e-06
2270 0.000000e+00
2271 0.000000e+00
2272 0.000000e+00
2273 0.000000e+00
2274 0.000000e+00
2275 0.000000e+00
2276 0.000000e+00
2277 0.000000e+00
2278 0.000000e+00
2279 0.000000e+00
2280 2.531346e-05
2281 2.710803e-05
2282 2.634901e-05
2283 2.238755e-05
2284 1.690147e-05
2285 1.279144e-05
2286 9.708033e-06
2287 5.678981e-06
2288 3.672928e-06
2289 2.190623e-06
2290 1.295308e-06
2291 0.000000e+00
2292 0.000000e+00
2293 0.000000e+00
2294 0.000000e+00
2295 0.000000e+00
2296 0.000000e+00
2297 0.000000e+00
2298 0.000000e+00
2299 0.000000e+00
2300 2.161746e-05
2301 2.355018e-05
2302 2.347277e-05
2303 2.059025e-05
2304 1.583586e-05
2305 1.183997e-05
2306 9.211629e-06
2307 5.563500e-06
2308 3.678465e-06
2309 2.160055e-06
2310 1.260104e-06
2311 0.000000e+00
2312 0.000000e+00
2313 0.000000e+00
2314 0.000000e+00
2315 0.000000e+00
2316 0.000000e+00
2317 0.000000e+00
2318 0.000000e+00
2319 0.000000e+00
2320 2.341778e-05
2321 2.588727e-05
2322 2.635688e-05
2323 2.379639e-05
2324 1.870758e-05
2325 1.389943e-05
2326 1.086481e-05
2327 6.970868e-06
2328 4.495017e-06
2329 2.605096e-06
2330 1.546919e-06
2331 0.000000e+00
2332 0.000000e+00
2333 0.000000e+00
2334 0.000000e+00
2335 0.000000e+00
2336 0.000000e+00
2337 0.000000e+00
2338 0.000000e+00
2339 0.000000e+00
