0 2.232082e-09
1 1.517456e-09
2 1.002416e-09
3 6.597377e-10
4 4.404130e-10
5 2.997031e-10
6 2.071595e-10
7 1.434202e-10
8 9.771588e-11
9 6.444834e-11
10 4.065892e-11
11 2.435852e-11
12 1.384396e-11
13 7.496539e-12
14 3.897241e-12
15 0.000000e+00
16 0.000000e+00
17 0.000000e+00
18 0.000000e+00
19 0.000000e+00
20 3.637529e-09
21 2.523019e-09
22 1.686302e-09
23 1.103343e-09
24 7.271000e-10
25 4.874191e-10
26 3.334736e-10
27 2.308659e-10
28 1.590867e-10
29 1.071615e-10
30 6.950833e-11
31 4.294402e-11
32 2.516158e-11
33 1.399631e-11
34 7.434988e-12
35 0.000000e+00
36 0.000000e+00
37 0.000000e+00
38 0.000000e+00
39 0.000000e+00
40 4.198723e-09
41 2.931793e-09
42 1.971208e-09
43 1.290976e-09
44 8.477002e-10
45 5.654875e-10
46 3.851679e-10
47 2.661214e-10
48 1.836711e-10
49 1.243628e-10
50 8.128980e-11
51 5.071921e-11
52 3.002659e-11
53 1.686994e-11
54 9.037956e-12
55 0.000000e+00
56 0.000000e+00
57 0.000000e+00
58 0.000000e+00
59 0.000000e+00
60 4.524646e-09
61 3.169499e-09
62 2.137584e-09
63 1.400728e-09
64 9.182656e-10
65 6.111942e-10
66 4.153266e-10
67 2.866344e-10
68 1.979761e-10
69 1.343694e-10
70 8.816123e-11
71 5.525279e-11
72 3.286965e-11
73 1.855105e-11
74 9.978302e-12
75 0.000000e+00
76 0.000000e+00
77 0.000000e+00
78 0.000000e+00
79 0.000000e+00
80 4.749234e-09
81 3.333401e-09
82 2.251676e-09
83 1.476194e-09
84 9.668566e-10
85 6.426646e-10
86 4.361020e-10
87 3.007878e-10
88 2.078373e-10
89 1.412553e-10
90 9.289034e-11
91 5.837285e-11
92 3.482758e-11
93 1.970926e-11
94 1.062612e-11
95 0.000000e+00
96 0.000000e+00
97 0.000000e+00
98 0.000000e+00
99 0.000000e+00
100 4.919765e-09
101 3.457676e-09
102 2.338625e-09
103 1.533602e-09
104 1.003622e-09
105 6.664740e-10
106 4.518239e-10
107 3.115284e-10
108 2.153165e-10
109 1.464812e-10
110 9.648025e-11
111 6.074525e-11
112 3.631843e-11
113 2.058861e-11
114 1.111776e-11
115 0.000000e+00
116 0.000000e+00
117 0.000000e+00
118 0.000000e+00
119 0.000000e+00
120 5.058156e-09
121 3.558591e-09
122 2.409142e-09
123 1.580292e-09
124 1.033631e-09
125 6.859173e-10
126 4.646705e-10
127 3.202372e-10
128 2.214077e-10
129 1.507555e-10
130 9.940917e-11
131 6.268121e-11
132 3.752628e-11
133 2.130848e-11
134 1.151984e-11
135 0.000000e+00
136 0.000000e+00
137 0.000000e+00
138 0.000000e+00
139 0.000000e+00
140 5.179511e-09
141 3.647188e-09
142 2.470788e-09
143 1.620844e-09
144 1.059932e-09
145 7.029611e-10
146 4.759059e-10
147 3.278781e-10
148 2.267224e-10
149 1.545192e-10
150 1.019511e-10
151 6.435688e-11
152 3.857786e-11
153 2.192946e-11
154 1.186632e-11
155 0.000000e+00
156 0.000000e+00
157 0.000000e+00
158 0.000000e+00
159 0.000000e+00
160 5.296592e-09
161 3.732453e-09
162 2.530452e-09
163 1.660463e-09
164 1.085318e-09
165 7.193887e-10
166 4.867528e-10
167 3.353028e-10
168 2.318648e-10
169 1.580601e-10
170 1.044153e-10
171 6.598743e-11
172 3.960093e-11
173 2.253391e-11
174 1.220514e-11
175 0.000000e+00
176 0.000000e+00
177 0.000000e+00
178 0.000000e+00
179 0.000000e+00
180 5.429128e-09
181 3.828472e-09
182 2.598517e-09
183 1.705011e-09
184 1.113932e-09
185 7.379242e-10
186 4.990366e-10
187 3.436494e-10
188 2.376762e-10
189 1.621374e-10
190 1.072325e-10
191 6.784447e-11
192 4.077130e-11
193 2.322420e-11
194 1.259125e-11
195 0.000000e+00
196 0.000000e+00
197 0.000000e+00
198 0.000000e+00
199 0.000000e+00
200 7.067556e-09
201 5.042981e-09
202 3.464339e-09
203 2.283061e-09
204 1.483605e-09
205 9.754044e-10
206 6.535647e-10
207 4.477008e-10
208 3.098095e-10
209 2.128350e-10
210 1.424951e-10
211 9.159001e-11
212 5.597432e-11
213 3.240368e-11
214 1.780932e-11
215 0.000000e+00
216 0.000000e+00
217 0.000000e+00
218 0.000000e+00
219 0.000000e+00
220 8.913028e-09
221 6.430943e-09
222 4.473298e-09
223 2.979896e-09
224 1.932514e-09
225 1.262592e-09
226 8.379483e-10
227 5.692819e-10
228 3.927073e-10
229 2.706539e-10
230 1.829020e-10
231 1.192308e-10
232 7.410383e-11
233 4.366989e-11
234 2.440213e-11
235 0.000000e+00
236 0.000000e+00
237 0.000000e+00
238 0.000000e+00
239 0.000000e+00
240 1.006122e-08
241 7.300294e-09
242 5.107858e-09
243 3.422382e-09
244 2.220795e-09
245 1.446593e-09
246 9.558801e-10
247 6.464916e-10
248 4.449112e-10
249 3.069121e-10
250 2.082343e-10
251 1.366100e-10
252 8.559296e-11
253 5.087231e-11
254 2.865992e-11
255 0.000000e+00
256 0.000000e+00
257 0.000000e+00
258 0.000000e+00
259 0.000000e+00
260 1.085995e-08
261 7.906468e-09
262 5.550454e-09
263 3.731622e-09
264 2.422445e-09
265 1.575038e-09
266 1.038091e-09
267 7.004783e-10
268 4.813390e-10
269 3.322221e-10
270 2.259201e-10
271 1.487506e-10
272 9.361734e-11
273 5.591048e-11
274 3.164402e-11
275 0.000000e+00
276 0.000000e+00
277 0.000000e+00
278 0.000000e+00
279 0.000000e+00
280 1.146428e-08
281 8.365992e-09
282 5.885964e-09
283 3.965855e-09
284 2.575098e-09
285 1.672461e-09
286 1.100598e-09
287 7.412647e-10
288 5.090174e-10
289 3.514031e-10
290 2.392970e-10
291 1.579300e-10
292 9.968648e-11
293 5.971751e-11
294 3.389831e-11
295 0.000000e+00
296 0.000000e+00
297 0.000000e+00
298 0.000000e+00
299 0.000000e+00
300 1.195960e-08
301 8.741004e-09
302 6.160016e-09
303 4.157009e-09
304 2.699949e-09
305 1.752211e-09
306 1.151705e-09
307 7.746251e-10
308 5.315893e-10
309 3.670420e-10
310 2.502262e-10
311 1.654306e-10
312 1.046433e-10
313 6.283145e-11
314 3.574332e-11
315 0.000000e+00
316 0.000000e+00
317 0.000000e+00
318 0.000000e+00
319 0.000000e+00
320 1.239532e-08
321 9.070605e-09
322 6.401881e-09
323 4.325616e-09
324 2.810151e-09
325 1.822515e-09
326 1.196803e-09
327 8.040587e-10
328 5.514926e-10
329 3.808407e-10
330 2.598458e-10
331 1.720266e-10
332 1.090052e-10
333 6.557030e-11
334 3.736596e-11
335 0.000000e+00
336 0.000000e+00
337 0.000000e+00
338 0.000000e+00
339 0.000000e+00
340 1.280557e-08
341 9.383691e-09
342 6.628516e-09
343 4.485738e-09
344 2.914292e-09
345 1.888994e-09
346 1.238934e-09
347 8.318180e-10
348 5.702460e-10
349 3.939132e-10
350 2.689691e-10
351 1.782917e-10
352 1.131445e-10
353 6.817021e-11
354 3.890531e-11
355 0.000000e+00
356 0.000000e+00
357 0.000000e+00
358 0.000000e+00
359 0.000000e+00
360 1.327857e-08
361 9.742565e-09
362 6.891790e-09
363 4.668232e-09
364 3.033126e-09
365 1.964850e-09
366 1.288284e-09
367 8.640764e-10
368 5.919076e-10
369 4.088904e-10
370 2.794283e-10
371 1.854699e-10
372 1.178898e-10
373 7.114835e-11
374 4.066898e-11
375 0.000000e+00
376 0.000000e+00
377 0.000000e+00
378 0.000000e+00
379 0.000000e+00
380 1.204072e-08
381 8.832073e-09
382 6.243497e-09
383 4.238566e-09
384 2.760785e-09
385 1.789242e-09
386 1.173641e-09
387 7.865116e-10
388 5.380123e-10
389 3.708676e-10
390 2.529696e-10
391 1.677263e-10
392 1.066000e-10
393 6.439327e-11
394 3.686767e-11
395 0.000000e+00
396 0.000000e+00
397 0.000000e+00
398 0.000000e+00
399 0.000000e+00
400 1.422279e-08
401 1.053912e-08
402 7.512225e-09
403 5.152472e-09
404 3.378484e-09
405 2.181392e-09
406 1.423312e-09
407 9.463516e-10
408 6.432827e-10
409 4.426272e-10
410 3.029267e-10
411 2.023945e-10
412 1.300598e-10
413 7.959257e-11
414 4.618758e-11
415 0.000000e+00
416 0.000000e+00
417 0.000000e+00
418 0.000000e+00
419 0.000000e+00
420 1.579525e-08
421 1.177864e-08
422 8.436197e-09
423 5.819578e-09
424 3.832669e-09
425 2.470082e-09
426 1.607260e-09
427 1.063846e-09
428 7.204837e-10
429 4.950295e-10
430 3.392565e-10
431 2.275808e-10
432 1.471470e-10
433 9.070856e-11
434 5.304248e-11
435 0.000000e+00
436 0.000000e+00
437 0.000000e+00
438 0.000000e+00
439 0.000000e+00
440 1.699159e-08
441 1.272334e-08
442 9.141373e-09
443 6.328611e-09
444 4.178617e-09
445 2.691690e-09
446 1.748249e-09
447 1.153763e-09
448 7.795499e-10
449 5.350855e-10
450 3.669873e-10
451 2.468246e-10
452 1.601867e-10
453 9.919607e-11
454 5.828130e-11
455 0.000000e+00
456 0.000000e+00
457 0.000000e+00
458 0.000000e+00
459 0.000000e+00
460 1.797016e-08
461 1.349477e-08
462 9.717500e-09
463 6.745117e-09
464 4.462406e-09
465 2.872437e-09
466 1.863318e-09
467 1.227159e-09
468 8.278034e-10
469 5.677748e-10
470 3.896391e-10
471 2.625386e-10
472 1.708436e-10
473 1.061335e-10
474 6.256387e-11
475 0.000000e+00
476 0.000000e+00
477 0.000000e+00
478 0.000000e+00
479 0.000000e+00
480 1.883298e-08
481 1.417442e-08
482 1.022533e-08
483 7.111464e-09
484 4.712317e-09
485 3.031579e-09
486 1.964618e-09
487 1.291707e-09
488 8.701966e-10
489 5.965216e-10
490 4.095873e-10
491 2.763507e-10
492 1.802065e-10
493 1.122321e-10
494 6.632869e-11
495 0.000000e+00
496 0.000000e+00
497 0.000000e+00
498 0.000000e+00
499 0.000000e+00
500 1.964847e-08
501 1.482038e-08
502 1.070650e-08
503 7.459095e-09
504 4.948909e-09
505 3.182447e-09
506 2.060901e-09
507 1.353192e-09
508 9.105771e-10
509 6.238255e-10
510 4.285130e-10
511 2.894884e-10
512 1.891198e-10
513 1.180300e-10
514 6.990716e-11
515 0.000000e+00
516 0.000000e+00
517 0.000000e+00
518 0.000000e+00
519 0.000000e+00
520 2.058162e-08
521 1.555637e-08
522 1.125651e-08
523 7.856659e-09
524 5.220100e-09
525 3.355690e-09
526 2.170983e-09
527 1.423426e-09
528 9.566593e-10
529 6.550844e-10
530 4.502048e-10
531 3.045316e-10
532 1.993223e-10
533 1.246550e-10
534 7.399574e-11
535 0.000000e+00
536 0.000000e+00
537 0.000000e+00
538 0.000000e+00
539 0.000000e+00
540 1.746893e-08
541 1.314492e-08
542 9.475365e-09
543 6.584684e-09
544 4.372343e-09
545 2.816473e-09
546 1.827339e-09
547 1.201856e-09
548 8.090762e-10
549 5.539174e-10
550 3.796940e-10
551 2.557535e-10
552 1.665580e-10
553 1.036608e-10
554 6.127056e-11
555 0.000000e+00
556 0.000000e+00
557 0.000000e+00
558 0.000000e+00
559 0.000000e+00
560 1.996748e-08
561 1.518711e-08
562 1.102608e-08
563 7.721538e-09
564 5.173077e-09
565 3.334622e-09
566 2.155283e-09
567 1.408969e-09
568 9.425013e-10
569 6.425488e-10
570 4.403441e-10
571 2.977879e-10
572 1.953840e-10
573 1.228114e-10
574 7.340662e-11
575 0.000000e+00
576 0.000000e+00
577 0.000000e+00
578 0.000000e+00
579 0.000000e+00
580 2.190351e-08
581 1.678148e-08
582 1.224106e-08
583 8.615477e-09
584 5.803163e-09
585 3.746868e-09
586 2.415504e-09
587 1.573348e-09
588 1.048132e-09
589 7.124839e-10
590 4.880575e-10
591 3.308007e-10
592 2.180238e-10
593 1.378778e-10
594 8.298430e-11
595 0.000000e+00
596 0.000000e+00
597 0.000000e+00
598 0.000000e+00
599 0.000000e+00
600 2.349938e-08
601 1.808972e-08
602 1.324374e-08
603 9.348562e-09
604 6.322037e-09
605 4.085090e-09
606 2.629603e-09
607 1.708652e-09
608 1.134948e-09
609 7.699521e-10
610 5.271988e-10
611 3.578844e-10
612 2.366011e-10
613 1.502445e-10
614 9.085009e-11
615 0.000000e+00
616 0.000000e+00
617 0.000000e+00
618 0.000000e+00
619 0.000000e+00
620 2.490312e-08
621 1.924038e-08
622 1.412379e-08
623 9.994791e-09
624 6.778377e-09
625 4.383381e-09
626 2.817712e-09
627 1.827546e-09
628 1.211306e-09
629 8.204185e-10
630 5.616471e-10
631 3.817172e-10
632 2.529431e-10
633 1.611238e-10
634 9.777000e-11
635 0.000000e+00
636 0.000000e+00
637 0.000000e+00
638 0.000000e+00
639 0.000000e+00
640 2.623186e-08
641 2.033527e-08
642 1.495938e-08
643 1.060893e-08
644 7.211844e-09
645 4.667231e-09
646 2.997471e-09
647 1.941023e-09
648 1.283875e-09
649 8.685146e-10
650 5.944581e-10
651 4.043980e-10
652 2.684951e-10
653 1.714743e-10
654 1.043522e-10
655 0.000000e+00
656 0.000000e+00
657 0.000000e+00
658 0.000000e+00
659 0.000000e+00
660 2.775404e-08
661 2.158520e-08
662 1.591615e-08
663 1.131085e-08
664 7.707165e-09
665 4.990619e-09
666 3.201636e-09
667 2.070094e-09
668 1.366726e-09
669 9.233904e-10
670 6.318996e-10
671 4.302914e-10
672 2.862527e-10
673 1.832956e-10
674 1.118712e-10
675 0.000000e+00
676 0.000000e+00
677 0.000000e+00
678 0.000000e+00
679 0.000000e+00
680 2.342840e-08
681 1.809277e-08
682 1.327534e-08
683 9.383501e-09
684 6.364665e-09
685 4.125463e-09
686 2.652502e-09
687 1.722448e-09
688 1.141683e-09
689 7.727861e-10
690 5.283830e-10
691 3.585134e-10
692 2.371979e-10
693 1.509134e-10
694 9.152136e-11
695 0.000000e+00
696 0.000000e+00
697 0.000000e+00
698 0.000000e+00
699 0.000000e+00
700 2.624541e-08
701 2.048698e-08
702 1.515091e-08
703 1.077545e-08
704 7.367710e-09
705 4.801567e-09
706 3.077726e-09
707 1.991241e-09
708 1.311252e-09
709 8.828731e-10
710 6.022031e-10
711 4.091734e-10
712 2.720396e-10
713 1.744032e-10
714 1.067622e-10
715 0.000000e+00
716 0.000000e+00
717 0.000000e+00
718 0.000000e+00
719 0.000000e+00
720 2.859086e-08
721 2.249000e-08
722 1.672336e-08
723 1.194446e-08
724 8.210896e-09
725 5.371339e-09
726 3.437524e-09
727 2.218467e-09
728 1.454435e-09
729 9.755997e-10
730 6.641913e-10
731 4.516318e-10
732 3.012210e-10
733 1.940867e-10
734 1.195552e-10
735 0.000000e+00
736 0.000000e+00
737 0.000000e+00
738 0.000000e+00
739 0.000000e+00
740 3.066043e-08
741 2.425410e-08
742 1.811026e-08
743 1.297687e-08
744 8.954607e-09
745 5.875713e-09
746 3.754632e-09
747 2.419282e-09
748 1.580733e-09
749 1.057244e-09
750 7.188760e-10
751 4.890943e-10
752 3.269658e-10
753 2.114527e-10
754 1.308438e-10
755 0.000000e+00
756 0.000000e+00
757 0.000000e+00
758 0.000000e+00
759 0.000000e+00
760 3.261725e-08
761 2.593116e-08
762 1.943005e-08
763 1.395754e-08
764 9.662397e-09
765 6.354874e-09
766 4.057740e-09
767 2.610196e-09
768 1.701080e-09
769 1.135215e-09
770 7.709808e-10
771 5.247508e-10
772 3.514657e-10
773 2.279760e-10
774 1.415837e-10
775 0.000000e+00
776 0.000000e+00
777 0.000000e+00
778 0.000000e+00
779 0.000000e+00
780 3.486863e-08
781 2.785649e-08
782 2.094047e-08
783 1.508244e-08
784 1.047289e-08
785 6.902100e-09
786 4.403457e-09
787 2.828568e-09
788 1.838612e-09
789 1.224249e-09
790 8.305045e-10
791 5.654720e-10
792 3.794480e-10
793 2.468522e-10
794 1.538558e-10
795 0.000000e+00
796 0.000000e+00
797 0.000000e+00
798 0.000000e+00
799 0.000000e+00
800 2.999101e-08
801 2.375859e-08
802 1.776738e-08
803 1.273834e-08
804 8.795935e-09
805 5.787993e-09
806 3.701066e-09
807 2.385079e-09
808 1.557017e-09
809 1.040065e-09
810 7.061608e-10
811 4.798518e-10
812 3.205888e-10
813 2.073492e-10
814 1.284168e-10
815 0.000000e+00
816 0.000000e+00
817 0.000000e+00
818 0.000000e+00
819 0.000000e+00
820 3.321572e-08
821 2.660341e-08
822 2.006707e-08
823 1.447249e-08
824 1.006176e-08
825 6.669220e-09
826 4.264084e-09
827 2.739459e-09
828 1.777811e-09
829 1.180633e-09
830 7.984134e-10
831 5.422043e-10
832 3.632872e-10
833 2.363353e-10
834 1.475364e-10
835 0.000000e+00
836 0.000000e+00
837 0.000000e+00
838 0.000000e+00
839 0.000000e+00
840 3.609128e-08
841 2.914593e-08
842 2.212554e-08
843 1.602977e-08
844 1.119768e-08
845 7.462451e-09
846 4.771367e-09
847 3.058839e-09
848 1.976911e-09
849 1.307254e-09
850 8.813097e-10
851 5.981462e-10
852 4.015515e-10
853 2.623051e-10
854 1.646780e-10
855 0.000000e+00
856 0.000000e+00
857 0.000000e+00
858 0.000000e+00
859 0.000000e+00
860 3.881681e-08
861 3.156378e-08
862 2.408796e-08
863 1.751237e-08
864 1.228116e-08
865 8.219160e-09
866 5.257687e-09
867 3.363928e-09
868 2.166960e-09
869 1.427902e-09
870 9.604252e-10
871 6.514784e-10
872 4.380182e-10
873 2.870487e-10
874 1.810094e-10
875 0.000000e+00
876 0.000000e+00
877 0.000000e+00
878 0.000000e+00
879 0.000000e+00
880 4.195067e-08
881 3.433591e-08
882 2.633046e-08
883 1.921055e-08
884 1.351940e-08
885 9.082918e-09
886 5.810491e-09
887 3.712103e-09
888 2.384073e-09
889 1.565984e-09
890 1.050779e-09
891 7.123760e-10
892 4.796645e-10
893 3.153142e-10
894 1.996690e-10
895 0.000000e+00
896 0.000000e+00
897 0.000000e+00
898 0.000000e+00
899 0.000000e+00
900 3.740479e-08
901 3.039770e-08
902 2.321133e-08
903 1.687755e-08
904 1.182894e-08
905 7.925047e-09
906 5.080748e-09
907 3.250304e-09
908 2.095374e-09
909 1.380246e-09
910 9.273696e-10
911 6.282275e-10
912 4.218272e-10
913 2.761485e-10
914 1.740372e-10
915 0.000000e+00
916 0.000000e+00
917 0.000000e+00
918 0.000000e+00
919 0.000000e+00
920 4.124447e-08
921 3.390556e-08
922 2.613903e-08
923 1.913713e-08
924 1.349318e-08
925 9.111792e-09
926 5.861461e-09
927 3.737943e-09
928 2.399168e-09
929 1.570314e-09
930 1.049355e-09
931 7.091132e-10
932 4.766266e-10
933 3.133568e-10
934 1.988362e-10
935 0.000000e+00
936 0.000000e+00
937 0.000000e+00
938 0.000000e+00
939 0.000000e+00
940 4.491910e-08
941 3.726843e-08
942 2.895431e-08
943 2.131332e-08
944 1.509828e-08
945 1.025751e-08
946 6.618795e-09
947 4.210272e-09
948 2.693723e-09
949 1.754355e-09
950 1.167296e-09
951 7.871343e-10
952 5.294111e-10
953 3.491689e-10
954 2.227032e-10
955 0.000000e+00
956 0.000000e+00
957 0.000000e+00
958 0.000000e+00
959 0.000000e+00
960 4.914061e-08
961 4.112779e-08
962 3.217806e-08
963 2.380883e-08
964 1.693733e-08
965 1.156988e-08
966 7.484347e-09
967 4.751462e-09
968 3.031259e-09
969 1.965195e-09
970 1.302430e-09
971 8.764983e-10
972 5.898653e-10
973 3.901885e-10
974 2.500460e-10
975 0.000000e+00
976 0.000000e+00
977 0.000000e+00
978 0.000000e+00
979 0.000000e+00
980 4.620808e-08
981 3.855254e-08
982 3.012229e-08
983 2.227440e-08
984 1.582509e-08
985 1.079666e-08
986 7.000615e-09
987 4.447360e-09
988 2.842855e-09
989 1.844237e-09
990 1.222245e-09
991 8.218144e-10
992 5.521083e-10
993 3.644365e-10
994 2.330487e-10
995 0.000000e+00
996 0.000000e+00
997 0.000000e+00
998 0.000000e+00
999 0.000000e+00
1000 5.108166e-08
1001 4.315441e-08
1002 3.410715e-08
1003 2.543249e-08
1004 1.818173e-08
1005 1.250326e-08
1006 8.165138e-09
1007 5.176247e-09
1008 3.298495e-09
1009 2.124599e-09
1010 1.398560e-09
1011 9.359159e-10
1012 6.280885e-10
1013 4.156730e-10
1014 2.673390e-10
1015 0.000000e+00
1016 0.000000e+00
1017 0.000000e+00
1018 0.000000e+00
1019 0.000000e+00
1020 5.670632e-08
1021 4.846606e-08
1022 3.870475e-08
1023 2.908223e-08
1024 2.090968e-08
1025 1.447881e-08
1026 9.514238e-09
1027 6.023127e-09
1028 3.827375e-09
1029 2.449946e-09
1030 1.602819e-09
1031 1.068049e-09
1032 7.159701e-10
1033 4.748878e-10
1034 3.069608e-10
1035 0.000000e+00
1036 0.000000e+00
1037 0.000000e+00
1038 0.000000e+00
1039 0.000000e+00
1040 5.747693e-08
1041 4.935819e-08
1042 3.963631e-08
1043 2.993574e-08
1044 2.159111e-08
1045 1.499423e-08
1046 9.910678e-09
1047 6.286378e-09
1048 3.989983e-09
1049 2.546675e-09
1050 1.659685e-09
1051 1.101678e-09
1052 7.364903e-10
1053 4.880182e-10
1054 3.157179e-10
1055 0.000000e+00
1056 0.000000e+00
1057 0.000000e+00
1058 0.000000e+00
1059 0.000000e+00
1060 6.505745e-08
1061 5.674153e-08
1062 4.627180e-08
1063 3.538813e-08
1064 2.574724e-08
1065 1.803865e-08
1066 1.205447e-08
1067 7.666085e-09
1068 4.845951e-09
1069 3.070425e-09
1070 1.982428e-09
1071 1.305028e-09
1072 8.685309e-10
1073 5.756321e-10
1074 3.741254e-10
1075 0.000000e+00
1076 0.000000e+00
1077 0.000000e+00
1078 0.000000e+00
1079 0.000000e+00
1080 7.578276e-08
1081 6.757102e-08
1082 5.640348e-08
1083 4.405504e-08
1084 3.254502e-08
1085 2.308230e-08
1086 1.569076e-08
1087 1.010434e-08
1088 6.351342e-09
1089 3.997411e-09
1090 2.542614e-09
1091 1.648077e-09
1092 1.084440e-09
1093 7.152975e-10
1094 4.659503e-10
1095 0.000000e+00
1096 0.000000e+00
1097 0.000000e+00
1098 0.000000e+00
1099 0.000000e+00
1100 5.534083e-07
1101 4.235963e-07
1102 3.233110e-07
1103 2.331691e-07
1104 1.497893e-07
1105 9.522344e-08
1106 5.950780e-08
1107 0.000000e+00
1108 0.000000e+00
1109 0.000000e+00
1110 0.000000e+00
1111 0.000000e+00
1112 0.000000e+00
1113 0.000000e+00
1114 0.000000e+00
1115 0.000000e+00
1116 0.000000e+00
1117 0.000000e+00
1118 0.000000e+00
1119 0.000000e+00
1120 7.191942e-07
1121 5.532275e-07
1122 4.214980e-07
1123 3.060826e-07
1124 1.980305e-07
1125 1.257524e-07
1126 7.860709e-08
1127 0.000000e+00
1128 0.000000e+00
1129 0.000000e+00
1130 0.000000e+00
1131 0.000000e+00
1132 0.000000e+00
1133 0.000000e+00
1134 0.000000e+00
1135 0.000000e+00
1136 0.000000e+00
1137 0.000000e+00
1138 0.000000e+00
1139 0.000000e+00
1140 8.351052e-07
1141 6.444683e-07
1142 4.907487e-07
1143 3.574699e-07
1144 2.318984e-07
1145 1.471378e-07
1146 9.205014e-08
1147 0.000000e+00
1148 0.000000e+00
1149 0.000000e+00
1150 0.000000e+00
1151 0.000000e+00
1152 0.000000e+00
1153 0.000000e+00
1154 0.000000e+00
1155 0.000000e+00
1156 0.000000e+00
1157 0.000000e+00
1158 0.000000e+00
1159 0.000000e+00
1160 9.237483e-07
1161 7.133574e-07
1162 5.431322e-07
1163 3.963228e-07
1164 2.575538e-07
1165 1.635122e-07
1166 1.022405e-07
1167 0.000000e+00
1168 0.000000e+00
1169 0.000000e+00
1170 0.000000e+00
1171 0.000000e+00
1172 0.000000e+00
1173 0.000000e+00
1174 0.000000e+00
1175 0.000000e+00
1176 0.000000e+00
1177 0.000000e+00
1178 0.000000e+00
1179 0.000000e+00
1180 9.956293e-07
1181 7.696823e-07
1182 5.856955e-07
1183 4.281514e-07
1184 2.786025e-07
1185 1.767842e-07
1186 1.105688e-07
1187 0.000000e+00
1188 0.000000e+00
1189 0.000000e+00
1190 0.000000e+00
1191 0.000000e+00
1192 0.000000e+00
1193 0.000000e+00
1194 0.000000e+00
1195 0.000000e+00
1196 0.000000e+00
1197 0.000000e+00
1198 0.000000e+00
1199 0.000000e+00
1200 1.058884e-06
1201 8.190244e-07
1202 6.232589e-07
1203 4.559682e-07
1204 2.970333e-07
1205 1.884843e-07
1206 1.178728e-07
1207 0.000000e+00
1208 0.000000e+00
1209 0.000000e+00
1210 0.000000e+00
1211 0.000000e+00
1212 0.000000e+00
1213 0.000000e+00
1214 0.000000e+00
1215 0.000000e+00
1216 0.000000e+00
1217 0.000000e+00
1218 0.000000e+00
1219 0.000000e+00
1220 1.118986e-06
1221 8.660687e-07
1222 6.589504e-07
1223 4.824908e-07
1224 3.145188e-07
1225 1.996157e-07
1226 1.248315e-07
1227 0.000000e+00
1228 0.000000e+00
1229 0.000000e+00
1230 0.000000e+00
1231 0.000000e+00
1232 0.000000e+00
1233 0.000000e+00
1234 0.000000e+00
1235 0.000000e+00
1236 0.000000e+00
1237 0.000000e+00
1238 0.000000e+00
1239 0.000000e+00
1240 1.187745e-06
1241 9.198895e-07
1242 6.998397e-07
1243 5.128340e-07
1244 3.346361e-07
1245 2.123263e-07
1246 1.328027e-07
1247 0.000000e+00
1248 0.000000e+00
1249 0.000000e+00
1250 0.000000e+00
1251 0.000000e+00
1252 0.000000e+00
1253 0.000000e+00
1254 0.000000e+00
1255 0.000000e+00
1256 0.000000e+00
1257 0.000000e+00
1258 0.000000e+00
1259 0.000000e+00
1260 4.487953e-07
1261 3.695764e-07
1262 2.797938e-07
1263 2.131167e-07
1264 1.515220e-07
1265 9.481569e-08
1266 6.011861e-08
1267 3.728111e-08
1268 0.000000e+00
1269 0.000000e+00
1270 0.000000e+00
1271 0.000000e+00
1272 0.000000e+00
1273 0.000000e+00
1274 0.000000e+00
1275 0.000000e+00
1276 0.000000e+00
1277 0.000000e+00
1278 0.000000e+00
1279 0.000000e+00
1280 5.851430e-07
1281 4.848193e-07
1282 3.681721e-07
1283 2.800603e-07
1284 2.006989e-07
1285 1.258733e-07
1286 7.993204e-08
1287 4.948231e-08
1288 0.000000e+00
1289 0.000000e+00
1290 0.000000e+00
1291 0.000000e+00
1292 0.000000e+00
1293 0.000000e+00
1294 0.000000e+00
1295 0.000000e+00
1296 0.000000e+00
1297 0.000000e+00
1298 0.000000e+00
1299 0.000000e+00
1300 6.895322e-07
1301 5.732777e-07
1302 4.360904e-07
1303 3.314319e-07
1304 2.385849e-07
1305 1.498213e-07
1306 9.514898e-08
1307 5.885547e-08
1308 0.000000e+00
1309 0.000000e+00
1310 0.000000e+00
1311 0.000000e+00
1312 0.000000e+00
1313 0.000000e+00
1314 0.000000e+00
1315 0.000000e+00
1316 0.000000e+00
1317 0.000000e+00
1318 0.000000e+00
1319 0.000000e+00
1320 7.748546e-07
1321 6.453615e-07
1322 4.912127e-07
1323 3.734814e-07
1324 2.696193e-07
1325 1.693612e-07
1326 1.076490e-07
1327 6.655433e-08
1328 0.000000e+00
1329 0.000000e+00
1330 0.000000e+00
1331 0.000000e+00
1332 0.000000e+00
1333 0.000000e+00
1334 0.000000e+00
1335 0.000000e+00
1336 0.000000e+00
1337 0.000000e+00
1338 0.000000e+00
1339 0.000000e+00
1340 8.499749e-07
1341 7.090184e-07
1342 5.399996e-07
1343 4.102698e-07
1344 2.968665e-07
1345 1.865797e-07
1346 1.186240e-07
1347 7.331373e-08
1348 0.000000e+00
1349 0.000000e+00
1350 0.000000e+00
1351 0.000000e+00
1352 0.000000e+00
1353 0.000000e+00
1354 0.000000e+00
1355 0.000000e+00
1356 0.000000e+00
1357 0.000000e+00
1358 0.000000e+00
1359 0.000000e+00
1360 9.210215e-07
1361 7.694900e-07
1362 5.863452e-07
1363 4.454292e-07
1364 3.227500e-07
1365 2.029365e-07
1366 1.290498e-07
1367 7.973484e-08
1368 0.000000e+00
1369 0.000000e+00
1370 0.000000e+00
1371 0.000000e+00
1372 0.000000e+00
1373 0.000000e+00
1374 0.000000e+00
1375 0.000000e+00
1376 0.000000e+00
1377 0.000000e+00
1378 0.000000e+00
1379 0.000000e+00
1380 1.002600e-06
1381 8.386890e-07
1382 6.394351e-07
1383 4.856908e-07
1384 3.523694e-07
1385 2.216542e-07
1386 1.409804e-07
1387 8.708275e-08
1388 0.000000e+00
1389 0.000000e+00
1390 0.000000e+00
1391 0.000000e+00
1392 0.000000e+00
1393 0.000000e+00
1394 0.000000e+00
1395 0.000000e+00
1396 0.000000e+00
1397 0.000000e+00
1398 0.000000e+00
1399 0.000000e+00
1400 2.497003e-07
1401 2.195767e-07
1402 1.710174e-07
1403 1.285737e-07
1404 9.801777e-08
1405 6.300793e-08
1406 4.033066e-08
1407 2.465237e-08
1408 1.532301e-08
1409 0.000000e+00
1410 0.000000e+00
1411 0.000000e+00
1412 0.000000e+00
1413 0.000000e+00
1414 0.000000e+00
1415 0.000000e+00
1416 0.000000e+00
1417 0.000000e+00
1418 0.000000e+00
1419 0.000000e+00
1420 3.882197e-07
1421 3.439498e-07
1422 2.700828e-07
1423 2.029151e-07
1424 1.550570e-07
1425 1.016090e-07
1426 6.441606e-08
1427 3.948798e-08
1428 2.454425e-08
1429 0.000000e+00
1430 0.000000e+00
1431 0.000000e+00
1432 0.000000e+00
1433 0.000000e+00
1434 0.000000e+00
1435 0.000000e+00
1436 0.000000e+00
1437 0.000000e+00
1438 0.000000e+00
1439 0.000000e+00
1440 4.994461e-07
1441 4.461973e-07
1442 3.518712e-07
1443 2.641783e-07
1444 2.021234e-07
1445 1.334780e-07
1446 8.435312e-08
1447 5.178808e-08
1448 3.215620e-08
1449 0.000000e+00
1450 0.000000e+00
1451 0.000000e+00
1452 0.000000e+00
1453 0.000000e+00
1454 0.000000e+00
1455 0.000000e+00
1456 0.000000e+00
1457 0.000000e+00
1458 0.000000e+00
1459 0.000000e+00
1460 5.916951e-07
1461 5.301313e-07
1462 4.197924e-07
1463 3.151559e-07
1464 2.412014e-07
1465 1.597217e-07
1466 1.007748e-07
1467 6.195416e-08
1468 3.842499e-08
1469 0.000000e+00
1470 0.000000e+00
1471 0.000000e+00
1472 0.000000e+00
1473 0.000000e+00
1474 0.000000e+00
1475 0.000000e+00
1476 0.000000e+00
1477 0.000000e+00
1478 0.000000e+00
1479 0.000000e+00
1480 6.728426e-07
1481 6.039651e-07
1482 4.789551e-07
1483 3.595501e-07
1484 2.752501e-07
1485 1.828089e-07
1486 1.152616e-07
1487 7.088284e-08
1488 4.393984e-08
1489 0.000000e+00
1490 0.000000e+00
1491 0.000000e+00
1492 0.000000e+00
1493 0.000000e+00
1494 0.000000e+00
1495 0.000000e+00
1496 0.000000e+00
1497 0.000000e+00
1498 0.000000e+00
1499 0.000000e+00
1500 7.499266e-07
1501 6.752668e-07
1502 5.351548e-07
1503 4.017209e-07
1504 3.075936e-07
1505 2.047398e-07
1506 1.289886e-07
1507 7.936445e-08
1508 4.917849e-08
1509 0.000000e+00
1510 0.000000e+00
1511 0.000000e+00
1512 0.000000e+00
1513 0.000000e+00
1514 0.000000e+00
1515 0.000000e+00
1516 0.000000e+00
1517 0.000000e+00
1518 0.000000e+00
1519 0.000000e+00
1520 8.381463e-07
1521 7.556291e-07
1522 5.994724e-07
1523 4.499832e-07
1524 3.446090e-07
1525 2.298389e-07
1526 1.449186e-07
1527 8.907149e-08
1528 5.517390e-08
1529 0.000000e+00
1530 0.000000e+00
1531 0.000000e+00
1532 0.000000e+00
1533 0.000000e+00
1534 0.000000e+00
1535 0.000000e+00
1536 0.000000e+00
1537 0.000000e+00
1538 0.000000e+00
1539 0.000000e+00
1540 2.428827e-07
1541 2.271783e-07
1542 1.861488e-07
1543 1.397626e-07
1544 1.071597e-07
1545 7.597215e-08
1546 4.670363e-08
1547 2.922617e-08
1548 1.793204e-08
1549 0.000000e+00
1550 0.000000e+00
1551 0.000000e+00
1552 0.000000e+00
1553 0.000000e+00
1554 0.000000e+00
1555 0.000000e+00
1556 0.000000e+00
1557 0.000000e+00
1558 0.000000e+00
1559 0.000000e+00
1560 3.564789e-07
1561 3.356844e-07
1562 2.770739e-07
1563 2.085221e-07
1564 1.595011e-07
1565 1.143636e-07
1566 7.016732e-08
1567 4.415177e-08
1568 2.701514e-08
1569 0.000000e+00
1570 0.000000e+00
1571 0.000000e+00
1572 0.000000e+00
1573 0.000000e+00
1574 0.000000e+00
1575 0.000000e+00
1576 0.000000e+00
1577 0.000000e+00
1578 0.000000e+00
1579 0.000000e+00
1580 4.523920e-07
1581 4.274761e-07
1582 3.541808e-07
1583 2.669142e-07
1584 2.039161e-07
1585 1.470120e-07
1586 9.016489e-08
1587 5.687664e-08
1588 3.475198e-08
1589 0.000000e+00
1590 0.000000e+00
1591 0.000000e+00
1592 0.000000e+00
1593 0.000000e+00
1594 0.000000e+00
1595 0.000000e+00
1596 0.000000e+00
1597 0.000000e+00
1598 0.000000e+00
1599 0.000000e+00
1600 5.368828e-07
1601 5.083467e-07
1602 4.221252e-07
1603 3.183736e-07
1604 2.430561e-07
1605 1.757859e-07
1606 1.077936e-07
1607 6.809345e-08
1608 4.157167e-08
1609 0.000000e+00
1610 0.000000e+00
1611 0.000000e+00
1612 0.000000e+00
1613 0.000000e+00
1614 0.000000e+00
1615 0.000000e+00
1616 0.000000e+00
1617 0.000000e+00
1618 0.000000e+00
1619 0.000000e+00
1620 6.171462e-07
1621 5.851713e-07
1622 4.866705e-07
1623 3.672589e-07
1624 2.802382e-07
1625 2.031206e-07
1626 1.245406e-07
1627 7.874925e-08
1628 4.805027e-08
1629 0.000000e+00
1630 0.000000e+00
1631 0.000000e+00
1632 0.000000e+00
1633 0.000000e+00
1634 0.000000e+00
1635 0.000000e+00
1636 0.000000e+00
1637 0.000000e+00
1638 0.000000e+00
1639 0.000000e+00
1640 7.090109e-07
1641 6.731002e-07
1642 5.605455e-07
1643 4.232102e-07
1644 3.227946e-07
1645 2.344063e-07
1646 1.437083e-07
1647 9.094526e-08
1648 5.546529e-08
1649 0.000000e+00
1650 0.000000e+00
1651 0.000000e+00
1652 0.000000e+00
1653 0.000000e+00
1654 0.000000e+00
1655 0.000000e+00
1656 0.000000e+00
1657 0.000000e+00
1658 0.000000e+00
1659 0.000000e+00
1660 2.442030e-07
1661 2.390114e-07
1662 2.058410e-07
1663 1.575169e-07
1664 1.188147e-07
1665 9.001402e-08
1666 5.535507e-08
1667 3.570291e-08
1668 2.151670e-08
1669 1.313824e-08
1670 0.000000e+00
1671 0.000000e+00
1672 0.000000e+00
1673 0.000000e+00
1674 0.000000e+00
1675 0.000000e+00
1676 0.000000e+00
1677 0.000000e+00
1678 0.000000e+00
1679 0.000000e+00
1680 3.413469e-07
1681 3.355052e-07
1682 2.905014e-07
1683 2.230687e-07
1684 1.680098e-07
1685 1.277188e-07
1686 7.904814e-08
1687 5.094237e-08
1688 3.066062e-08
1689 1.870426e-08
1690 0.000000e+00
1691 0.000000e+00
1692 0.000000e+00
1693 0.000000e+00
1694 0.000000e+00
1695 0.000000e+00
1696 0.000000e+00
1697 0.000000e+00
1698 0.000000e+00
1699 0.000000e+00
1700 4.277229e-07
1701 4.213534e-07
1702 3.658842e-07
1703 2.814791e-07
1704 2.118424e-07
1705 1.613152e-07
1706 1.001966e-07
1707 6.453240e-08
1708 3.881733e-08
1709 2.366895e-08
1710 0.000000e+00
1711 0.000000e+00
1712 0.000000e+00
1713 0.000000e+00
1714 0.000000e+00
1715 0.000000e+00
1716 0.000000e+00
1717 0.000000e+00
1718 0.000000e+00
1719 0.000000e+00
1720 5.098012e-07
1721 5.029318e-07
1722 4.375194e-07
1723 3.369870e-07
1724 2.534969e-07
1725 1.932420e-07
1726 1.202953e-07
1727 7.744744e-08
1728 4.656903e-08
1729 2.838711e-08
1730 0.000000e+00
1731 0.000000e+00
1732 0.000000e+00
1733 0.000000e+00
1734 0.000000e+00
1735 0.000000e+00
1736 0.000000e+00
1737 0.000000e+00
1738 0.000000e+00
1739 0.000000e+00
1740 6.037431e-07
1741 5.963012e-07
1742 5.195085e-07
1743 4.005177e-07
1744 3.011719e-07
1745 2.297834e-07
1746 1.432988e-07
1747 9.222912e-08
1748 5.544111e-08
1749 3.378719e-08
1750 0.000000e+00
1751 0.000000e+00
1752 0.000000e+00
1753 0.000000e+00
1754 0.000000e+00
1755 0.000000e+00
1756 0.000000e+00
1757 0.000000e+00
1758 0.000000e+00
1759 0.000000e+00
1760 1.553411e-07
1761 1.565182e-07
1762 1.397916e-07
1763 1.094954e-07
1764 8.180606e-08
1765 6.327912e-08
1766 4.064670e-08
1767 2.603496e-08
1768 1.556350e-08
1769 9.452985e-09
1770 0.000000e+00
1771 0.000000e+00
1772 0.000000e+00
1773 0.000000e+00
1774 0.000000e+00
1775 0.000000e+00
1776 0.000000e+00
1777 0.000000e+00
1778 0.000000e+00
1779 0.000000e+00
1780 2.499899e-07
1781 2.532090e-07
1782 2.277825e-07
1783 1.795090e-07
1784 1.340399e-07
1785 1.036955e-07
1786 6.758542e-08
1787 4.295580e-08
1788 2.573403e-08
1789 1.562626e-08
1790 0.000000e+00
1791 0.000000e+00
1792 0.000000e+00
1793 0.000000e+00
1794 0.000000e+00
1795 0.000000e+00
1796 0.000000e+00
1797 0.000000e+00
1798 0.000000e+00
1799 0.000000e+00
1800 3.371712e-07
1801 3.424188e-07
1802 3.091607e-07
1803 2.444185e-07
1804 1.824821e-07
1805 1.411508e-07
1806 9.268516e-08
1807 5.867309e-08
1808 3.520490e-08
1809 2.137151e-08
1810 0.000000e+00
1811 0.000000e+00
1812 0.000000e+00
1813 0.000000e+00
1814 0.000000e+00
1815 0.000000e+00
1816 0.000000e+00
1817 0.000000e+00
1818 0.000000e+00
1819 0.000000e+00
1820 4.201714e-07
1821 4.273590e-07
1822 3.866559e-07
1823 3.062411e-07
1824 2.286224e-07
1825 1.768241e-07
1826 1.165989e-07
1827 7.364529e-08
1828 4.422863e-08
1829 2.684520e-08
1830 0.000000e+00
1831 0.000000e+00
1832 0.000000e+00
1833 0.000000e+00
1834 0.000000e+00
1835 0.000000e+00
1836 0.000000e+00
1837 0.000000e+00
1838 0.000000e+00
1839 0.000000e+00
1840 5.151672e-07
1841 5.245751e-07
1842 4.753511e-07
1843 3.769986e-07
1844 2.814310e-07
1845 2.176531e-07
1846 1.439687e-07
1847 9.078133e-08
1848 5.455653e-08
1849 3.310998e-08
1850 0.000000e+00
1851 0.000000e+00
1852 0.000000e+00
1853 0.000000e+00
1854 0.000000e+00
1855 0.000000e+00
1856 0.000000e+00
1857 0.000000e+00
1858 0.000000e+00
1859 0.000000e+00
1860 1.733797e-07
1861 1.798327e-07
1862 1.670926e-07
1863 1.354697e-07
1864 1.011218e-07
1865 7.800269e-08
1866 5.421168e-08
1867 3.326213e-08
1868 2.023986e-08
1869 1.225877e-08
1870 0.000000e+00
1871 0.000000e+00
1872 0.000000e+00
1873 0.000000e+00
1874 0.000000e+00
1875 0.000000e+00
1876 0.000000e+00
1877 0.000000e+00
1878 0.000000e+00
1879 0.000000e+00
1880 2.599268e-07
1881 2.704812e-07
1882 2.524987e-07
1883 2.057176e-07
1884 1.537254e-07
1885 1.183675e-07
1886 8.306529e-08
1887 5.071645e-08
1888 3.103162e-08
1889 1.876686e-08
1890 0.000000e+00
1891 0.000000e+00
1892 0.000000e+00
1893 0.000000e+00
1894 0.000000e+00
1895 0.000000e+00
1896 0.000000e+00
1897 0.000000e+00
1898 0.000000e+00
1899 0.000000e+00
1900 3.431330e-07
1901 3.576668e-07
1902 3.346931e-07
1903 2.733741e-07
1904 2.044044e-07
1905 1.572435e-07
1906 1.108847e-07
1907 6.754392e-08
1908 4.144480e-08
1909 2.504442e-08
1910 0.000000e+00
1911 0.000000e+00
1912 0.000000e+00
1913 0.000000e+00
1914 0.000000e+00
1915 0.000000e+00
1916 0.000000e+00
1917 0.000000e+00
1918 0.000000e+00
1919 0.000000e+00
1920 4.383758e-07
1921 4.574653e-07
1922 4.287792e-07
1923 3.508201e-07
1924 2.624166e-07
1925 2.017446e-07
1926 1.427299e-07
1927 8.680660e-08
1928 5.336509e-08
1929 3.223048e-08
1930 0.000000e+00
1931 0.000000e+00
1932 0.000000e+00
1933 0.000000e+00
1934 0.000000e+00
1935 0.000000e+00
1936 0.000000e+00
1937 0.000000e+00
1938 0.000000e+00
1939 0.000000e+00
1940 1.106891e-07
1941 1.170423e-07
1942 1.117581e-07
1943 9.320023e-08
1944 7.002309e-08
1945 5.345112e-08
1946 3.919586e-08
1947 2.341718e-08
1948 1.470320e-08
1949 8.828784e-09
1950 5.307464e-09
1951 0.000000e+00
1952 0.000000e+00
1953 0.000000e+00
1954 0.000000e+00
1955 0.000000e+00
1956 0.000000e+00
1957 0.000000e+00
1958 0.000000e+00
1959 0.000000e+00
1960 1.942314e-07
1961 2.062153e-07
1962 1.980771e-07
1963 1.663418e-07
1964 1.253476e-07
1965 9.540248e-08
1966 7.063292e-08
1967 4.218056e-08
1968 2.669177e-08
1969 1.597654e-08
1970 9.563718e-09
1971 0.000000e+00
1972 0.000000e+00
1973 0.000000e+00
1974 0.000000e+00
1975 0.000000e+00
1976 0.000000e+00
1977 0.000000e+00
1978 0.000000e+00
1979 0.000000e+00
1980 2.773570e-07
1981 2.950402e-07
1982 2.841982e-07
1983 2.394658e-07
1984 1.807233e-07
1985 1.373603e-07
1986 1.021339e-07
1987 6.101450e-08
1988 3.873986e-08
1989 2.315238e-08
1990 1.383394e-08
1991 0.000000e+00
1992 0.000000e+00
1993 0.000000e+00
1994 0.000000e+00
1995 0.000000e+00
1996 0.000000e+00
1997 0.000000e+00
1998 0.000000e+00
1999 0.000000e+00
2000 3.725983e-07
2001 3.968151e-07
2002 3.828802e-07
2003 3.232609e-07
2004 2.441211e-07
2005 1.853961e-07
2006 1.381558e-07
2007 8.257645e-08
2008 5.253300e-08
2009 3.136754e-08
2010 1.872306e-08
2011 0.000000e+00
2012 0.000000e+00
2013 0.000000e+00
2014 0.000000e+00
2015 0.000000e+00
2016 0.000000e+00
2017 0.000000e+00
2018 0.000000e+00
2019 0.000000e+00
2020 1.412104e-07
2021 1.524147e-07
2022 1.499231e-07
2023 1.294920e-07
2024 9.887148e-08
2025 7.441127e-08
2026 5.694247e-08
2027 3.422110e-08
2028 2.220302e-08
2029 1.312532e-08
2030 7.749810e-09
2031 0.000000e+00
2032 0.000000e+00
2033 0.000000e+00
2034 0.000000e+00
2035 0.000000e+00
2036 0.000000e+00
2037 0.000000e+00
2038 0.000000e+00
2039 0.000000e+00
2040 2.236935e-07
2041 2.419315e-07
2042 2.386805e-07
2043 2.069295e-07
2044 1.583563e-07
2045 1.190253e-07
2046 9.133004e-08
2047 5.515631e-08
2048 3.584014e-08
2049 2.114309e-08
2050 1.247186e-08
2051 0.000000e+00
2052 0.000000e+00
2053 0.000000e+00
2054 0.000000e+00
2055 0.000000e+00
2056 0.000000e+00
2057 0.000000e+00
2058 0.000000e+00
2059 0.000000e+00
2060 3.185266e-07
2061 3.448607e-07
2062 3.408466e-07
2063 2.960858e-07
2064 2.268544e-07
2065 1.703964e-07
2066 1.309288e-07
2067 7.922214e-08
2068 5.150641e-08
2069 3.036588e-08
2070 1.790708e-08
2071 0.000000e+00
2072 0.000000e+00
2073 0.000000e+00
2074 0.000000e+00
2075 0.000000e+00
2076 0.000000e+00
2077 0.000000e+00
2078 0.000000e+00
2079 0.000000e+00
2080 1.046561e-07
2081 1.143994e-07
2082 1.146075e-07
2083 1.013000e-07
2084 7.844167e-08
2085 5.858521e-08
2086 4.552277e-08
2087 2.811189e-08
2088 1.833594e-08
2089 1.072614e-08
2090 6.316236e-09
2091 0.000000e+00
2092 0.000000e+00
2093 0.000000e+00
2094 0.000000e+00
2095 0.000000e+00
2096 0.000000e+00
2097 0.000000e+00
2098 0.000000e+00
2099 0.000000e+00
2100 1.869947e-07
2101 2.047493e-07
2102 2.056223e-07
2103 1.823372e-07
2104 1.415431e-07
2105 1.056072e-07
2106 8.216096e-08
2107 5.103205e-08
2108 3.323378e-08
2109 1.941403e-08
2110 1.144352e-08
2111 0.000000e+00
2112 0.000000e+00
2113 0.000000e+00
2114 0.000000e+00
2115 0.000000e+00
2116 0.000000e+00
2117 0.000000e+00
2118 0.000000e+00
2119 0.000000e+00
2120 2.821829e-07
2121 3.092095e-07
2122 3.108689e-07
2123 2.760648e-07
2124 2.144849e-07
2125 1.599991e-07
2126 1.245123e-07
2127 7.753629e-08
2128 5.045834e-08
2129 2.945810e-08
2130 1.737170e-08
2131 0.000000e+00
2132 0.000000e+00
2133 0.000000e+00
2134 0.000000e+00
2135 0.000000e+00
2136 0.000000e+00
2137 0.000000e+00
2138 0.000000e+00
2139 0.000000e+00
2140 6.056601e-05
2141 4.629917e-05
2142 3.526614e-05
2143 2.579909e-05
2144 1.638024e-05
2145 1.048235e-05
2146 6.529700e-06
2147 0.000000e+00
2148 0.000000e+00
2149 0.000000e+00
2150 0.000000e+00
2151 0.000000e+00
2152 0.000000e+00
2153 0.000000e+00
2154 0.000000e+00
2155 0.000000e+00
2156 0.000000e+00
2157 0.000000e+00
2158 0.000000e+00
2159 0.000000e+00
2160 3.798424e-05
2161 3.172271e-05
2162 2.399510e-05
2163 1.829550e-05
2164 1.337765e-05
2165 8.242726e-06
2166 5.275050e-06
2167 3.258659e-06
2168 0.000000e+00
2169 0.000000e+00
2170 0.000000e+00
2171 0.000000e+00
2172 0.000000e+00
2173 0.000000e+00
2174 0.000000e+00
2175 0.000000e+00
2176 0.000000e+00
2177 0.000000e+00
2178 0.000000e+00
2179 0.000000e+00
2180 2.913235e-05
2181 2.628079e-05
2182 2.078524e-05
2183 1.552879e-05
2184 1.201378e-05
2185 7.931294e-06
2186 5.045967e-06
2187 3.070527e-06
2188 1.901492e-06
2189 0.000000e+00
2190 0.000000e+00
2191 0.000000e+00
2192 0.000000e+00
2193 0.000000e+00
2194 0.000000e+00
2195 0.000000e+00
2196 0.000000e+00
2197 0.000000e+00
2198 0.000000e+00
2199 0.000000e+00
2200 2.356745e-05
2201 2.244712e-05
2202 1.869831e-05
2203 1.406016e-05
2204 1.073644e-05
2205 7.864322e-06
2206 4.746576e-06
2207 3.009974e-06
2208 1.840286e-06
2209 0.000000e+00
2210 0.000000e+00
2211 0.000000e+00
2212 0.000000e+00
2213 0.000000e+00
2214 0.000000e+00
2215 0.000000e+00
2216 0.000000e+00
2217 0.000000e+00
2218 0.000000e+00
2219 0.000000e+00
2220 1.966919e-05
2221 1.948883e-05
2222 1.701309e-05
2223 1.308888e-05
2224 9.818731e-06
2225 7.563480e-06
2226 4.649336e-06
2227 3.035697e-06
2228 1.817968e-06
2229 1.102879e-06
2230 0.000000e+00
2231 0.000000e+00
2232 0.000000e+00
2233 0.000000e+00
2234 0.000000e+00
2235 0.000000e+00
2236 0.000000e+00
2237 0.000000e+00
2238 0.000000e+00
2239 0.000000e+00
2240 1.673009e-05
2241 1.708506e-05
2242 1.552459e-05
2243 1.230956e-05
2244 9.163633e-06
2245 7.120960e-06
2246 4.703227e-06
2247 2.980554e-06
2248 1.775623e-06
2249 1.079667e-06
2250 0.000000e+00
2251 0.000000e+00
2252 0.000000e+00
2253 0.000000e+00
2254 0.000000e+00
2255 0.000000e+00
2256 0.000000e+00
2257 0.000000e+00
2258 0.000000e+00
2259 0.000000e+00
2260 1.440132e-05
2261 1.506746e-05
2262 1.416502e-05
2263 1.160308e-05
2264 8.661522e-06
2265 6.664772e-06
2266 4.746128e-06
2267 2.863932e-06
2268 1.753588e-06
2269 1.061689e-06
2270 0.000000e+00
2271 0.000000e+00
2272 0.000000e+00
2273 0.000000e+00
2274 0.000000e+00
2275 0.000000e+00
2276 0.000000e+00
2277 0.000000e+00
2278 0.000000e+00
2279 0.000000e+00
2280 1.263523e-05
2281 1.348933e-05
2282 1.305677e-05
2283 1.104979e-05
2284 8.340026e-06
2285 6.325794e-06
2286 4.754545e-06
2287 2.810300e-06
2288 1.799175e-06
2289 1.074241e-06
2290 6.393979e-07
2291 0.000000e+00
2292 0.000000e+00
2293 0.000000e+00
2294 0.000000e+00
2295 0.000000e+00
2296 0.000000e+00
2297 0.000000e+00
2298 0.000000e+00
2299 0.000000e+00
2300 1.217123e-05
2301 1.321881e-05
2302 1.311828e-05
2303 1.145057e-05
2304 8.788957e-06
2305 6.586842e-06
2306 5.094237e-06
2307 3.077449e-06
2308 2.016528e-06
2309 1.186560e-06
2310 6.962465e-07
2311 0.000000e+00
2312 0.000000e+00
2313 0.000000e+00
2314 0.000000e+00
2315 0.000000e+00
2316 0.000000e+00
2317 0.000000e+00
2318 0.000000e+00
2319 0.000000e+00
2320 1.514726e-05
2321 1.666473e-05
2322 1.685088e-05
2323 1.507525e-05
2324 1.177068e-05
2325 8.762500e-06
2326 6.839375e-06
2327 4.308366e-06
2328 2.799280e-06
2329 1.628864e-06
2330 9.620396e-07
2331 0.000000e+00
2332 0.000000e+00
2333 0.000000e+00
2334 0.000000e+00
2335 0.000000e+00
2336 0.000000e+00
2337 0.000000e+00
2338 0.000000e+00
2339 0.000000e+00
